,id,deveui,unix_time,client_id,created_at,Status,Sensor ID,Events,Height,Voltage,Temperature,Tilt,Tx Event,Messagetype
7101,597854,70B3D50070001777,1588978718302,hi3,2020-05-09 00:58:38.485176,"['SS', 'Standalone', 'version_184']",70001777,SENS_EVENT_MEASURE,42 cm,3580 mV,18 C,0 Degree,161 Times,
7100,598089,70B3D50070001777,1588982318148,hi3,2020-05-09 01:58:38.324157,"['SS', 'Standalone', 'version_184']",70001777,SENS_EVENT_MEASURE,42 cm,3570 mV,18 C,0 Degree,162 Times,
7099,598342,70B3D50070001777,1588985917979,hi3,2020-05-09 02:58:38.154346,"['SS', 'Standalone', 'version_184']",70001777,SENS_EVENT_MEASURE,42 cm,3570 mV,18 C,0 Degree,163 Times,
7098,598592,70B3D50070001777,1588989517830,hi3,2020-05-09 03:58:38.00216,"['SS', 'Standalone', 'version_184']",70001777,SENS_EVENT_MEASURE,42 cm,3570 mV,16 C,0 Degree,164 Times,
7097,598862,70B3D50070001777,1588993117682,hi3,2020-05-09 04:58:37.846939,"['SS', 'Standalone', 'version_184']",70001777,SENS_EVENT_MEASURE,42 cm,3570 mV,15 C,0 Degree,165 Times,
7096,599119,70B3D50070001777,1588996717533,hi3,2020-05-09 05:58:37.699934,"['SS', 'Standalone', 'version_184']",70001777,SENS_EVENT_MEASURE,42 cm,3570 mV,15 C,0 Degree,166 Times,
7095,599372,70B3D50070001777,1589000317404,hi3,2020-05-09 06:58:37.561556,"['SS', 'Standalone', 'version_184']",70001777,SENS_EVENT_MEASURE,42 cm,3570 mV,13 C,0 Degree,167 Times,
7094,599622,70B3D50070001777,1589003917261,hi3,2020-05-09 07:58:37.415934,"['SS', 'Standalone', 'version_184']",70001777,SENS_EVENT_MEASURE,42 cm,3580 mV,16 C,0 Degree,168 Times,
7093,599868,70B3D50070001777,1589007517246,hi3,2020-05-09 08:58:37.397621,"['SS', 'Standalone', 'version_184']",70001777,SENS_EVENT_MEASURE,40 cm,3580 mV,16 C,0 Degree,169 Times,
7092,600115,70B3D50070001777,1589011117104,hi3,2020-05-09 09:58:37.250992,"['SS', 'Standalone', 'version_184']",70001777,SENS_EVENT_MEASURE,40 cm,3590 mV,18 C,0 Degree,170 Times,
7091,600367,70B3D50070001777,1589014716768,hi3,2020-05-09 10:58:36.913426,"['SS', 'Standalone', 'version_184']",70001777,SENS_EVENT_MEASURE,44 cm,3600 mV,23 C,0 Degree,171 Times,
7090,600611,70B3D50070001777,1589018316760,hi3,2020-05-09 11:58:36.902562,"['SS', 'Standalone', 'version_184']",70001777,SENS_EVENT_MEASURE,124 cm,3600 mV,21 C,0 Degree,172 Times,
7089,601343,70B3D50070001777,1589029116262,hi3,2020-05-09 14:58:36.394107,"['SS', 'Standalone', 'version_184']",70001777,SENS_EVENT_MEASURE,122 cm,3600 mV,19 C,0 Degree,175 Times,
7088,601607,70B3D50070001777,1589032716104,hi3,2020-05-09 15:58:36.234058,"['SS', 'Standalone', 'version_184']",70001777,SENS_EVENT_MEASURE,122 cm,3590 mV,16 C,0 Degree,176 Times,
7087,602113,70B3D50070001777,1589039915786,hi3,2020-05-09 17:58:35.907058,"['SS', 'Standalone', 'version_184']",70001777,SENS_EVENT_MEASURE,122 cm,3590 mV,16 C,0 Degree,178 Times,
7086,602389,70B3D50070001777,1589043515557,hi3,2020-05-09 18:58:35.676146,"['SS', 'Standalone', 'version_184']",70001777,SENS_EVENT_MEASURE,124 cm,3570 mV,18 C,0 Degree,179 Times,
7085,602664,70B3D50070001777,1589047117157,hi3,2020-05-09 19:58:37.330817,"['SS', 'Standalone', 'version_184']",70001777,SENS_EVENT_MEASURE,122 cm,3590 mV,18 C,1 Degree,180 Times,
7084,602922,70B3D50070001777,1589050716981,hi3,2020-05-09 20:58:37.153333,"['SS', 'Standalone', 'version_184']",70001777,SENS_EVENT_MEASURE,122 cm,3590 mV,15 C,1 Degree,181 Times,
7083,603164,70B3D50070001777,1589054316838,hi3,2020-05-09 21:58:37.005991,"['SS', 'Standalone', 'version_184']",70001777,SENS_EVENT_MEASURE,122 cm,3590 mV,16 C,0 Degree,182 Times,
7082,603409,70B3D50070001777,1589057916683,hi3,2020-05-09 22:58:36.845824,"['SS', 'Standalone', 'version_184']",70001777,SENS_EVENT_MEASURE,122 cm,3590 mV,16 C,0 Degree,183 Times,
7081,603663,70B3D50070001777,1589061516534,hi3,2020-05-09 23:58:36.693587,"['SS', 'Standalone', 'version_184']",70001777,SENS_EVENT_MEASURE,122 cm,3590 mV,15 C,1 Degree,184 Times,
7080,603912,70B3D50070001777,1589065116405,hi3,2020-05-10 00:58:36.562047,"['SS', 'Standalone', 'version_184']",70001777,SENS_EVENT_MEASURE,122 cm,3580 mV,14 C,0 Degree,185 Times,
7079,604163,70B3D50070001777,1589068716236,hi3,2020-05-10 01:58:36.390978,"['SS', 'Standalone', 'version_184']",70001777,SENS_EVENT_MEASURE,122 cm,3580 mV,15 C,0 Degree,186 Times,
7078,604418,70B3D50070001777,1589072316093,hi3,2020-05-10 02:58:36.242738,"['SS', 'Standalone', 'version_184']",70001777,SENS_EVENT_MEASURE,124 cm,3580 mV,16 C,0 Degree,187 Times,
7077,604685,70B3D50070001777,1589075915959,hi3,2020-05-10 03:58:36.103678,"['SS', 'Standalone', 'version_184']",70001777,SENS_EVENT_MEASURE,124 cm,3580 mV,15 C,0 Degree,188 Times,
7076,604955,70B3D50070001777,1589079515810,hi3,2020-05-10 04:58:35.951278,"['SS', 'Standalone', 'version_184']",70001777,SENS_EVENT_MEASURE,122 cm,3580 mV,15 C,0 Degree,189 Times,
7075,605236,70B3D50070001777,1589083115681,hi3,2020-05-10 05:58:35.82384,"['SS', 'Standalone', 'version_184']",70001777,SENS_EVENT_MEASURE,124 cm,3580 mV,15 C,0 Degree,190 Times,
7074,605499,70B3D50070001777,1589086715552,hi3,2020-05-10 06:58:35.699218,"['SS', 'Standalone', 'version_184']",70001777,SENS_EVENT_MEASURE,122 cm,3580 mV,14 C,0 Degree,191 Times,
7073,605991,70B3D50070001777,1589093915234,hi3,2020-05-10 08:58:35.360966,"['SS', 'Standalone', 'version_184']",70001777,SENS_EVENT_MEASURE,124 cm,3590 mV,16 C,0 Degree,193 Times,
7072,606251,70B3D50070001777,1589097515091,hi3,2020-05-10 09:58:35.215373,"['SS', 'Standalone', 'version_184']",70001777,SENS_EVENT_MEASURE,124 cm,3610 mV,23 C,0 Degree,194 Times,
7071,606502,70B3D50070001777,1589101114897,hi3,2020-05-10 10:58:35.016772,"['SS', 'Standalone', 'version_184']",70001777,SENS_EVENT_MEASURE,122 cm,3620 mV,25 C,0 Degree,195 Times,
7070,606762,70B3D50070001777,1589104714728,hi3,2020-05-10 11:58:34.843767,"['SS', 'Standalone', 'version_184']",70001777,SENS_EVENT_MEASURE,124 cm,3630 mV,29 C,0 Degree,196 Times,
7069,607275,70B3D50070001777,1589111914270,hi3,2020-05-10 13:58:34.378938,"['SS', 'Standalone', 'version_184']",70001777,SENS_EVENT_MEASURE,124 cm,3630 mV,35 C,0 Degree,198 Times,
7068,607525,70B3D50070001777,1589115514201,hi3,2020-05-10 14:58:34.30782,"['SS', 'Standalone', 'version_184']",70001777,SENS_EVENT_MEASURE,124 cm,3620 mV,28 C,0 Degree,199 Times,
7067,607782,70B3D50070001777,1589119114012,hi3,2020-05-10 15:58:34.115418,"['SS', 'Standalone', 'version_184']",70001777,SENS_EVENT_MEASURE,122 cm,3620 mV,25 C,0 Degree,200 Times,
7066,608028,70B3D50070001777,1589122713763,hi3,2020-05-10 16:58:33.861048,"['SS', 'Standalone', 'version_184']",70001777,SENS_EVENT_MEASURE,122 cm,3620 mV,26 C,0 Degree,201 Times,
7065,608285,70B3D50070001777,1589126313678,hi3,2020-05-10 17:58:33.773327,"['SS', 'Standalone', 'version_184']",70001777,SENS_EVENT_MEASURE,124 cm,3610 mV,29 C,0 Degree,202 Times,
7064,608538,70B3D50070001777,1589129913485,hi3,2020-05-10 18:58:33.578957,"['SS', 'Standalone', 'version_184']",70001777,SENS_EVENT_MEASURE,124 cm,3610 mV,25 C,0 Degree,203 Times,
7063,608808,70B3D50070001777,1589133514958,hi3,2020-05-10 19:58:35.148865,"['SS', 'Standalone', 'version_184']",70001777,SENS_EVENT_MEASURE,124 cm,3600 mV,20 C,0 Degree,204 Times,
7062,609337,70B3D50070001777,1589140714640,hi3,2020-05-10 21:58:34.82548,"['SS', 'Standalone', 'version_184']",70001777,SENS_EVENT_MEASURE,128 cm,3590 mV,16 C,0 Degree,206 Times,
7061,609603,70B3D50070001777,1589144314497,hi3,2020-05-10 22:58:34.677714,"['SS', 'Standalone', 'version_184']",70001777,SENS_EVENT_MEASURE,128 cm,3590 mV,14 C,0 Degree,207 Times,
7060,609851,70B3D50070001777,1589147914342,hi3,2020-05-10 23:58:34.51909,"['SS', 'Standalone', 'version_184']",70001777,SENS_EVENT_MEASURE,128 cm,3590 mV,16 C,0 Degree,208 Times,
7059,610107,70B3D50070001777,1589151514193,hi3,2020-05-11 00:58:34.366985,"['SS', 'Standalone', 'version_184']",70001777,SENS_EVENT_MEASURE,128 cm,3590 mV,15 C,0 Degree,209 Times,
7058,610377,70B3D50070001777,1589155114044,hi3,2020-05-11 01:58:34.213904,"['SS', 'Standalone', 'version_184']",70001777,SENS_EVENT_MEASURE,128 cm,3580 mV,15 C,1 Degree,210 Times,
7057,610626,70B3D50070001777,1589158713895,hi3,2020-05-11 02:58:34.061679,"['SS', 'Standalone', 'version_184']",70001777,SENS_EVENT_MEASURE,128 cm,3580 mV,16 C,0 Degree,211 Times,
7056,610891,70B3D50070001777,1589162313786,hi3,2020-05-11 03:58:33.948236,"['SS', 'Standalone', 'version_184']",70001777,SENS_EVENT_MEASURE,128 cm,3580 mV,14 C,0 Degree,212 Times,
7055,611162,70B3D50070001777,1589165913677,hi3,2020-05-11 04:58:33.834606,"['SS', 'Standalone', 'version_184']",70001777,SENS_EVENT_MEASURE,128 cm,3570 mV,14 C,0 Degree,213 Times,
7054,611445,70B3D50070001777,1589169513548,hi3,2020-05-11 05:58:33.708672,"['SS', 'Standalone', 'version_184']",70001777,SENS_EVENT_MEASURE,128 cm,3570 mV,13 C,0 Degree,214 Times,
7053,611977,70B3D50070001777,1589176713316,hi3,2020-05-11 07:58:33.467952,"['SS', 'Standalone', 'version_184']",70001777,SENS_EVENT_MEASURE,124 cm,3560 mV,9 C,0 Degree,216 Times,
7052,612245,70B3D50070001777,1589180313208,hi3,2020-05-11 08:58:33.354952,"['SS', 'Standalone', 'version_184']",70001777,SENS_EVENT_MEASURE,126 cm,3550 mV,11 C,0 Degree,217 Times,
7051,612506,70B3D50070001777,1589183913093,hi3,2020-05-11 09:58:33.233026,"['SS', 'Standalone', 'version_184']",70001777,SENS_EVENT_MEASURE,126 cm,3550 mV,8 C,1 Degree,218 Times,
7050,612748,70B3D50070001777,1589187513004,hi3,2020-05-11 10:58:33.140403,"['SS', 'Standalone', 'version_184']",70001777,SENS_EVENT_MEASURE,122 cm,3550 mV,8 C,0 Degree,219 Times,
7049,613013,70B3D50070001777,1589191112895,hi3,2020-05-11 11:58:33.028965,"['SS', 'Standalone', 'version_184']",70001777,SENS_EVENT_MEASURE,122 cm,3550 mV,7 C,0 Degree,220 Times,
7048,613271,70B3D50070001777,1589194712806,hi3,2020-05-11 12:58:32.934553,"['SS', 'Standalone', 'version_184']",70001777,SENS_EVENT_MEASURE,122 cm,3550 mV,7 C,0 Degree,221 Times,
7047,613542,70B3D50070001777,1589198312697,hi3,2020-05-11 13:58:32.822968,"['SS', 'Standalone', 'version_184']",70001777,SENS_EVENT_MEASURE,122 cm,3560 mV,10 C,1 Degree,222 Times,
7046,614066,70B3D50070001777,1589205512500,hi3,2020-05-11 15:58:32.61736,"['SS', 'Standalone', 'version_184']",70001777,SENS_EVENT_MEASURE,124 cm,3560 mV,11 C,0 Degree,224 Times,
7045,614594,70B3D50070001777,1589212712262,hi3,2020-05-11 17:58:32.373461,"['SS', 'Standalone', 'version_184']",70001777,SENS_EVENT_MEASURE,122 cm,3570 mV,10 C,0 Degree,226 Times,
7044,614837,70B3D50070001777,1589216312153,hi3,2020-05-11 18:58:32.259787,"['SS', 'Standalone', 'version_184']",70001777,SENS_EVENT_MEASURE,116 cm,3570 mV,12 C,0 Degree,227 Times,
7043,615328,70B3D50070001777,1589223513553,hi3,2020-05-11 20:58:33.743848,"['SS', 'Standalone', 'version_184']",70001777,SENS_EVENT_MEASURE,112 cm,3570 mV,11 C,0 Degree,229 Times,
7042,615584,70B3D50070001777,1589227113424,hi3,2020-05-11 21:58:33.611254,"['SS', 'Standalone', 'version_184']",70001777,SENS_EVENT_MEASURE,112 cm,3570 mV,11 C,0 Degree,230 Times,
7041,616085,70B3D50070001777,1589234313226,hi3,2020-05-11 23:58:33.405685,"['SS', 'Standalone', 'version_184']",70001777,SENS_EVENT_MEASURE,112 cm,3560 mV,10 C,0 Degree,232 Times,
7040,616334,70B3D50070001777,1589237913137,hi3,2020-05-12 00:58:33.313797,"['SS', 'Standalone', 'version_184']",70001777,SENS_EVENT_MEASURE,112 cm,3560 mV,9 C,0 Degree,233 Times,
7039,616604,70B3D50070001777,1589241513050,hi3,2020-05-12 01:58:33.222798,"['SS', 'Standalone', 'version_184']",70001777,SENS_EVENT_MEASURE,112 cm,3550 mV,6 C,0 Degree,234 Times,
7038,616862,70B3D50070001777,1589245112959,hi3,2020-05-12 02:58:33.128647,"['SS', 'Standalone', 'version_184']",70001777,SENS_EVENT_MEASURE,112 cm,3550 mV,8 C,0 Degree,235 Times,
7037,617395,70B3D50070001777,1589252312802,hi3,2020-05-12 04:58:32.96606,"['SS', 'Standalone', 'version_184']",70001777,SENS_EVENT_MEASURE,112 cm,3550 mV,8 C,0 Degree,237 Times,
7036,617690,70B3D50070001777,1589255917713,hi3,2020-05-12 05:58:37.876522,"['SS', 'Standalone', 'version_184']",70001777,SENS_EVENT_MEASURE,112 cm,3550 mV,6 C,0 Degree,238 Times,
7035,617973,70B3D50070001777,1589259512650,hi3,2020-05-12 06:58:32.804149,"['SS', 'Standalone', 'version_184']",70001777,SENS_EVENT_MEASURE,112 cm,3550 mV,7 C,0 Degree,239 Times,
7034,618262,70B3D50070001777,1589263112555,hi3,2020-05-12 07:58:32.707099,"['SS', 'Standalone', 'version_184']",70001777,SENS_EVENT_MEASURE,116 cm,3560 mV,8 C,0 Degree,240 Times,
7033,618523,70B3D50070001777,1589266712367,hi3,2020-05-12 08:58:32.513372,"['SS', 'Standalone', 'version_184']",70001777,SENS_EVENT_MEASURE,114 cm,3600 mV,17 C,0 Degree,241 Times,
7032,618781,70B3D50070001777,1589270312198,hi3,2020-05-12 09:58:32.340936,"['SS', 'Standalone', 'version_184']",70001777,SENS_EVENT_MEASURE,114 cm,3620 mV,27 C,0 Degree,242 Times,
7031,619056,70B3D50070001777,1589273911869,hi3,2020-05-12 10:58:32.011224,"['SS', 'Standalone', 'version_184']",70001777,SENS_EVENT_MEASURE,114 cm,3630 mV,30 C,1 Degree,243 Times,
7030,619339,70B3D50070001777,1589277511840,hi3,2020-05-12 11:58:31.97901,"['SS', 'Standalone', 'version_184']",70001777,SENS_EVENT_MEASURE,112 cm,3630 mV,28 C,0 Degree,244 Times,
7029,619631,70B3D50070001777,1589281111555,hi3,2020-05-12 12:58:31.689112,"['SS', 'Standalone', 'version_184']",70001777,SENS_EVENT_MEASURE,112 cm,3630 mV,28 C,0 Degree,245 Times,
7028,619906,70B3D50070001777,1589284711542,hi3,2020-05-12 13:58:31.67079,"['SS', 'Standalone', 'version_184']",70001777,SENS_EVENT_MEASURE,114 cm,3640 mV,35 C,0 Degree,246 Times,
7027,620187,70B3D50070001777,1589288311233,hi3,2020-05-12 14:58:31.359448,"['SS', 'Standalone', 'version_184']",70001777,SENS_EVENT_MEASURE,116 cm,3620 mV,23 C,0 Degree,247 Times,
7026,620480,70B3D50070001777,1589291911144,hi3,2020-05-12 15:58:31.265563,"['SS', 'Standalone', 'version_184']",70001777,SENS_EVENT_MEASURE,110 cm,3610 mV,20 C,0 Degree,248 Times,
7025,620756,70B3D50070001777,1589295510976,hi3,2020-05-12 16:58:31.094486,"['SS', 'Standalone', 'version_184']",70001777,SENS_EVENT_MEASURE,108 cm,3600 mV,16 C,0 Degree,249 Times,
7024,621045,70B3D50070001777,1589299110847,hi3,2020-05-12 17:58:30.96153,"['SS', 'Standalone', 'version_184']",70001777,SENS_EVENT_MEASURE,110 cm,3590 mV,15 C,0 Degree,250 Times,
7023,621306,70B3D50070001777,1589302710618,hi3,2020-05-12 18:58:30.730413,"['SS', 'Standalone', 'version_184']",70001777,SENS_EVENT_MEASURE,110 cm,3590 mV,15 C,0 Degree,251 Times,
7022,621573,70B3D50070001777,1589306312257,hi3,2020-05-12 19:58:32.448904,"['SS', 'Standalone', 'version_184']",70001777,SENS_EVENT_MEASURE,106 cm,3580 mV,15 C,0 Degree,252 Times,
7021,621838,70B3D50070001777,1589309912096,hi3,2020-05-12 20:58:32.284372,"['SS', 'Standalone', 'version_184']",70001777,SENS_EVENT_MEASURE,104 cm,3580 mV,13 C,0 Degree,253 Times,
7020,622116,70B3D50070001777,1589313511967,hi3,2020-05-12 21:58:32.152878,"['SS', 'Standalone', 'version_184']",70001777,SENS_EVENT_MEASURE,104 cm,3570 mV,12 C,0 Degree,254 Times,
7019,622385,70B3D50070001777,1589317111858,hi3,2020-05-12 22:58:32.039112,"['SS', 'Standalone', 'version_184']",70001777,SENS_EVENT_MEASURE,106 cm,3570 mV,11 C,1 Degree,255 Times,
7018,622662,70B3D50070001777,1589320711733,hi3,2020-05-12 23:58:31.910626,"['SS', 'Standalone', 'version_184']",70001777,SENS_EVENT_MEASURE,106 cm,3560 mV,13 C,0 Degree,0 Times,
7017,622941,70B3D50070001777,1589324311620,hi3,2020-05-13 00:58:31.794359,"['SS', 'Standalone', 'version_184']",70001777,SENS_EVENT_MEASURE,106 cm,3560 mV,11 C,0 Degree,1 Times,
7016,623224,70B3D50070001777,1589327911512,hi3,2020-05-13 01:58:31.684903,"['SS', 'Standalone', 'version_184']",70001777,SENS_EVENT_MEASURE,110 cm,3560 mV,10 C,0 Degree,2 Times,
7015,623519,70B3D50070001777,1589331511404,hi3,2020-05-13 02:58:31.570676,"['SS', 'Standalone', 'version_184']",70001777,SENS_EVENT_MEASURE,110 cm,3550 mV,9 C,0 Degree,3 Times,
7014,623803,70B3D50070001777,1589335111294,hi3,2020-05-13 03:58:31.457445,"['SS', 'Standalone', 'version_184']",70001777,SENS_EVENT_MEASURE,106 cm,3550 mV,9 C,0 Degree,4 Times,
7013,624100,70B3D50070001777,1589338711205,hi3,2020-05-13 04:58:31.363475,"['SS', 'Standalone', 'version_184']",70001777,SENS_EVENT_MEASURE,114 cm,3550 mV,8 C,0 Degree,5 Times,
7012,624404,70B3D50070001777,1589342311096,hi3,2020-05-13 05:58:31.254115,"['SS', 'Standalone', 'version_184']",70001777,SENS_EVENT_MEASURE,98 cm,3550 mV,8 C,0 Degree,6 Times,
7011,624694,70B3D50070001777,1589345910867,hi3,2020-05-13 06:58:31.019293,"['SS', 'Standalone', 'version_184']",70001777,SENS_EVENT_MEASURE,98 cm,3550 mV,9 C,0 Degree,7 Times,
7010,624987,70B3D50070001777,1589349510899,hi3,2020-05-13 07:58:31.049802,"['SS', 'Standalone', 'version_184']",70001777,SENS_EVENT_MEASURE,110 cm,3560 mV,11 C,0 Degree,8 Times,
7009,625274,70B3D50070001777,1589353110710,hi3,2020-05-13 08:58:30.855845,"['SS', 'Standalone', 'version_184']",70001777,SENS_EVENT_MEASURE,106 cm,3600 mV,20 C,0 Degree,9 Times,
7008,625549,70B3D50070001777,1589356710501,hi3,2020-05-13 09:58:30.641765,"['SS', 'Standalone', 'version_184']",70001777,SENS_EVENT_MEASURE,108 cm,3620 mV,29 C,0 Degree,10 Times,
7007,625813,70B3D50070001777,1589360310356,hi3,2020-05-13 10:58:30.492249,"['SS', 'Standalone', 'version_184']",70001777,SENS_EVENT_MEASURE,104 cm,3620 mV,25 C,0 Degree,11 Times,
7006,626083,70B3D50070001777,1589363910183,hi3,2020-05-13 11:58:30.317573,"['SS', 'Standalone', 'version_184']",70001777,SENS_EVENT_MEASURE,104 cm,3640 mV,34 C,0 Degree,12 Times,
7005,626364,70B3D50070001777,1589367509994,hi3,2020-05-13 12:58:30.125543,"['SS', 'Standalone', 'version_184']",70001777,SENS_EVENT_MEASURE,96 cm,3640 mV,36 C,0 Degree,13 Times,
7004,626940,70B3D50070001777,1589374709576,hi3,2020-05-13 14:58:29.70255,"['SS', 'Standalone', 'version_184']",70001777,SENS_EVENT_MEASURE,96 cm,3620 mV,23 C,1 Degree,15 Times,
7003,627228,70B3D50070001777,1589378309411,hi3,2020-05-13 15:58:29.536178,"['SS', 'Standalone', 'version_184']",70001777,SENS_EVENT_MEASURE,96 cm,3610 mV,24 C,1 Degree,16 Times,
7002,627485,70B3D50070001777,1589381909319,hi3,2020-05-13 16:58:29.435561,"['SS', 'Standalone', 'version_184']",70001777,SENS_EVENT_MEASURE,98 cm,3610 mV,20 C,0 Degree,17 Times,
7001,627736,70B3D50070001777,1589385509070,hi3,2020-05-13 17:58:29.183778,"['SS', 'Standalone', 'version_184']",70001777,SENS_EVENT_MEASURE,94 cm,3610 mV,20 C,0 Degree,18 Times,
7000,628217,70B3D50070001777,1589392710554,hi3,2020-05-13 19:58:30.729012,"['SS', 'Standalone', 'version_184']",70001777,SENS_EVENT_MEASURE,94 cm,3600 mV,16 C,0 Degree,20 Times,
6999,628467,70B3D50070001777,1589396310425,hi3,2020-05-13 20:58:30.597857,"['SS', 'Standalone', 'version_184']",70001777,SENS_EVENT_MEASURE,94 cm,3590 mV,15 C,0 Degree,21 Times,
6998,628700,70B3D50070001777,1589399910276,hi3,2020-05-13 21:58:30.443858,"['SS', 'Standalone', 'version_184']",70001777,SENS_EVENT_MEASURE,94 cm,3580 mV,15 C,0 Degree,22 Times,
6997,628950,70B3D50070001777,1589403510147,hi3,2020-05-13 22:58:30.338833,"['SS', 'Standalone', 'version_184']",70001777,SENS_EVENT_MEASURE,98 cm,3570 mV,13 C,0 Degree,23 Times,
6996,629192,70B3D50070001777,1589407110022,hi3,2020-05-13 23:58:30.185242,"['SS', 'Standalone', 'version_184']",70001777,SENS_EVENT_MEASURE,96 cm,3570 mV,15 C,0 Degree,24 Times,
6995,629437,70B3D50070001777,1589410709890,hi3,2020-05-14 00:58:30.047658,"['SS', 'Standalone', 'version_184']",70001777,SENS_EVENT_MEASURE,98 cm,3570 mV,12 C,0 Degree,25 Times,
6994,629654,70B3D50070001777,1589414309764,hi3,2020-05-14 01:58:29.91664,"['SS', 'Standalone', 'version_184']",70001777,SENS_EVENT_MEASURE,96 cm,3560 mV,10 C,0 Degree,26 Times,
6993,629899,70B3D50070001777,1589417909655,hi3,2020-05-14 02:58:29.804992,"['SS', 'Standalone', 'version_184']",70001777,SENS_EVENT_MEASURE,98 cm,3560 mV,11 C,0 Degree,27 Times,
6992,630143,70B3D50070001777,1589421509523,hi3,2020-05-14 03:58:29.66839,"['SS', 'Standalone', 'version_184']",70001777,SENS_EVENT_MEASURE,96 cm,3550 mV,11 C,0 Degree,28 Times,
6991,630396,70B3D50070001777,1589425109414,hi3,2020-05-14 04:58:29.55547,"['SS', 'Standalone', 'version_184']",70001777,SENS_EVENT_MEASURE,96 cm,3550 mV,8 C,0 Degree,29 Times,
6990,630651,70B3D50070001777,1589428709325,hi3,2020-05-14 05:58:30.222676,"['SS', 'Standalone', 'version_184']",70001777,SENS_EVENT_MEASURE,98 cm,3550 mV,9 C,0 Degree,30 Times,
6989,630895,70B3D50070001777,1589432309220,hi3,2020-05-14 06:58:29.35355,"['SS', 'Standalone', 'version_184']",70001777,SENS_EVENT_MEASURE,98 cm,3550 mV,10 C,0 Degree,31 Times,
6988,631148,70B3D50070001777,1589435909108,hi3,2020-05-14 07:58:29.238053,"['SS', 'Standalone', 'version_184']",70001777,SENS_EVENT_MEASURE,100 cm,3560 mV,11 C,0 Degree,32 Times,
6987,631464,70B3D50070001777,1589439508919,hi3,2020-05-14 08:58:29.046386,"['SS', 'Standalone', 'version_184']",70001777,SENS_EVENT_MEASURE,94 cm,3590 mV,17 C,1 Degree,33 Times,
6986,631738,70B3D50070001777,1589443108670,hi3,2020-05-14 09:58:28.793484,"['SS', 'Standalone', 'version_184']",70001777,SENS_EVENT_MEASURE,96 cm,3610 mV,23 C,0 Degree,34 Times,
6985,632007,70B3D50070001777,1589446708482,hi3,2020-05-14 10:58:28.600686,"['SS', 'Standalone', 'version_184']",70001777,SENS_EVENT_MEASURE,96 cm,3620 mV,21 C,0 Degree,35 Times,
6984,632282,70B3D50070001777,1589450308293,hi3,2020-05-14 11:58:28.409898,"['SS', 'Standalone', 'version_184']",70001777,SENS_EVENT_MEASURE,94 cm,3630 mV,25 C,1 Degree,36 Times,
6983,632545,70B3D50070001777,1589453908123,hi3,2020-05-14 12:58:28.235481,"['SS', 'Standalone', 'version_184']",70001777,SENS_EVENT_MEASURE,94 cm,3630 mV,32 C,0 Degree,37 Times,
6982,632825,70B3D50070001777,1589457508055,hi3,2020-05-14 13:58:28.163266,"['SS', 'Standalone', 'version_184']",70001777,SENS_EVENT_MEASURE,94 cm,3640 mV,32 C,0 Degree,38 Times,
6981,633098,70B3D50070001777,1589461107766,hi3,2020-05-14 14:58:27.870036,"['SS', 'Standalone', 'version_184']",70001777,SENS_EVENT_MEASURE,92 cm,3610 mV,23 C,0 Degree,39 Times,
6980,633368,70B3D50070001777,1589464707717,hi3,2020-05-14 15:58:27.81933,"['SS', 'Standalone', 'version_184']",70001777,SENS_EVENT_MEASURE,86 cm,3610 mV,22 C,0 Degree,40 Times,
6979,633632,70B3D50070001777,1589468307548,hi3,2020-05-14 16:58:27.649569,"['SS', 'Standalone', 'version_184']",70001777,SENS_EVENT_MEASURE,86 cm,3610 mV,20 C,0 Degree,41 Times,
6978,633888,70B3D50070001777,1589471907379,hi3,2020-05-14 17:58:27.477092,"['SS', 'Standalone', 'version_184']",70001777,SENS_EVENT_MEASURE,86 cm,3600 mV,17 C,0 Degree,42 Times,
6977,634147,70B3D50070001777,1589475507210,hi3,2020-05-14 18:58:27.300024,"['SS', 'Standalone', 'version_184']",70001777,SENS_EVENT_MEASURE,88 cm,3600 mV,18 C,1 Degree,43 Times,
6976,634381,70B3D50070001777,1589479108606,hi3,2020-05-14 19:58:28.797424,"['SS', 'Standalone', 'version_184']",70001777,SENS_EVENT_MEASURE,86 cm,3590 mV,15 C,2 Degree,44 Times,
6975,634612,70B3D50070001777,1589482708597,hi3,2020-05-14 20:58:28.786083,"['SS', 'Standalone', 'version_184']",70001777,SENS_EVENT_MEASURE,86 cm,3590 mV,15 C,0 Degree,45 Times,
6974,635080,70B3D50070001777,1589489908343,hi3,2020-05-14 22:58:28.523893,"['SS', 'Standalone', 'version_184']",70001777,SENS_EVENT_MEASURE,86 cm,3570 mV,12 C,0 Degree,47 Times,
6973,635319,70B3D50070001777,1589493508251,hi3,2020-05-14 23:58:28.428193,"['SS', 'Standalone', 'version_184']",70001777,SENS_EVENT_MEASURE,86 cm,3570 mV,13 C,1 Degree,48 Times,
6972,635559,70B3D50070001777,1589497107962,hi3,2020-05-15 00:58:28.135569,"['SS', 'Standalone', 'version_184']",70001777,SENS_EVENT_MEASURE,86 cm,3560 mV,13 C,0 Degree,49 Times,
6971,635794,70B3D50070001777,1589500708013,hi3,2020-05-15 01:58:28.186228,"['SS', 'Standalone', 'version_184']",70001777,SENS_EVENT_MEASURE,86 cm,3560 mV,13 C,0 Degree,50 Times,
6970,636035,70B3D50070001777,1589504307864,hi3,2020-05-15 02:58:28.030276,"['SS', 'Standalone', 'version_184']",70001777,SENS_EVENT_MEASURE,84 cm,3560 mV,9 C,0 Degree,51 Times,
6969,636279,70B3D50070001777,1589507907737,hi3,2020-05-15 03:58:27.899891,"['SS', 'Standalone', 'version_184']",70001777,SENS_EVENT_MEASURE,86 cm,3560 mV,10 C,0 Degree,52 Times,
6968,636513,70B3D50070001777,1589511507626,hi3,2020-05-15 04:58:27.785767,"['SS', 'Standalone', 'version_184']",70001777,SENS_EVENT_MEASURE,84 cm,3560 mV,8 C,0 Degree,53 Times,
6967,636776,70B3D50070001777,1589515107538,hi3,2020-05-15 05:58:27.69723,"['SS', 'Standalone', 'version_184']",70001777,SENS_EVENT_MEASURE,84 cm,3550 mV,10 C,0 Degree,54 Times,
6966,637021,70B3D50070001777,1589518707429,hi3,2020-05-15 06:58:27.581707,"['SS', 'Standalone', 'version_184']",70001777,SENS_EVENT_MEASURE,84 cm,3550 mV,9 C,0 Degree,55 Times,
6965,637291,70B3D50070001777,1589522307140,hi3,2020-05-15 07:58:27.287455,"['SS', 'Standalone', 'version_184']",70001777,SENS_EVENT_MEASURE,84 cm,3560 mV,12 C,0 Degree,56 Times,
6964,637797,70B3D50070001777,1589529506943,hi3,2020-05-15 09:58:27.082992,"['SS', 'Standalone', 'version_184']",70001777,SENS_EVENT_MEASURE,84 cm,3630 mV,27 C,0 Degree,58 Times,
6963,638058,70B3D50070001777,1589533106676,hi3,2020-05-15 10:58:26.81429,"['SS', 'Standalone', 'version_184']",70001777,SENS_EVENT_MEASURE,84 cm,3630 mV,30 C,0 Degree,59 Times,
6962,639163,70B3D50070001777,1589547506018,hi3,2020-05-15 14:58:26.140371,"['SS', 'Standalone', 'version_184']",70001777,SENS_EVENT_MEASURE,84 cm,3610 mV,24 C,0 Degree,63 Times,
6961,639438,70B3D50070001777,1589551105950,hi3,2020-05-15 15:58:26.068074,"['SS', 'Standalone', 'version_184']",70001777,SENS_EVENT_MEASURE,74 cm,3600 mV,16 C,0 Degree,64 Times,
6960,639699,70B3D50070001777,1589554705821,hi3,2020-05-15 16:58:25.935784,"['SS', 'Standalone', 'version_184']",70001777,SENS_EVENT_MEASURE,74 cm,3600 mV,14 C,1 Degree,65 Times,
6959,639939,70B3D50070001777,1589558305672,hi3,2020-05-15 17:58:25.784954,"['SS', 'Standalone', 'version_184']",70001777,SENS_EVENT_MEASURE,76 cm,3590 mV,17 C,1 Degree,66 Times,
6958,648627,70B3D50070001777,1589738283148,hi3,2020-05-17 19:58:03.346512,"['SS', 'Standalone', 'version_184']",70001777,SENS_EVENT_MEASURE,60 cm,3590 mV,21 C,0 Degree,116 Times,
6957,648899,70B3D50070001777,1589741883135,hi3,2020-05-17 20:58:03.330978,"['SS', 'Standalone', 'version_184']",70001777,SENS_EVENT_MEASURE,58 cm,3580 mV,18 C,0 Degree,117 Times,
6956,649156,70B3D50070001777,1589745482826,hi3,2020-05-17 21:58:03.018262,"['SS', 'Standalone', 'version_184']",70001777,SENS_EVENT_MEASURE,52 cm,3580 mV,16 C,0 Degree,118 Times,
6955,649427,70B3D50070001777,1589749082677,hi3,2020-05-17 22:58:02.866462,"['SS', 'Standalone', 'version_184']",70001777,SENS_EVENT_MEASURE,50 cm,3570 mV,14 C,0 Degree,119 Times,
6954,649697,70B3D50070001777,1589752682529,hi3,2020-05-17 23:58:02.712891,"['SS', 'Standalone', 'version_184']",70001777,SENS_EVENT_MEASURE,50 cm,3570 mV,16 C,0 Degree,120 Times,
6953,649961,70B3D50070001777,1589756282380,hi3,2020-05-18 00:58:02.560496,"['SS', 'Standalone', 'version_184']",70001777,SENS_EVENT_MEASURE,50 cm,3570 mV,14 C,0 Degree,121 Times,
6952,650230,70B3D50070001777,1589759882234,hi3,2020-05-18 01:58:02.412568,"['SS', 'Standalone', 'version_184']",70001777,SENS_EVENT_MEASURE,50 cm,3570 mV,13 C,0 Degree,122 Times,
6951,650494,70B3D50070001777,1589763482102,hi3,2020-05-18 02:58:02.276476,"['SS', 'Standalone', 'version_184']",70001777,SENS_EVENT_MEASURE,50 cm,3560 mV,15 C,1 Degree,123 Times,
6950,650771,70B3D50070001777,1589767081973,hi3,2020-05-18 03:58:02.146369,"['SS', 'Standalone', 'version_184']",70001777,SENS_EVENT_MEASURE,50 cm,3560 mV,15 C,0 Degree,124 Times,
6949,651051,70B3D50070001777,1589770681844,hi3,2020-05-18 04:58:02.016358,"['SS', 'Standalone', 'version_184']",70001777,SENS_EVENT_MEASURE,50 cm,3560 mV,11 C,0 Degree,125 Times,
6948,651338,70B3D50070001777,1589774281655,hi3,2020-05-18 05:58:02.073086,"['SS', 'Standalone', 'version_184']",70001777,SENS_EVENT_MEASURE,50 cm,3550 mV,11 C,0 Degree,126 Times,
6947,651626,70B3D50070001777,1589777881536,hi3,2020-05-18 06:58:01.702321,"['SS', 'Standalone', 'version_184']",70001777,SENS_EVENT_MEASURE,50 cm,3560 mV,12 C,0 Degree,127 Times,
6946,651940,70B3D50070001777,1589781481618,hi3,2020-05-18 07:58:01.774176,"['SS', 'Standalone', 'version_184']",70001777,SENS_EVENT_MEASURE,60 cm,3570 mV,13 C,0 Degree,128 Times,
6945,652219,70B3D50070001777,1589785081251,hi3,2020-05-18 08:58:01.403378,"['SS', 'Standalone', 'version_184']",70001777,SENS_EVENT_MEASURE,56 cm,3610 mV,25 C,0 Degree,129 Times,
6944,652520,70B3D50070001777,1589788681080,hi3,2020-05-18 09:58:01.229036,"['SS', 'Standalone', 'version_184']",70001777,SENS_EVENT_MEASURE,54 cm,3630 mV,32 C,0 Degree,130 Times,
6943,652813,70B3D50070001777,1589792280911,hi3,2020-05-18 10:58:01.054395,"['SS', 'Standalone', 'version_184']",70001777,SENS_EVENT_MEASURE,52 cm,3640 mV,38 C,0 Degree,131 Times,
6942,653352,70B3D50070001777,1589799480598,hi3,2020-05-18 12:58:00.734589,"['SS', 'Standalone', 'version_184']",70001777,SENS_EVENT_MEASURE,60 cm,3640 mV,42 C,0 Degree,133 Times,
6941,653620,70B3D50070001777,1589803080445,hi3,2020-05-18 13:58:00.578053,"['SS', 'Standalone', 'version_184']",70001777,SENS_EVENT_MEASURE,52 cm,3640 mV,42 C,0 Degree,134 Times,
6940,653886,70B3D50070001777,1589806680461,hi3,2020-05-18 14:58:00.590891,"['SS', 'Standalone', 'version_184']",70001777,SENS_EVENT_MEASURE,42 cm,3620 mV,28 C,0 Degree,135 Times,
6939,654181,70B3D50070001777,1589810280106,hi3,2020-05-18 15:58:00.232397,"['SS', 'Standalone', 'version_184']",70001777,SENS_EVENT_MEASURE,48 cm,3620 mV,25 C,0 Degree,136 Times,
6938,654458,70B3D50070001777,1589813879942,hi3,2020-05-18 16:58:00.064259,"['SS', 'Standalone', 'version_184']",70001777,SENS_EVENT_MEASURE,48 cm,3610 mV,25 C,0 Degree,137 Times,
6937,654727,70B3D50070001777,1589817479749,hi3,2020-05-18 17:57:59.875504,"['SS', 'Standalone', 'version_184']",70001777,SENS_EVENT_MEASURE,42 cm,3610 mV,26 C,0 Degree,138 Times,
6936,655009,70B3D50070001777,1589821079640,hi3,2020-05-18 18:57:59.755336,"['SS', 'Standalone', 'version_184']",70001777,SENS_EVENT_MEASURE,40 cm,3600 mV,23 C,0 Degree,139 Times,
6935,655302,70B3D50070001777,1589824681098,hi3,2020-05-18 19:58:01.295881,"['SS', 'Standalone', 'version_184']",70001777,SENS_EVENT_MEASURE,40 cm,3600 mV,23 C,0 Degree,140 Times,
6934,655578,70B3D50070001777,1589828280929,hi3,2020-05-18 20:58:01.123448,"['SS', 'Standalone', 'version_184']",70001777,SENS_EVENT_MEASURE,44 cm,3600 mV,20 C,0 Degree,141 Times,
6933,655859,70B3D50070001777,1589831880760,hi3,2020-05-18 21:58:00.950419,"['SS', 'Standalone', 'version_184']",70001777,SENS_EVENT_MEASURE,56 cm,3590 mV,20 C,0 Degree,142 Times,
6932,656942,70B3D50070001777,1589846280124,hi3,2020-05-19 01:58:00.299477,"['SS', 'Standalone', 'version_184']",70001777,SENS_EVENT_MEASURE,40 cm,3580 mV,17 C,0 Degree,146 Times,
6931,657218,70B3D50070001777,1589849879975,hi3,2020-05-19 02:58:00.14663,"['SS', 'Standalone', 'version_184']",70001777,SENS_EVENT_MEASURE,38 cm,3580 mV,14 C,0 Degree,147 Times,
6930,657517,70B3D50070001777,1589853479814,hi3,2020-05-19 03:57:59.98167,"['SS', 'Standalone', 'version_184']",70001777,SENS_EVENT_MEASURE,40 cm,3570 mV,15 C,0 Degree,148 Times,
6929,657795,70B3D50070001777,1589857079678,hi3,2020-05-19 04:57:59.841202,"['SS', 'Standalone', 'version_184']",70001777,SENS_EVENT_MEASURE,38 cm,3570 mV,14 C,0 Degree,149 Times,
6928,658084,70B3D50070001777,1589860679529,hi3,2020-05-19 05:57:59.68858,"['SS', 'Standalone', 'version_184']",70001777,SENS_EVENT_MEASURE,40 cm,3570 mV,13 C,0 Degree,150 Times,
6927,658359,70B3D50070001777,1589864279380,hi3,2020-05-19 06:58:00.020079,"['SS', 'Standalone', 'version_184']",70001777,SENS_EVENT_MEASURE,38 cm,3570 mV,13 C,0 Degree,151 Times,
6926,658645,70B3D50070001777,1589867879255,hi3,2020-05-19 07:57:59.411149,"['SS', 'Standalone', 'version_184']",70001777,SENS_EVENT_MEASURE,38 cm,3580 mV,15 C,0 Degree,152 Times,
6925,658922,70B3D50070001777,1589871479083,hi3,2020-05-19 08:57:59.234075,"['SS', 'Standalone', 'version_184']",70001777,SENS_EVENT_MEASURE,42 cm,3620 mV,28 C,0 Degree,153 Times,
6924,659195,70B3D50070001777,1589875078893,hi3,2020-05-19 09:57:59.040725,"['SS', 'Standalone', 'version_184']",70001777,SENS_EVENT_MEASURE,38 cm,3640 mV,36 C,0 Degree,154 Times,
6923,659755,70B3D50070001777,1589882278636,hi3,2020-05-19 11:57:58.774582,"['SS', 'Standalone', 'version_184']",70001777,SENS_EVENT_MEASURE,42 cm,3640 mV,49 C,0 Degree,156 Times,
6922,660035,70B3D50070001777,1589885878527,hi3,2020-05-19 12:57:58.661619,"['SS', 'Standalone', 'version_184']",70001777,SENS_EVENT_MEASURE,44 cm,3640 mV,50 C,0 Degree,157 Times,
6921,660272,70B3D50070001777,1589889478441,hi3,2020-05-19 13:57:58.573916,"['SS', 'Standalone', 'version_184']",70001777,SENS_EVENT_MEASURE,40 cm,3640 mV,48 C,0 Degree,158 Times,
6920,660490,70B3D50070001777,1589893078310,hi3,2020-05-19 14:57:58.437324,"['SS', 'Standalone', 'version_184']",70001777,SENS_EVENT_MEASURE,40 cm,3630 mV,32 C,0 Degree,159 Times,
6919,660708,70B3D50070001777,1589896678120,hi3,2020-05-19 15:57:58.243614,"['SS', 'Standalone', 'version_184']",70001777,SENS_EVENT_MEASURE,40 cm,3620 mV,28 C,0 Degree,160 Times,
6918,660939,70B3D50070001777,1589900277951,hi3,2020-05-19 16:57:58.071871,"['SS', 'Standalone', 'version_184']",70001777,SENS_EVENT_MEASURE,36 cm,3610 mV,29 C,1 Degree,161 Times,
6917,661182,70B3D50070001777,1589903877767,hi3,2020-05-19 17:57:57.883367,"['SS', 'Standalone', 'version_184']",70001777,SENS_EVENT_MEASURE,34 cm,3610 mV,26 C,0 Degree,162 Times,
6916,661413,70B3D50070001777,1589907477597,hi3,2020-05-19 18:57:57.709693,"['SS', 'Standalone', 'version_184']",70001777,SENS_EVENT_MEASURE,34 cm,3610 mV,27 C,0 Degree,163 Times,
6915,661648,70B3D50070001777,1589911079080,hi3,2020-05-19 19:57:59.27341,"['SS', 'Standalone', 'version_184']",70001777,SENS_EVENT_MEASURE,32 cm,3600 mV,23 C,0 Degree,164 Times,
6914,661875,70B3D50070001777,1589914678891,hi3,2020-05-19 20:57:59.083243,"['SS', 'Standalone', 'version_184']",70001777,SENS_EVENT_MEASURE,32 cm,3600 mV,25 C,0 Degree,165 Times,
6913,662111,70B3D50070001777,1589918278722,hi3,2020-05-19 21:57:58.909218,"['SS', 'Standalone', 'version_184']",70001777,SENS_EVENT_MEASURE,28 cm,3600 mV,23 C,0 Degree,166 Times,
6912,662326,70B3D50070001777,1589921878553,hi3,2020-05-19 22:57:58.737529,"['SS', 'Standalone', 'version_184']",70001777,SENS_EVENT_MEASURE,28 cm,3590 mV,21 C,0 Degree,167 Times,
6911,662562,70B3D50070001777,1589925478384,hi3,2020-05-19 23:57:58.569303,"['SS', 'Standalone', 'version_184']",70001777,SENS_EVENT_MEASURE,28 cm,3590 mV,20 C,0 Degree,168 Times,
6910,662805,70B3D50070001777,1589929078355,hi3,2020-05-20 00:57:58.53383,"['SS', 'Standalone', 'version_184']",70001777,SENS_EVENT_MEASURE,28 cm,3590 mV,19 C,0 Degree,169 Times,
6909,663039,70B3D50070001777,1589932678167,hi3,2020-05-20 01:57:58.339712,"['SS', 'Standalone', 'version_184']",70001777,SENS_EVENT_MEASURE,28 cm,3590 mV,19 C,0 Degree,170 Times,
6908,663278,70B3D50070001777,1589936278021,hi3,2020-05-20 02:57:58.190469,"['SS', 'Standalone', 'version_184']",70001777,SENS_EVENT_MEASURE,28 cm,3590 mV,19 C,0 Degree,171 Times,
6907,663519,70B3D50070001777,1589939877849,hi3,2020-05-20 03:57:58.014238,"['SS', 'Standalone', 'version_184']",70001777,SENS_EVENT_MEASURE,28 cm,3590 mV,18 C,0 Degree,172 Times,
6906,663768,70B3D50070001777,1589943477679,hi3,2020-05-20 04:57:57.841708,"['SS', 'Standalone', 'version_184']",70001777,SENS_EVENT_MEASURE,28 cm,3590 mV,18 C,0 Degree,173 Times,
6905,664011,70B3D50070001777,1589947077510,hi3,2020-05-20 05:57:57.667955,"['SS', 'Standalone', 'version_184']",70001777,SENS_EVENT_MEASURE,28 cm,3590 mV,17 C,0 Degree,174 Times,
6904,664271,70B3D50070001777,1589950677362,hi3,2020-05-20 06:57:57.519662,"['SS', 'Standalone', 'version_184']",70001777,SENS_EVENT_MEASURE,28 cm,3590 mV,17 C,1 Degree,175 Times,
6903,664517,70B3D50070001777,1589954277193,hi3,2020-05-20 07:57:57.343347,"['SS', 'Standalone', 'version_184']",70001777,SENS_EVENT_MEASURE,28 cm,3600 mV,22 C,0 Degree,176 Times,
6902,664772,70B3D50070001777,1589957877026,hi3,2020-05-20 08:57:57.17623,"['SS', 'Standalone', 'version_184']",70001777,SENS_EVENT_MEASURE,26 cm,3610 mV,26 C,0 Degree,177 Times,
6901,665007,70B3D50070001777,1589961476875,hi3,2020-05-20 09:57:57.02209,"['SS', 'Standalone', 'version_184']",70001777,SENS_EVENT_MEASURE,18 cm,3630 mV,32 C,0 Degree,178 Times,
6900,665280,70B3D50070001777,1589965076706,hi3,2020-05-20 10:57:56.848015,"['SS', 'Standalone', 'version_184']",70001777,SENS_EVENT_MEASURE,18 cm,3630 mV,35 C,0 Degree,179 Times,
6899,665520,70B3D50070001777,1589968676518,hi3,2020-05-20 11:57:56.653612,"['SS', 'Standalone', 'version_184']",70001777,SENS_EVENT_MEASURE,20 cm,3640 mV,40 C,0 Degree,180 Times,
6898,665762,70B3D50070001777,1589972276389,hi3,2020-05-20 12:57:56.525336,"['SS', 'Standalone', 'version_184']",70001777,SENS_EVENT_MEASURE,20 cm,3640 mV,41 C,0 Degree,181 Times,
6897,666006,70B3D50070001777,1589975876160,hi3,2020-05-20 13:57:56.286686,"['SS', 'Standalone', 'version_184']",70001777,SENS_EVENT_MEASURE,20 cm,3640 mV,44 C,0 Degree,182 Times,
6896,666247,70B3D50070001777,1589979475991,hi3,2020-05-20 14:57:56.116969,"['SS', 'Standalone', 'version_184']",70001777,SENS_EVENT_MEASURE,24 cm,3620 mV,32 C,1 Degree,183 Times,
6895,666248,70B3D50070001777,1589979475991,async_test_fes_200520,2020-05-20 14:57:56.118422,"['SS', 'Standalone', 'version_184']",70001777,SENS_EVENT_MEASURE,24 cm,3620 mV,32 C,1 Degree,183 Times,
6894,666489,70B3D50070001777,1589983075802,FES Receiver,2020-05-20 15:57:55.923341,"['SS', 'Standalone', 'version_184']",70001777,SENS_EVENT_MEASURE,20 cm,3610 mV,27 C,0 Degree,184 Times,
6893,666733,70B3D50070001777,1589986675633,FES Receiver,2020-05-20 16:57:55.750654,"['SS', 'Standalone', 'version_184']",70001777,SENS_EVENT_MEASURE,20 cm,3610 mV,26 C,0 Degree,185 Times,
6892,666961,70B3D50070001777,1589990275467,FES Receiver,2020-05-20 17:57:55.580822,"['SS', 'Standalone', 'version_184']",70001777,SENS_EVENT_MEASURE,20 cm,3610 mV,27 C,0 Degree,186 Times,
6891,667191,70B3D50070001777,1589993875275,FES Receiver,2020-05-20 18:57:55.385893,"['SS', 'Standalone', 'version_184']",70001777,SENS_EVENT_MEASURE,20 cm,3610 mV,23 C,0 Degree,187 Times,
6890,667427,70B3D50070001777,1589997476757,FES Receiver,2020-05-20 19:57:56.956501,"['SS', 'Standalone', 'version_184']",70001777,SENS_EVENT_MEASURE,16 cm,3600 mV,23 C,0 Degree,188 Times,
6889,667908,70B3D50070001777,1590004676419,FES Receiver,2020-05-20 21:57:56.609227,"['SS', 'Standalone', 'version_184']",70001777,SENS_EVENT_MEASURE,16 cm,3590 mV,21 C,0 Degree,190 Times,
6888,668124,70B3D50070001777,1590008276250,FES Receiver,2020-05-20 22:57:56.436903,"['SS', 'Standalone', 'version_184']",70001777,SENS_EVENT_MEASURE,16 cm,3590 mV,18 C,0 Degree,191 Times,
6887,668352,70B3D50070001777,1590011876081,FES Receiver,2020-05-20 23:57:56.264022,"['SS', 'Standalone', 'version_184']",70001777,SENS_EVENT_MEASURE,16 cm,3590 mV,18 C,0 Degree,192 Times,
6886,668574,70B3D50070001777,1590015475932,FES Receiver,2020-05-21 00:57:56.111165,"['SS', 'Standalone', 'version_184']",70001777,SENS_EVENT_MEASURE,16 cm,3590 mV,15 C,0 Degree,193 Times,
6885,668806,70B3D50070001777,1590019075787,FES Receiver,2020-05-21 01:57:55.962888,"['SS', 'Standalone', 'version_184']",70001777,SENS_EVENT_MEASURE,16 cm,3580 mV,18 C,1 Degree,194 Times,
6884,669042,70B3D50070001777,1590022675614,FES Receiver,2020-05-21 02:57:55.792298,"['SS', 'Standalone', 'version_184']",70001777,SENS_EVENT_MEASURE,16 cm,3580 mV,17 C,0 Degree,195 Times,
6883,669295,70B3D50070001777,1590026275426,FES Receiver,2020-05-21 03:57:55.593954,"['SS', 'Standalone', 'version_184']",70001777,SENS_EVENT_MEASURE,16 cm,3580 mV,14 C,0 Degree,196 Times,
6882,669549,70B3D50070001777,1590029875257,FES Receiver,2020-05-21 04:57:55.419297,"['SS', 'Standalone', 'version_184']",70001777,SENS_EVENT_MEASURE,16 cm,3580 mV,14 C,0 Degree,197 Times,
6881,669817,70B3D50070001777,1590033475108,FES Receiver,2020-05-21 05:57:56.243936,"['SS', 'Standalone', 'version_184']",70001777,SENS_EVENT_MEASURE,16 cm,3580 mV,16 C,0 Degree,198 Times,
6880,670056,70B3D50070001777,1590037074979,FES Receiver,2020-05-21 06:57:55.148904,"['SS', 'Standalone', 'version_184']",70001777,SENS_EVENT_MEASURE,16 cm,3580 mV,13 C,0 Degree,199 Times,
6879,670312,70B3D50070001777,1590040674830,FES Receiver,2020-05-21 07:57:54.982146,"['SS', 'Standalone', 'version_184']",70001777,SENS_EVENT_MEASURE,16 cm,3590 mV,15 C,0 Degree,200 Times,
6878,670574,70B3D50070001777,1590044274665,FES Receiver,2020-05-21 08:57:54.812295,"['SS', 'Standalone', 'version_184']",70001777,SENS_EVENT_MEASURE,16 cm,3620 mV,25 C,0 Degree,201 Times,
6877,670815,70B3D50070001777,1590047874492,FES Receiver,2020-05-21 09:57:54.636642,"['SS', 'Standalone', 'version_184']",70001777,SENS_EVENT_MEASURE,16 cm,3640 mV,36 C,0 Degree,202 Times,
6876,671059,70B3D50070001777,1590051474323,FES Receiver,2020-05-21 10:57:54.464565,"['SS', 'Standalone', 'version_184']",70001777,SENS_EVENT_MEASURE,20 cm,3640 mV,40 C,0 Degree,203 Times,
6875,671303,70B3D50070001777,1590055074194,FES Receiver,2020-05-21 11:57:54.336797,"['SS', 'Standalone', 'version_184']",70001777,SENS_EVENT_MEASURE,24 cm,3640 mV,46 C,1 Degree,204 Times,
6874,671526,70B3D50070001777,1590058674088,FES Receiver,2020-05-21 12:57:54.226825,"['SS', 'Standalone', 'version_184']",70001777,SENS_EVENT_MEASURE,24 cm,3640 mV,47 C,0 Degree,205 Times,
6873,672719,70B3D50070001777,1590076673283,FES Receiver,2020-05-21 17:57:53.401143,"['SS', 'Standalone', 'version_184']",70001777,SENS_EVENT_MEASURE,16 cm,3610 mV,27 C,0 Degree,210 Times,
6872,673657,70B3D50070001777,1590091074309,FES Receiver,2020-05-21 21:57:54.460217,"['SS', 'Standalone', 'version_184']",70001777,SENS_EVENT_MEASURE,14 cm,3590 mV,24 C,0 Degree,214 Times,
6871,673907,70B3D50070001777,1590094674136,FES Receiver,2020-05-21 22:57:54.289489,"['SS', 'Standalone', 'version_184']",70001777,SENS_EVENT_MEASURE,14 cm,3590 mV,21 C,0 Degree,215 Times,
6870,674145,70B3D50070001777,1590098273967,FES Receiver,2020-05-21 23:57:54.110766,"['SS', 'Standalone', 'version_184']",70001777,SENS_EVENT_MEASURE,14 cm,3590 mV,20 C,0 Degree,216 Times,
6869,674630,70B3D50070001777,1590105473629,FES Receiver,2020-05-22 01:57:53.767227,"['SS', 'Standalone', 'version_184']",70001777,SENS_EVENT_MEASURE,14 cm,3580 mV,18 C,1 Degree,218 Times,
6868,674858,70B3D50070001777,1590109073480,FES Receiver,2020-05-22 02:57:53.613078,"['SS', 'Standalone', 'version_184']",70001777,SENS_EVENT_MEASURE,14 cm,3580 mV,19 C,0 Degree,219 Times,
6867,675101,70B3D50070001777,1590112673312,FES Receiver,2020-05-22 03:57:53.44117,"['SS', 'Standalone', 'version_184']",70001777,SENS_EVENT_MEASURE,14 cm,3580 mV,20 C,0 Degree,220 Times,
6866,675337,70B3D50070001777,1590116273163,FES Receiver,2020-05-22 04:57:53.289892,"['SS', 'Standalone', 'version_184']",70001777,SENS_EVENT_MEASURE,14 cm,3580 mV,18 C,0 Degree,221 Times,
6865,675591,70B3D50070001777,1590119872994,FES Receiver,2020-05-22 05:57:53.117301,"['SS', 'Standalone', 'version_184']",70001777,SENS_EVENT_MEASURE,14 cm,3580 mV,16 C,0 Degree,222 Times,
6864,675855,70B3D50070001777,1590123472845,FES Receiver,2020-05-22 06:57:53.469148,"['SS', 'Standalone', 'version_184']",70001777,SENS_EVENT_MEASURE,16 cm,3580 mV,17 C,0 Degree,223 Times,
6863,676138,70B3D50070001777,1590127072696,FES Receiver,2020-05-22 07:57:52.809678,"['SS', 'Standalone', 'version_184']",70001777,SENS_EVENT_MEASURE,16 cm,3590 mV,21 C,0 Degree,224 Times,
6862,676395,70B3D50070001777,1590130672507,FES Receiver,2020-05-22 08:57:52.622443,"['SS', 'Standalone', 'version_184']",70001777,SENS_EVENT_MEASURE,16 cm,3610 mV,27 C,0 Degree,225 Times,
6861,676653,70B3D50070001777,1590134272338,FES Receiver,2020-05-22 09:57:52.449717,"['SS', 'Standalone', 'version_184']",70001777,SENS_EVENT_MEASURE,16 cm,3620 mV,25 C,0 Degree,226 Times,
6860,677156,70B3D50070001777,1590141471983,FES Receiver,2020-05-22 11:57:52.08963,"['SS', 'Standalone', 'version_184']",70001777,SENS_EVENT_MEASURE,16 cm,3620 mV,28 C,0 Degree,228 Times,
6859,677409,70B3D50070001777,1590145071811,FES Receiver,2020-05-22 12:57:51.912546,"['SS', 'Standalone', 'version_184']",70001777,SENS_EVENT_MEASURE,10 cm,3630 mV,29 C,0 Degree,229 Times,
6858,677884,70B3D50070001777,1590152271453,FES Receiver,2020-05-22 14:57:51.545929,"['SS', 'Standalone', 'version_184']",70001777,SENS_EVENT_MEASURE,16 cm,3620 mV,28 C,0 Degree,231 Times,
6857,678129,70B3D50070001777,1590155871265,FES Receiver,2020-05-22 15:57:51.354878,"['SS', 'Standalone', 'version_184']",70001777,SENS_EVENT_MEASURE,12 cm,3620 mV,28 C,0 Degree,232 Times,
6856,678380,70B3D50070001777,1590159471095,FES Receiver,2020-05-22 16:57:51.1778,"['SS', 'Standalone', 'version_184']",70001777,SENS_EVENT_MEASURE,12 cm,3620 mV,28 C,0 Degree,233 Times,
6855,678602,70B3D50070001777,1590163071086,FES Receiver,2020-05-22 17:57:51.166132,"['SS', 'Standalone', 'version_184']",70001777,SENS_EVENT_MEASURE,122 cm,3620 mV,28 C,0 Degree,234 Times,
6854,679091,70B3D50070001777,1590170272347,FES Receiver,2020-05-22 19:57:52.519136,"['SS', 'Standalone', 'version_184']",70001777,SENS_EVENT_MEASURE,122 cm,3610 mV,25 C,0 Degree,236 Times,
6853,679845,70B3D50070001777,1590181071820,FES Receiver,2020-05-22 22:57:51.981249,"['SS', 'Standalone', 'version_184']",70001777,SENS_EVENT_MEASURE,122 cm,3600 mV,19 C,0 Degree,239 Times,
6852,680089,70B3D50070001777,1590184671651,FES Receiver,2020-05-22 23:57:51.807488,"['SS', 'Standalone', 'version_184']",70001777,SENS_EVENT_MEASURE,122 cm,3600 mV,18 C,0 Degree,240 Times,
6851,680547,70B3D50070001777,1590191871332,FES Receiver,2020-05-23 01:57:51.483646,"['SS', 'Standalone', 'version_184']",70001777,SENS_EVENT_MEASURE,122 cm,3590 mV,16 C,0 Degree,242 Times,
6850,680801,70B3D50070001777,1590195471183,FES Receiver,2020-05-23 02:57:51.329634,"['SS', 'Standalone', 'version_184']",70001777,SENS_EVENT_MEASURE,122 cm,3590 mV,16 C,0 Degree,243 Times,
6849,681063,70B3D50070001777,1590199071014,FES Receiver,2020-05-23 03:57:51.15753,"['SS', 'Standalone', 'version_184']",70001777,SENS_EVENT_MEASURE,122 cm,3590 mV,15 C,0 Degree,244 Times,
6848,681829,70B3D50070001777,1590209870567,FES Receiver,2020-05-23 06:57:50.70641,"['SS', 'Standalone', 'version_184']",70001777,SENS_EVENT_MEASURE,122 cm,3590 mV,15 C,1 Degree,247 Times,
6847,682081,70B3D50070001777,1590213470418,FES Receiver,2020-05-23 07:57:50.545654,"['SS', 'Standalone', 'version_184']",70001777,SENS_EVENT_MEASURE,130 cm,3590 mV,15 C,0 Degree,248 Times,
6846,682342,70B3D50070001777,1590217070269,FES Receiver,2020-05-23 08:57:50.396332,"['SS', 'Standalone', 'version_184']",70001777,SENS_EVENT_MEASURE,122 cm,3590 mV,15 C,0 Degree,249 Times,
6845,682589,70B3D50070001777,1590220670100,FES Receiver,2020-05-23 09:57:50.220746,"['SS', 'Standalone', 'version_184']",70001777,SENS_EVENT_MEASURE,122 cm,3600 mV,15 C,0 Degree,250 Times,
6844,682832,70B3D50070001777,1590224269952,FES Receiver,2020-05-23 10:57:50.070722,"['SS', 'Standalone', 'version_184']",70001777,SENS_EVENT_MEASURE,122 cm,3600 mV,17 C,0 Degree,251 Times,
6843,683074,70B3D50070001777,1590227869806,FES Receiver,2020-05-23 11:57:49.920649,"['SS', 'Standalone', 'version_184']",70001777,SENS_EVENT_MEASURE,122 cm,3600 mV,17 C,0 Degree,252 Times,
6842,683322,70B3D50070001777,1590231469635,FES Receiver,2020-05-23 12:57:49.746364,"['SS', 'Standalone', 'version_184']",70001777,SENS_EVENT_MEASURE,130 cm,3590 mV,16 C,0 Degree,253 Times,
6841,683568,70B3D50070001777,1590235069484,FES Receiver,2020-05-23 13:57:49.593528,"['SS', 'Standalone', 'version_184']",70001777,SENS_EVENT_MEASURE,122 cm,3600 mV,16 C,0 Degree,254 Times,
6840,683801,70B3D50070001777,1590238669335,FES Receiver,2020-05-23 14:57:49.439856,"['SS', 'Standalone', 'version_184']",70001777,SENS_EVENT_MEASURE,126 cm,3600 mV,17 C,0 Degree,255 Times,
6839,684033,70B3D50070001777,1590242269186,FES Receiver,2020-05-23 15:57:49.285913,"['SS', 'Standalone', 'version_184']",70001777,SENS_EVENT_MEASURE,124 cm,3610 mV,18 C,0 Degree,0 Times,
6838,684282,70B3D50070001777,1590245869017,FES Receiver,2020-05-23 16:57:49.113398,"['SS', 'Standalone', 'version_184']",70001777,SENS_EVENT_MEASURE,122 cm,3610 mV,20 C,0 Degree,1 Times,
6837,684515,70B3D50070001777,1590249468848,FES Receiver,2020-05-23 17:57:48.945651,"['SS', 'Standalone', 'version_184']",70001777,SENS_EVENT_MEASURE,126 cm,3610 mV,19 C,0 Degree,2 Times,
6836,684750,70B3D50070001777,1590253068679,FES Receiver,2020-05-23 18:57:48.77529,"['SS', 'Standalone', 'version_184']",70001777,SENS_EVENT_MEASURE,120 cm,3610 mV,18 C,0 Degree,3 Times,
6835,684987,70B3D50070001777,1590256670194,FES Receiver,2020-05-23 19:57:50.361315,"['SS', 'Standalone', 'version_184']",70001777,SENS_EVENT_MEASURE,112 cm,3600 mV,17 C,0 Degree,4 Times,
6834,685223,70B3D50070001777,1590260270035,FES Receiver,2020-05-23 20:57:50.197568,"['SS', 'Standalone', 'version_184']",70001777,SENS_EVENT_MEASURE,112 cm,3600 mV,16 C,0 Degree,5 Times,
6833,685449,70B3D50070001777,1590263869876,FES Receiver,2020-05-23 21:57:50.038533,"['SS', 'Standalone', 'version_184']",70001777,SENS_EVENT_MEASURE,112 cm,3590 mV,14 C,0 Degree,6 Times,
6832,685682,70B3D50070001777,1590267469807,FES Receiver,2020-05-23 22:57:49.963035,"['SS', 'Standalone', 'version_184']",70001777,SENS_EVENT_MEASURE,110 cm,3590 mV,13 C,0 Degree,7 Times,
6831,685939,70B3D50070001777,1590271069658,FES Receiver,2020-05-23 23:57:49.810797,"['SS', 'Standalone', 'version_184']",70001777,SENS_EVENT_MEASURE,112 cm,3580 mV,15 C,0 Degree,8 Times,
6830,686197,70B3D50070001777,1590274669529,FES Receiver,2020-05-24 00:57:49.678303,"['SS', 'Standalone', 'version_184']",70001777,SENS_EVENT_MEASURE,120 cm,3580 mV,13 C,1 Degree,9 Times,
6829,686433,70B3D50070001777,1590278269400,FES Receiver,2020-05-24 01:57:49.545524,"['SS', 'Standalone', 'version_184']",70001777,SENS_EVENT_MEASURE,118 cm,3580 mV,13 C,0 Degree,10 Times,
6828,686699,70B3D50070001777,1590281869271,FES Receiver,2020-05-24 02:57:49.413628,"['SS', 'Standalone', 'version_184']",70001777,SENS_EVENT_MEASURE,118 cm,3580 mV,12 C,0 Degree,11 Times,
6827,687440,70B3D50070001777,1590292668884,FES Receiver,2020-05-24 05:57:49.014325,"['SS', 'Standalone', 'version_184']",70001777,SENS_EVENT_MEASURE,118 cm,3580 mV,11 C,0 Degree,14 Times,
6826,687705,70B3D50070001777,1590296268776,FES Receiver,2020-05-24 06:57:48.912821,"['SS', 'Standalone', 'version_184']",70001777,SENS_EVENT_MEASURE,118 cm,3580 mV,14 C,1 Degree,15 Times,
6825,687968,70B3D50070001777,1590299868607,FES Receiver,2020-05-24 07:57:48.730522,"['SS', 'Standalone', 'version_184']",70001777,SENS_EVENT_MEASURE,114 cm,3590 mV,14 C,0 Degree,16 Times,
6824,688224,70B3D50070001777,1590303468418,FES Receiver,2020-05-24 08:57:48.53745,"['SS', 'Standalone', 'version_184']",70001777,SENS_EVENT_MEASURE,124 cm,3610 mV,20 C,1 Degree,17 Times,
6823,688453,70B3D50070001777,1590307068249,FES Receiver,2020-05-24 09:57:48.365155,"['SS', 'Standalone', 'version_184']",70001777,SENS_EVENT_MEASURE,124 cm,3630 mV,28 C,0 Degree,18 Times,
6822,688705,70B3D50070001777,1590310668060,FES Receiver,2020-05-24 10:57:48.173125,"['SS', 'Standalone', 'version_184']",70001777,SENS_EVENT_MEASURE,120 cm,3630 mV,30 C,0 Degree,19 Times,
6821,688952,70B3D50070001777,1590314267895,FES Receiver,2020-05-24 11:57:48.004793,"['SS', 'Standalone', 'version_184']",70001777,SENS_EVENT_MEASURE,120 cm,3630 mV,28 C,0 Degree,20 Times,
6820,689185,70B3D50070001777,1590317867722,FES Receiver,2020-05-24 12:57:47.829932,"['SS', 'Standalone', 'version_184']",70001777,SENS_EVENT_MEASURE,120 cm,3640 mV,32 C,0 Degree,21 Times,
6819,689635,70B3D50070001777,1590325067364,FES Receiver,2020-05-24 14:57:47.463633,"['SS', 'Standalone', 'version_184']",70001777,SENS_EVENT_MEASURE,116 cm,3630 mV,25 C,1 Degree,23 Times,
6818,689866,70B3D50070001777,1590328667175,FES Receiver,2020-05-24 15:57:47.272088,"['SS', 'Standalone', 'version_184']",70001777,SENS_EVENT_MEASURE,118 cm,3620 mV,23 C,0 Degree,24 Times,
6817,690112,70B3D50070001777,1590332267006,FES Receiver,2020-05-24 16:57:47.099133,"['SS', 'Standalone', 'version_184']",70001777,SENS_EVENT_MEASURE,120 cm,3610 mV,22 C,0 Degree,25 Times,
6816,690346,70B3D50070001777,1590335866837,FES Receiver,2020-05-24 17:57:46.925687,"['SS', 'Standalone', 'version_184']",70001777,SENS_EVENT_MEASURE,120 cm,3610 mV,20 C,0 Degree,26 Times,
6815,690587,70B3D50070001777,1590339466672,FES Receiver,2020-05-24 18:57:46.756388,"['SS', 'Standalone', 'version_184']",70001777,SENS_EVENT_MEASURE,112 cm,3600 mV,16 C,0 Degree,27 Times,
6814,690817,70B3D50070001777,1590343068155,FES Receiver,2020-05-24 19:57:48.340322,"['SS', 'Standalone', 'version_184']",70001777,SENS_EVENT_MEASURE,116 cm,3600 mV,15 C,0 Degree,28 Times,
6813,691050,70B3D50070001777,1590346667982,FES Receiver,2020-05-24 20:57:48.166803,"['SS', 'Standalone', 'version_184']",70001777,SENS_EVENT_MEASURE,114 cm,3590 mV,17 C,0 Degree,29 Times,
6812,691299,70B3D50070001777,1590350267833,FES Receiver,2020-05-24 21:57:48.015221,"['SS', 'Standalone', 'version_184']",70001777,SENS_EVENT_MEASURE,112 cm,3590 mV,15 C,1 Degree,30 Times,
6811,691530,70B3D50070001777,1590353867684,FES Receiver,2020-05-24 22:57:47.858887,"['SS', 'Standalone', 'version_184']",70001777,SENS_EVENT_MEASURE,114 cm,3590 mV,15 C,0 Degree,31 Times,
6810,691761,70B3D50070001777,1590357467535,FES Receiver,2020-05-24 23:57:47.705872,"['SS', 'Standalone', 'version_184']",70001777,SENS_EVENT_MEASURE,114 cm,3590 mV,16 C,0 Degree,32 Times,
6809,692223,70B3D50070001777,1590364667257,FES Receiver,2020-05-25 01:57:47.421798,"['SS', 'Standalone', 'version_184']",70001777,SENS_EVENT_MEASURE,114 cm,3590 mV,15 C,0 Degree,34 Times,
6808,692466,70B3D50070001777,1590368267112,FES Receiver,2020-05-25 02:57:47.271153,"['SS', 'Standalone', 'version_184']",70001777,SENS_EVENT_MEASURE,114 cm,3590 mV,15 C,0 Degree,35 Times,
6807,692717,70B3D50070001777,1590371866943,FES Receiver,2020-05-25 03:57:47.100663,"['SS', 'Standalone', 'version_184']",70001777,SENS_EVENT_MEASURE,114 cm,3590 mV,15 C,0 Degree,36 Times,
6806,692973,70B3D50070001777,1590375466810,FES Receiver,2020-05-25 04:57:46.9637,"['SS', 'Standalone', 'version_184']",70001777,SENS_EVENT_MEASURE,114 cm,3590 mV,15 C,0 Degree,37 Times,
6805,693217,70B3D50070001777,1590379066642,FES Receiver,2020-05-25 05:57:46.790525,"['SS', 'Standalone', 'version_184']",70001777,SENS_EVENT_MEASURE,112 cm,3590 mV,14 C,0 Degree,38 Times,
6804,693495,70B3D50070001777,1590382666512,FES Receiver,2020-05-25 06:57:47.235083,"['SS', 'Standalone', 'version_184']",70001777,SENS_EVENT_MEASURE,114 cm,3590 mV,15 C,0 Degree,39 Times,
6803,693792,70B3D50070001777,1590386266267,FES Receiver,2020-05-25 07:57:46.409295,"['SS', 'Standalone', 'version_184']",70001777,SENS_EVENT_MEASURE,116 cm,3600 mV,15 C,0 Degree,40 Times,
6802,694059,70B3D50070001777,1590389866195,FES Receiver,2020-05-25 08:57:46.33492,"['SS', 'Standalone', 'version_184']",70001777,SENS_EVENT_MEASURE,108 cm,3610 mV,20 C,0 Degree,41 Times,
6801,694309,70B3D50070001777,1590393466026,FES Receiver,2020-05-25 09:57:46.160357,"['SS', 'Standalone', 'version_184']",70001777,SENS_EVENT_MEASURE,106 cm,3610 mV,22 C,0 Degree,42 Times,
6800,694811,70B3D50070001777,1590400665688,FES Receiver,2020-05-25 11:57:45.817258,"['SS', 'Standalone', 'version_184']",70001777,SENS_EVENT_MEASURE,102 cm,3630 mV,27 C,1 Degree,44 Times,
6799,695053,70B3D50070001777,1590404265499,FES Receiver,2020-05-25 12:57:45.624338,"['SS', 'Standalone', 'version_184']",70001777,SENS_EVENT_MEASURE,104 cm,3630 mV,30 C,0 Degree,45 Times,
6798,695288,70B3D50070001777,1590407865330,FES Receiver,2020-05-25 13:57:45.451648,"['SS', 'Standalone', 'version_184']",70001777,SENS_EVENT_MEASURE,104 cm,3630 mV,31 C,0 Degree,46 Times,
6797,695521,70B3D50070001777,1590411465141,FES Receiver,2020-05-25 14:57:45.259444,"['SS', 'Standalone', 'version_184']",70001777,SENS_EVENT_MEASURE,104 cm,3630 mV,26 C,0 Degree,47 Times,
6796,695766,70B3D50070001777,1590415064972,FES Receiver,2020-05-25 15:57:45.087443,"['SS', 'Standalone', 'version_184']",70001777,SENS_EVENT_MEASURE,104 cm,3620 mV,23 C,1 Degree,48 Times,
6795,696010,70B3D50070001777,1590418664803,FES Receiver,2020-05-25 16:57:44.914636,"['SS', 'Standalone', 'version_184']",70001777,SENS_EVENT_MEASURE,104 cm,3620 mV,25 C,0 Degree,49 Times,
6794,696522,70B3D50070001777,1590425864445,FES Receiver,2020-05-25 18:57:44.552775,"['SS', 'Standalone', 'version_184']",70001777,SENS_EVENT_MEASURE,98 cm,3610 mV,21 C,0 Degree,51 Times,
6793,696773,70B3D50070001777,1590429465929,FES Receiver,2020-05-25 19:57:46.116178,"['SS', 'Standalone', 'version_184']",70001777,SENS_EVENT_MEASURE,100 cm,3610 mV,22 C,0 Degree,52 Times,
6792,697008,70B3D50070001777,1590433065760,FES Receiver,2020-05-25 20:57:45.944266,"['SS', 'Standalone', 'version_184']",70001777,SENS_EVENT_MEASURE,100 cm,3600 mV,20 C,0 Degree,53 Times,
6791,697240,70B3D50070001777,1590436665592,FES Receiver,2020-05-25 21:57:45.772346,"['SS', 'Standalone', 'version_184']",70001777,SENS_EVENT_MEASURE,104 cm,3600 mV,16 C,0 Degree,54 Times,
6790,697490,70B3D50070001777,1590440265442,FES Receiver,2020-05-25 22:57:45.618584,"['SS', 'Standalone', 'version_184']",70001777,SENS_EVENT_MEASURE,106 cm,3590 mV,15 C,0 Degree,55 Times,
6789,697724,70B3D50070001777,1590443865353,FES Receiver,2020-05-25 23:57:45.531093,"['SS', 'Standalone', 'version_184']",70001777,SENS_EVENT_MEASURE,102 cm,3590 mV,15 C,0 Degree,56 Times,
6788,697970,70B3D50070001777,1590447445205,FES Receiver,2020-05-26 00:57:25.380928,"['SS', 'Standalone', 'version_184']",70001777,SENS_EVENT_MEASURE,102 cm,3590 mV,16 C,0 Degree,57 Times,
6787,698444,70B3D50070001777,1590454644951,FES Receiver,2020-05-26 02:57:25.113403,"['SS', 'Standalone', 'version_184']",70001777,SENS_EVENT_MEASURE,102 cm,3580 mV,12 C,0 Degree,59 Times,
6786,698691,70B3D50070001777,1590458244818,FES Receiver,2020-05-26 03:57:24.977837,"['SS', 'Standalone', 'version_184']",70001777,SENS_EVENT_MEASURE,102 cm,3580 mV,13 C,1 Degree,60 Times,
6785,698929,70B3D50070001777,1590461844689,FES Receiver,2020-05-26 04:57:24.843654,"['SS', 'Standalone', 'version_184']",70001777,SENS_EVENT_MEASURE,102 cm,3580 mV,13 C,0 Degree,61 Times,
6784,699178,70B3D50070001777,1590465444563,FES Receiver,2020-05-26 05:57:24.713647,"['SS', 'Standalone', 'version_184']",70001777,SENS_EVENT_MEASURE,102 cm,3580 mV,13 C,0 Degree,62 Times,
6783,699457,70B3D50070001777,1590469044431,FES Receiver,2020-05-26 06:57:24.578689,"['SS', 'Standalone', 'version_184']",70001777,SENS_EVENT_MEASURE,102 cm,3580 mV,12 C,0 Degree,63 Times,
6782,699720,70B3D50070001777,1590472649262,FES Receiver,2020-05-26 07:57:29.409276,"['SS', 'Standalone', 'version_184']",70001777,SENS_EVENT_MEASURE,102 cm,3580 mV,11 C,0 Degree,64 Times,
6781,699968,70B3D50070001777,1590476243933,FES Receiver,2020-05-26 08:57:24.076544,"['SS', 'Standalone', 'version_184']",70001777,SENS_EVENT_MEASURE,98 cm,3620 mV,23 C,0 Degree,65 Times,
6780,700211,70B3D50070001777,1590479843904,FES Receiver,2020-05-26 09:57:24.041488,"['SS', 'Standalone', 'version_184']",70001777,SENS_EVENT_MEASURE,102 cm,3640 mV,31 C,1 Degree,66 Times,
6779,700466,70B3D50070001777,1590483443716,FES Receiver,2020-05-26 10:57:23.849739,"['SS', 'Standalone', 'version_184']",70001777,SENS_EVENT_MEASURE,104 cm,3640 mV,33 C,0 Degree,67 Times,
6778,701204,70B3D50070001777,1590494243129,FES Receiver,2020-05-26 13:57:23.251981,"['SS', 'Standalone', 'version_184']",70001777,SENS_EVENT_MEASURE,98 cm,3640 mV,37 C,0 Degree,70 Times,
6777,701443,70B3D50070001777,1590497843059,FES Receiver,2020-05-26 14:57:23.179277,"['SS', 'Standalone', 'version_184']",70001777,SENS_EVENT_MEASURE,94 cm,3620 mV,29 C,0 Degree,71 Times,
6776,701684,70B3D50070001777,1590501442894,FES Receiver,2020-05-26 15:57:23.009904,"['SS', 'Standalone', 'version_184']",70001777,SENS_EVENT_MEASURE,102 cm,3610 mV,25 C,0 Degree,72 Times,
6775,701950,70B3D50070001777,1590505042701,FES Receiver,2020-05-26 16:57:22.814293,"['SS', 'Standalone', 'version_184']",70001777,SENS_EVENT_MEASURE,102 cm,3610 mV,24 C,1 Degree,73 Times,
6774,702184,70B3D50070001777,1590508642532,FES Receiver,2020-05-26 17:57:22.641985,"['SS', 'Standalone', 'version_184']",70001777,SENS_EVENT_MEASURE,92 cm,3610 mV,24 C,0 Degree,74 Times,
6773,702419,70B3D50070001777,1590512242363,FES Receiver,2020-05-26 18:57:22.470424,"['SS', 'Standalone', 'version_184']",70001777,SENS_EVENT_MEASURE,90 cm,3610 mV,21 C,0 Degree,75 Times,
6772,702646,70B3D50070001777,1590515843767,FES Receiver,2020-05-26 19:57:23.95697,"['SS', 'Standalone', 'version_184']",70001777,SENS_EVENT_MEASURE,92 cm,3600 mV,22 C,0 Degree,76 Times,
6771,702891,70B3D50070001777,1590519443678,FES Receiver,2020-05-26 20:57:23.865243,"['SS', 'Standalone', 'version_184']",70001777,SENS_EVENT_MEASURE,90 cm,3590 mV,18 C,0 Degree,77 Times,
6770,703135,70B3D50070001777,1590523043449,FES Receiver,2020-05-26 21:57:23.634126,"['SS', 'Standalone', 'version_184']",70001777,SENS_EVENT_MEASURE,90 cm,3590 mV,16 C,1 Degree,78 Times,
6769,703365,70B3D50070001777,1590526643280,FES Receiver,2020-05-26 22:57:23.46097,"['SS', 'Standalone', 'version_184']",70001777,SENS_EVENT_MEASURE,90 cm,3580 mV,16 C,0 Degree,79 Times,
6768,703603,70B3D50070001777,1590530243135,FES Receiver,2020-05-26 23:57:23.313423,"['SS', 'Standalone', 'version_184']",70001777,SENS_EVENT_MEASURE,90 cm,3580 mV,15 C,0 Degree,80 Times,
6767,704089,70B3D50070001777,1590537442833,FES Receiver,2020-05-27 01:57:23.007325,"['SS', 'Standalone', 'version_184']",70001777,SENS_EVENT_MEASURE,92 cm,3570 mV,16 C,0 Degree,82 Times,
6766,704345,70B3D50070001777,1590541042684,FES Receiver,2020-05-27 02:57:22.854895,"['SS', 'Standalone', 'version_184']",70001777,SENS_EVENT_MEASURE,90 cm,3570 mV,14 C,1 Degree,83 Times,
6765,704589,70B3D50070001777,1590544642575,FES Receiver,2020-05-27 03:57:22.738317,"['SS', 'Standalone', 'version_184']",70001777,SENS_EVENT_MEASURE,92 cm,3570 mV,13 C,0 Degree,84 Times,
6764,704837,70B3D50070001777,1590548242450,FES Receiver,2020-05-27 04:57:22.611505,"['SS', 'Standalone', 'version_184']",70001777,SENS_EVENT_MEASURE,92 cm,3560 mV,11 C,0 Degree,85 Times,
6763,705079,70B3D50070001777,1590551842317,FES Receiver,2020-05-27 05:57:22.473873,"['SS', 'Standalone', 'version_184']",70001777,SENS_EVENT_MEASURE,92 cm,3560 mV,12 C,0 Degree,86 Times,
6762,705357,70B3D50070001777,1590555442168,FES Receiver,2020-05-27 06:57:22.320778,"['SS', 'Standalone', 'version_184']",70001777,SENS_EVENT_MEASURE,92 cm,3570 mV,11 C,0 Degree,87 Times,
6761,705617,70B3D50070001777,1590559042059,FES Receiver,2020-05-27 07:57:22.211994,"['SS', 'Standalone', 'version_184']",70001777,SENS_EVENT_MEASURE,94 cm,3580 mV,14 C,0 Degree,88 Times,
6760,705874,70B3D50070001777,1590562641891,FES Receiver,2020-05-27 08:57:22.037037,"['SS', 'Standalone', 'version_184']",70001777,SENS_EVENT_MEASURE,94 cm,3610 mV,27 C,0 Degree,89 Times,
6759,706107,70B3D50070001777,1590566241702,FES Receiver,2020-05-27 09:57:21.844584,"['SS', 'Standalone', 'version_184']",70001777,SENS_EVENT_MEASURE,98 cm,3640 mV,34 C,0 Degree,90 Times,
6758,706337,70B3D50070001777,1590569841557,FES Receiver,2020-05-27 10:57:21.696203,"['SS', 'Standalone', 'version_184']",70001777,SENS_EVENT_MEASURE,98 cm,3640 mV,41 C,0 Degree,91 Times,
6757,706565,70B3D50070001777,1590573441563,FES Receiver,2020-05-27 11:57:21.698296,"['SS', 'Standalone', 'version_184']",70001777,SENS_EVENT_MEASURE,98 cm,3640 mV,42 C,0 Degree,92 Times,
6756,706803,70B3D50070001777,1590577041435,FES Receiver,2020-05-27 12:57:21.567035,"['SS', 'Standalone', 'version_184']",70001777,SENS_EVENT_MEASURE,98 cm,3640 mV,44 C,0 Degree,93 Times,
6755,707538,70B3D50070001777,1590587840907,FES Receiver,2020-05-27 15:57:21.0317,"['SS', 'Standalone', 'version_184']",70001777,SENS_EVENT_MEASURE,94 cm,3600 mV,25 C,0 Degree,96 Times,
6754,708008,70B3D50070001777,1590595040569,FES Receiver,2020-05-27 17:57:20.686349,"['SS', 'Standalone', 'version_184']",70001777,SENS_EVENT_MEASURE,94 cm,3600 mV,25 C,0 Degree,98 Times,
6753,708250,70B3D50070001777,1590598640301,FES Receiver,2020-05-27 18:57:20.4143,"['SS', 'Standalone', 'version_184']",70001777,SENS_EVENT_MEASURE,92 cm,3600 mV,23 C,0 Degree,99 Times,
6752,708506,70B3D50070001777,1590602241822,FES Receiver,2020-05-27 19:57:21.984441,"['SS', 'Standalone', 'version_184']",70001777,SENS_EVENT_MEASURE,90 cm,3600 mV,23 C,0 Degree,100 Times,
6751,708728,70B3D50070001777,1590605841653,FES Receiver,2020-05-27 20:57:21.811428,"['SS', 'Standalone', 'version_184']",70001777,SENS_EVENT_MEASURE,88 cm,3600 mV,20 C,0 Degree,101 Times,
6750,708950,70B3D50070001777,1590609441484,FES Receiver,2020-05-27 21:57:21.639284,"['SS', 'Standalone', 'version_184']",70001777,SENS_EVENT_MEASURE,88 cm,3590 mV,19 C,1 Degree,102 Times,
6749,709430,70B3D50070001777,1590616641146,FES Receiver,2020-05-27 23:57:21.29413,"['SS', 'Standalone', 'version_184']",70001777,SENS_EVENT_MEASURE,86 cm,3580 mV,16 C,0 Degree,104 Times,
6748,709669,70B3D50070001777,1590620241017,FES Receiver,2020-05-28 00:57:21.161308,"['SS', 'Standalone', 'version_184']",70001777,SENS_EVENT_MEASURE,86 cm,3580 mV,16 C,0 Degree,105 Times,
6747,709916,70B3D50070001777,1590623840928,FES Receiver,2020-05-28 01:57:21.068555,"['SS', 'Standalone', 'version_184']",70001777,SENS_EVENT_MEASURE,86 cm,3580 mV,18 C,0 Degree,106 Times,
6746,710158,70B3D50070001777,1590627440779,FES Receiver,2020-05-28 02:57:20.915409,"['SS', 'Standalone', 'version_184']",70001777,SENS_EVENT_MEASURE,86 cm,3580 mV,18 C,0 Degree,107 Times,
6745,710407,70B3D50070001777,1590631040530,FES Receiver,2020-05-28 03:57:20.662353,"['SS', 'Standalone', 'version_184']",70001777,SENS_EVENT_MEASURE,86 cm,3580 mV,15 C,0 Degree,108 Times,
6744,710646,70B3D50070001777,1590634640381,FES Receiver,2020-05-28 04:57:20.513331,"['SS', 'Standalone', 'version_184']",70001777,SENS_EVENT_MEASURE,86 cm,3580 mV,17 C,0 Degree,109 Times,
6743,710878,70B3D50070001777,1590638240232,FES Receiver,2020-05-28 05:57:21.767321,"['SS', 'Standalone', 'version_184']",70001777,SENS_EVENT_MEASURE,86 cm,3580 mV,15 C,0 Degree,110 Times,
6742,711144,70B3D50070001777,1590641840163,FES Receiver,2020-05-28 06:57:20.287219,"['SS', 'Standalone', 'version_184']",70001777,SENS_EVENT_MEASURE,86 cm,3580 mV,15 C,0 Degree,111 Times,
6741,711408,70B3D50070001777,1590645440014,FES Receiver,2020-05-28 07:57:20.136116,"['SS', 'Standalone', 'version_184']",70001777,SENS_EVENT_MEASURE,88 cm,3580 mV,15 C,1 Degree,112 Times,
6740,711658,70B3D50070001777,1590649039745,FES Receiver,2020-05-28 08:57:19.859834,"['SS', 'Standalone', 'version_184']",70001777,SENS_EVENT_MEASURE,88 cm,3610 mV,24 C,1 Degree,113 Times,
6739,711898,70B3D50070001777,1590652639577,FES Receiver,2020-05-28 09:57:19.688909,"['SS', 'Standalone', 'version_184']",70001777,SENS_EVENT_MEASURE,84 cm,3630 mV,30 C,0 Degree,114 Times,
6738,712213,70B3D50070001777,1590656239407,FES Receiver,2020-05-28 10:57:19.514413,"['SS', 'Standalone', 'version_184']",70001777,SENS_EVENT_MEASURE,86 cm,3640 mV,37 C,0 Degree,115 Times,
6737,712462,70B3D50070001777,1590659839262,FES Receiver,2020-05-28 11:57:19.36805,"['SS', 'Standalone', 'version_184']",70001777,SENS_EVENT_MEASURE,88 cm,3640 mV,43 C,0 Degree,116 Times,
6736,712714,70B3D50070001777,1590663439109,FES Receiver,2020-05-28 12:57:19.208488,"['SS', 'Standalone', 'version_184']",70001777,SENS_EVENT_MEASURE,90 cm,3640 mV,42 C,0 Degree,117 Times,
6735,712951,70B3D50070001777,1590667038961,FES Receiver,2020-05-28 13:57:19.057253,"['SS', 'Standalone', 'version_184']",70001777,SENS_EVENT_MEASURE,90 cm,3640 mV,39 C,0 Degree,118 Times,
6734,713178,70B3D50070001777,1590670638891,FES Receiver,2020-05-28 14:57:18.984764,"['SS', 'Standalone', 'version_184']",70001777,SENS_EVENT_MEASURE,88 cm,3610 mV,25 C,1 Degree,119 Times,
6733,713429,70B3D50070001777,1590674238723,FES Receiver,2020-05-28 15:57:18.812551,"['SS', 'Standalone', 'version_184']",70001777,SENS_EVENT_MEASURE,88 cm,3600 mV,21 C,0 Degree,120 Times,
6732,713691,70B3D50070001777,1590677838553,FES Receiver,2020-05-28 16:57:18.639306,"['SS', 'Standalone', 'version_184']",70001777,SENS_EVENT_MEASURE,88 cm,3600 mV,20 C,0 Degree,121 Times,
6731,714162,70B3D50070001777,1590685038115,FES Receiver,2020-05-28 18:57:18.193712,"['SS', 'Standalone', 'version_184']",70001777,SENS_EVENT_MEASURE,80 cm,3590 mV,19 C,0 Degree,123 Times,
6730,714403,70B3D50070001777,1590688639603,FES Receiver,2020-05-28 19:57:19.75818,"['SS', 'Standalone', 'version_184']",70001777,SENS_EVENT_MEASURE,80 cm,3590 mV,20 C,0 Degree,124 Times,
6729,715130,70B3D50070001777,1590699439136,FES Receiver,2020-05-28 22:57:19.282114,"['SS', 'Standalone', 'version_184']",70001777,SENS_EVENT_MEASURE,74 cm,3580 mV,15 C,1 Degree,127 Times,
6728,715371,70B3D50070001777,1590703038967,FES Receiver,2020-05-28 23:57:19.107687,"['SS', 'Standalone', 'version_184']",70001777,SENS_EVENT_MEASURE,72 cm,3570 mV,14 C,0 Degree,128 Times,
6727,715605,70B3D50070001777,1590706638998,FES Receiver,2020-05-29 00:57:19.135482,"['SS', 'Standalone', 'version_184']",70001777,SENS_EVENT_MEASURE,72 cm,3570 mV,13 C,0 Degree,129 Times,
6726,718088,70B3D50070001777,1590742637391,FES Receiver,2020-05-29 10:57:18.624712,"['SS', 'Standalone', 'version_184']",70001777,SENS_EVENT_MEASURE,70 cm,3640 mV,38 C,0 Degree,139 Times,
6725,718327,70B3D50070001777,1590746237219,FES Receiver,2020-05-29 11:57:18.447925,"['SS', 'Standalone', 'version_184']",70001777,SENS_EVENT_MEASURE,70 cm,3640 mV,39 C,0 Degree,140 Times,
6724,718773,70B3D50070001777,1590753436902,FES Receiver,2020-05-29 13:57:18.125056,"['SS', 'Standalone', 'version_184']",70001777,SENS_EVENT_MEASURE,70 cm,3640 mV,40 C,0 Degree,142 Times,
6723,719010,70B3D50070001777,1590757036672,FES Receiver,2020-05-29 14:57:17.891705,"['SS', 'Standalone', 'version_184']",70001777,SENS_EVENT_MEASURE,68 cm,3610 mV,26 C,0 Degree,143 Times,
6722,719281,70B3D50070001777,1590760636503,FES Receiver,2020-05-29 15:57:17.718741,"['SS', 'Standalone', 'version_184']",70001777,SENS_EVENT_MEASURE,68 cm,3600 mV,22 C,0 Degree,144 Times,
6721,719536,70B3D50070001777,1590764236355,FES Receiver,2020-05-29 16:57:17.56588,"['SS', 'Standalone', 'version_184']",70001777,SENS_EVENT_MEASURE,66 cm,3600 mV,20 C,0 Degree,145 Times,
6720,719776,70B3D50070001777,1590767836165,FES Receiver,2020-05-29 17:57:17.372976,"['SS', 'Standalone', 'version_184']",70001777,SENS_EVENT_MEASURE,68 cm,3600 mV,23 C,0 Degree,146 Times,
6719,720008,70B3D50070001777,1590771435996,FES Receiver,2020-05-29 18:57:17.200618,"['SS', 'Standalone', 'version_184']",70001777,SENS_EVENT_MEASURE,60 cm,3600 mV,21 C,0 Degree,147 Times,
6718,720264,70B3D50070001777,1590775037442,FES Receiver,2020-05-29 19:57:17.029307,"['SS', 'Standalone', 'version_184']",70001777,SENS_EVENT_MEASURE,64 cm,3590 mV,20 C,0 Degree,148 Times,
6717,720515,70B3D50070001777,1590778637276,FES Receiver,2020-05-29 20:57:16.858765,"['SS', 'Standalone', 'version_184']",70001777,SENS_EVENT_MEASURE,64 cm,3590 mV,20 C,0 Degree,149 Times,
6716,720767,70B3D50070001777,1590782237104,FES Receiver,2020-05-29 21:57:16.683145,"['SS', 'Standalone', 'version_184']",70001777,SENS_EVENT_MEASURE,64 cm,3590 mV,17 C,0 Degree,150 Times,
6715,721027,70B3D50070001777,1590785836955,FES Receiver,2020-05-29 22:57:16.530674,"['SS', 'Standalone', 'version_184']",70001777,SENS_EVENT_MEASURE,64 cm,3580 mV,16 C,1 Degree,151 Times,
6714,721269,70B3D50070001777,1590789436790,FES Receiver,2020-05-29 23:57:16.36244,"['SS', 'Standalone', 'version_184']",70001777,SENS_EVENT_MEASURE,64 cm,3580 mV,16 C,0 Degree,152 Times,
6713,721524,70B3D50070001777,1590793036636,FES Receiver,2020-05-30 00:57:16.205726,"['SS', 'Standalone', 'version_184']",70001777,SENS_EVENT_MEASURE,64 cm,3580 mV,14 C,1 Degree,153 Times,
6712,721775,70B3D50070001777,1590796636511,FES Receiver,2020-05-30 01:57:16.076505,"['SS', 'Standalone', 'version_184']",70001777,SENS_EVENT_MEASURE,64 cm,3570 mV,13 C,0 Degree,154 Times,
6711,722017,70B3D50070001777,1590800236358,FES Receiver,2020-05-30 02:57:15.925401,"['SS', 'Standalone', 'version_184']",70001777,SENS_EVENT_MEASURE,64 cm,3570 mV,14 C,0 Degree,155 Times,
6710,722511,70B3D50070001777,1590807436144,FES Receiver,2020-05-30 04:57:15.698458,"['SS', 'Standalone', 'version_184']",70001777,SENS_EVENT_MEASURE,64 cm,3570 mV,15 C,0 Degree,157 Times,
6709,722792,70B3D50070001777,1590811035992,FES Receiver,2020-05-30 05:57:15.542008,"['SS', 'Standalone', 'version_184']",70001777,SENS_EVENT_MEASURE,66 cm,3570 mV,15 C,0 Degree,158 Times,
6708,723053,70B3D50070001777,1590814635863,FES Receiver,2020-05-30 06:57:15.408864,"['SS', 'Standalone', 'version_184']",70001777,SENS_EVENT_MEASURE,64 cm,3570 mV,14 C,0 Degree,159 Times,
6707,723322,70B3D50070001777,1590818235714,FES Receiver,2020-05-30 07:57:15.260353,"['SS', 'Standalone', 'version_184']",70001777,SENS_EVENT_MEASURE,64 cm,3580 mV,15 C,0 Degree,160 Times,
6706,723585,70B3D50070001777,1590821835569,FES Receiver,2020-05-30 08:57:15.107861,"['SS', 'Standalone', 'version_184']",70001777,SENS_EVENT_MEASURE,64 cm,3620 mV,25 C,0 Degree,161 Times,
6705,723821,70B3D50070001777,1590825435396,FES Receiver,2020-05-30 09:57:14.931585,"['SS', 'Standalone', 'version_184']",70001777,SENS_EVENT_MEASURE,58 cm,3640 mV,35 C,0 Degree,162 Times,
6704,724054,70B3D50070001777,1590829035387,FES Receiver,2020-05-30 10:57:14.923607,"['SS', 'Standalone', 'version_184']",70001777,SENS_EVENT_MEASURE,60 cm,3630 mV,30 C,0 Degree,163 Times,
6703,724300,70B3D50070001777,1590832635062,FES Receiver,2020-05-30 11:57:14.595905,"['SS', 'Standalone', 'version_184']",70001777,SENS_EVENT_MEASURE,60 cm,3640 mV,36 C,1 Degree,164 Times,
6702,724544,70B3D50070001777,1590836234889,FES Receiver,2020-05-30 12:57:14.415555,"['SS', 'Standalone', 'version_184']",70001777,SENS_EVENT_MEASURE,52 cm,3640 mV,41 C,1 Degree,165 Times,
6701,724768,70B3D50070001777,1590839834720,FES Receiver,2020-05-30 13:57:14.24166,"['SS', 'Standalone', 'version_184']",70001777,SENS_EVENT_MEASURE,52 cm,3640 mV,39 C,0 Degree,166 Times,
6700,724991,70B3D50070001777,1590843434554,FES Receiver,2020-05-30 14:57:14.073481,"['SS', 'Standalone', 'version_184']",70001777,SENS_EVENT_MEASURE,50 cm,3620 mV,26 C,0 Degree,167 Times,
6699,725213,70B3D50070001777,1590847034362,FES Receiver,2020-05-30 15:57:13.877745,"['SS', 'Standalone', 'version_184']",70001777,SENS_EVENT_MEASURE,48 cm,3610 mV,24 C,0 Degree,168 Times,
6698,725461,70B3D50070001777,1590850634193,FES Receiver,2020-05-30 16:57:13.706381,"['SS', 'Standalone', 'version_184']",70001777,SENS_EVENT_MEASURE,52 cm,3610 mV,22 C,0 Degree,169 Times,
6697,725703,70B3D50070001777,1590854234024,FES Receiver,2020-05-30 17:57:13.53089,"['SS', 'Standalone', 'version_184']",70001777,SENS_EVENT_MEASURE,42 cm,3600 mV,20 C,0 Degree,170 Times,
6696,725948,70B3D50070001777,1590857833855,FES Receiver,2020-05-30 18:57:13.360515,"['SS', 'Standalone', 'version_184']",70001777,SENS_EVENT_MEASURE,42 cm,3600 mV,21 C,0 Degree,171 Times,
6695,726188,70B3D50070001777,1590861435346,FES Receiver,2020-05-30 19:57:15.537995,"['SS', 'Standalone', 'version_184']",70001777,SENS_EVENT_MEASURE,42 cm,3600 mV,19 C,1 Degree,172 Times,
6694,726450,70B3D50070001777,1590865035177,FES Receiver,2020-05-30 20:57:15.367361,"['SS', 'Standalone', 'version_184']",70001777,SENS_EVENT_MEASURE,46 cm,3600 mV,16 C,0 Degree,173 Times,
6693,726702,70B3D50070001777,1590868635008,FES Receiver,2020-05-30 21:57:15.193577,"['SS', 'Standalone', 'version_184']",70001777,SENS_EVENT_MEASURE,42 cm,3600 mV,15 C,0 Degree,174 Times,
6692,726964,70B3D50070001777,1590872234859,FES Receiver,2020-05-30 22:57:15.042203,"['SS', 'Standalone', 'version_184']",70001777,SENS_EVENT_MEASURE,42 cm,3590 mV,15 C,0 Degree,175 Times,
6691,727216,70B3D50070001777,1590875834690,FES Receiver,2020-05-30 23:57:14.869015,"['SS', 'Standalone', 'version_184']",70001777,SENS_EVENT_MEASURE,46 cm,3590 mV,15 C,0 Degree,176 Times,
6690,727456,70B3D50070001777,1590879434540,FES Receiver,2020-05-31 00:57:14.715661,"['SS', 'Standalone', 'version_184']",70001777,SENS_EVENT_MEASURE,42 cm,3590 mV,14 C,1 Degree,177 Times,
6689,727711,70B3D50070001777,1590883034391,FES Receiver,2020-05-31 01:57:14.562448,"['SS', 'Standalone', 'version_184']",70001777,SENS_EVENT_MEASURE,46 cm,3590 mV,14 C,0 Degree,178 Times,
6688,727974,70B3D50070001777,1590886634242,FES Receiver,2020-05-31 02:57:14.410372,"['SS', 'Standalone', 'version_184']",70001777,SENS_EVENT_MEASURE,42 cm,3590 mV,15 C,0 Degree,179 Times,
6687,728230,70B3D50070001777,1590890234094,FES Receiver,2020-05-31 03:57:14.259789,"['SS', 'Standalone', 'version_184']",70001777,SENS_EVENT_MEASURE,48 cm,3580 mV,14 C,0 Degree,180 Times,
6686,728476,70B3D50070001777,1590893833945,FES Receiver,2020-05-31 04:57:14.104743,"['SS', 'Standalone', 'version_184']",70001777,SENS_EVENT_MEASURE,42 cm,3580 mV,15 C,0 Degree,181 Times,
6685,728735,70B3D50070001777,1590897433796,FES Receiver,2020-05-31 05:57:13.973941,"['SS', 'Standalone', 'version_184']",70001777,SENS_EVENT_MEASURE,42 cm,3580 mV,14 C,1 Degree,182 Times,
6684,728994,70B3D50070001777,1590901033607,FES Receiver,2020-05-31 06:57:13.760252,"['SS', 'Standalone', 'version_184']",70001777,SENS_EVENT_MEASURE,42 cm,3580 mV,14 C,1 Degree,183 Times,
6683,729288,70B3D50070001777,1590904633458,FES Receiver,2020-05-31 07:57:13.612993,"['SS', 'Standalone', 'version_184']",70001777,SENS_EVENT_MEASURE,42 cm,3590 mV,15 C,0 Degree,184 Times,
6682,729537,70B3D50070001777,1590908233309,FES Receiver,2020-05-31 08:57:13.454937,"['SS', 'Standalone', 'version_184']",70001777,SENS_EVENT_MEASURE,42 cm,3610 mV,26 C,0 Degree,185 Times,
6681,729791,70B3D50070001777,1590911833120,FES Receiver,2020-05-31 09:57:13.263413,"['SS', 'Standalone', 'version_184']",70001777,SENS_EVENT_MEASURE,44 cm,3640 mV,32 C,0 Degree,186 Times,
6680,730303,70B3D50070001777,1590919032782,FES Receiver,2020-05-31 11:57:12.9176,"['SS', 'Standalone', 'version_184']",70001777,SENS_EVENT_MEASURE,46 cm,3640 mV,39 C,0 Degree,188 Times,
6679,730544,70B3D50070001777,1590922632633,FES Receiver,2020-05-31 12:57:12.765223,"['SS', 'Standalone', 'version_184']",70001777,SENS_EVENT_MEASURE,38 cm,3640 mV,39 C,0 Degree,189 Times,
6678,730792,70B3D50070001777,1590926232484,FES Receiver,2020-05-31 13:57:12.61616,"['SS', 'Standalone', 'version_184']",70001777,SENS_EVENT_MEASURE,38 cm,3640 mV,38 C,0 Degree,190 Times,
6677,731021,70B3D50070001777,1590929832315,FES Receiver,2020-05-31 14:57:12.449577,"['SS', 'Standalone', 'version_184']",70001777,SENS_EVENT_MEASURE,42 cm,3620 mV,28 C,1 Degree,191 Times,
6676,731263,70B3D50070001777,1590933432126,FES Receiver,2020-05-31 15:57:12.248235,"['SS', 'Standalone', 'version_184']",70001777,SENS_EVENT_MEASURE,42 cm,3610 mV,28 C,0 Degree,192 Times,
6675,731517,70B3D50070001777,1590937031956,FES Receiver,2020-05-31 16:57:12.074533,"['SS', 'Standalone', 'version_184']",70001777,SENS_EVENT_MEASURE,42 cm,3610 mV,25 C,0 Degree,193 Times,
6674,731758,70B3D50070001777,1590940631787,FES Receiver,2020-05-31 17:57:11.90282,"['SS', 'Standalone', 'version_184']",70001777,SENS_EVENT_MEASURE,42 cm,3600 mV,22 C,0 Degree,194 Times,
6673,731993,70B3D50070001777,1590944231623,FES Receiver,2020-05-31 18:57:11.733696,"['SS', 'Standalone', 'version_184']",70001777,SENS_EVENT_MEASURE,42 cm,3600 mV,19 C,0 Degree,195 Times,
6672,732251,70B3D50070001777,1590947833109,FES Receiver,2020-05-31 19:57:13.300161,"['SS', 'Standalone', 'version_184']",70001777,SENS_EVENT_MEASURE,42 cm,3600 mV,19 C,0 Degree,196 Times,
6671,732502,70B3D50070001777,1590951433000,FES Receiver,2020-05-31 20:57:13.183804,"['SS', 'Standalone', 'version_184']",70001777,SENS_EVENT_MEASURE,42 cm,3590 mV,19 C,0 Degree,197 Times,
6670,732749,70B3D50070001777,1590955032811,FES Receiver,2020-05-31 21:57:12.989511,"['SS', 'Standalone', 'version_184']",70001777,SENS_EVENT_MEASURE,42 cm,3590 mV,19 C,0 Degree,198 Times,
6669,732997,70B3D50070001777,1590958632662,FES Receiver,2020-05-31 22:57:12.836886,"['SS', 'Standalone', 'version_184']",70001777,SENS_EVENT_MEASURE,44 cm,3580 mV,17 C,0 Degree,199 Times,
6668,733262,70B3D50070001777,1590962232513,FES Receiver,2020-05-31 23:57:12.685128,"['SS', 'Standalone', 'version_184']",70001777,SENS_EVENT_MEASURE,44 cm,3580 mV,16 C,0 Degree,200 Times,
6667,733505,70B3D50070001777,1590965832364,FES Receiver,2020-06-01 00:57:12.533113,"['SS', 'Standalone', 'version_184']",70001777,SENS_EVENT_MEASURE,44 cm,3580 mV,16 C,0 Degree,201 Times,
6666,733757,70B3D50070001777,1590969432195,FES Receiver,2020-06-01 01:57:12.360953,"['SS', 'Standalone', 'version_184']",70001777,SENS_EVENT_MEASURE,44 cm,3580 mV,16 C,0 Degree,202 Times,
6665,734005,70B3D50070001777,1590973032066,FES Receiver,2020-06-01 02:57:12.227982,"['SS', 'Standalone', 'version_184']",70001777,SENS_EVENT_MEASURE,44 cm,3580 mV,15 C,0 Degree,203 Times,
6664,734261,70B3D50070001777,1590976631917,FES Receiver,2020-06-01 03:57:12.076057,"['SS', 'Standalone', 'version_184']",70001777,SENS_EVENT_MEASURE,44 cm,3580 mV,15 C,0 Degree,204 Times,
6663,734525,70B3D50070001777,1590980231768,FES Receiver,2020-06-01 04:57:11.923347,"['SS', 'Standalone', 'version_184']",70001777,SENS_EVENT_MEASURE,44 cm,3580 mV,14 C,0 Degree,205 Times,
6662,734790,70B3D50070001777,1590983831619,FES Receiver,2020-06-01 05:57:13.148055,"['SS', 'Standalone', 'version_184']",70001777,SENS_EVENT_MEASURE,44 cm,3580 mV,15 C,1 Degree,206 Times,
6661,735043,70B3D50070001777,1590987431510,FES Receiver,2020-06-01 06:57:11.657902,"['SS', 'Standalone', 'version_184']",70001777,SENS_EVENT_MEASURE,40 cm,3580 mV,13 C,0 Degree,207 Times,
6660,735334,70B3D50070001777,1590991031342,FES Receiver,2020-06-01 07:57:11.490134,"['SS', 'Standalone', 'version_184']",70001777,SENS_EVENT_MEASURE,44 cm,3590 mV,15 C,0 Degree,208 Times,
6659,735586,70B3D50070001777,1590994631173,FES Receiver,2020-06-01 08:57:11.316064,"['SS', 'Standalone', 'version_184']",70001777,SENS_EVENT_MEASURE,42 cm,3620 mV,28 C,0 Degree,209 Times,
6658,735836,70B3D50070001777,1590998231003,FES Receiver,2020-06-01 09:57:11.140471,"['SS', 'Standalone', 'version_184']",70001777,SENS_EVENT_MEASURE,42 cm,3640 mV,39 C,1 Degree,210 Times,
6657,736095,70B3D50070001777,1591001830834,FES Receiver,2020-06-01 10:57:10.9695,"['SS', 'Standalone', 'version_184']",70001777,SENS_EVENT_MEASURE,40 cm,3640 mV,42 C,0 Degree,211 Times,
6656,736361,70B3D50070001777,1591005430705,FES Receiver,2020-06-01 11:57:10.835989,"['SS', 'Standalone', 'version_184']",70001777,SENS_EVENT_MEASURE,40 cm,3640 mV,44 C,0 Degree,212 Times,
6655,736616,70B3D50070001777,1591009030576,FES Receiver,2020-06-01 12:57:10.704368,"['SS', 'Standalone', 'version_184']",70001777,SENS_EVENT_MEASURE,52 cm,3640 mV,43 C,0 Degree,213 Times,
6654,736862,70B3D50070001777,1591012630451,FES Receiver,2020-06-01 13:57:10.576339,"['SS', 'Standalone', 'version_184']",70001777,SENS_EVENT_MEASURE,42 cm,3640 mV,44 C,0 Degree,214 Times,
6653,737098,70B3D50070001777,1591016230278,FES Receiver,2020-06-01 14:57:10.398546,"['SS', 'Standalone', 'version_184']",70001777,SENS_EVENT_MEASURE,42 cm,3620 mV,30 C,0 Degree,215 Times,
6652,737362,70B3D50070001777,1591019830109,FES Receiver,2020-06-01 15:57:10.226586,"['SS', 'Standalone', 'version_184']",70001777,SENS_EVENT_MEASURE,36 cm,3610 mV,25 C,0 Degree,216 Times,
6651,737613,70B3D50070001777,1591023429920,FES Receiver,2020-06-01 16:57:10.038037,"['SS', 'Standalone', 'version_184']",70001777,SENS_EVENT_MEASURE,36 cm,3610 mV,26 C,0 Degree,217 Times,
6650,737856,70B3D50070001777,1591027029771,FES Receiver,2020-06-01 17:57:09.885926,"['SS', 'Standalone', 'version_184']",70001777,SENS_EVENT_MEASURE,36 cm,3610 mV,25 C,1 Degree,218 Times,
6649,738099,70B3D50070001777,1591030629582,FES Receiver,2020-06-01 18:57:09.69048,"['SS', 'Standalone', 'version_184']",70001777,SENS_EVENT_MEASURE,36 cm,3610 mV,25 C,0 Degree,219 Times,
6648,738347,70B3D50070001777,1591034231044,FES Receiver,2020-06-01 19:57:11.234841,"['SS', 'Standalone', 'version_184']",70001777,SENS_EVENT_MEASURE,38 cm,3610 mV,28 C,0 Degree,220 Times,
6647,738839,70B3D50070001777,1591041430706,FES Receiver,2020-06-01 21:57:10.890487,"['SS', 'Standalone', 'version_184']",70001777,SENS_EVENT_MEASURE,40 cm,3600 mV,20 C,0 Degree,222 Times,
6646,739088,70B3D50070001777,1591045030540,FES Receiver,2020-06-01 22:57:10.727414,"['SS', 'Standalone', 'version_184']",70001777,SENS_EVENT_MEASURE,42 cm,3600 mV,19 C,0 Degree,223 Times,
6645,739331,70B3D50070001777,1591048630368,FES Receiver,2020-06-01 23:57:10.54419,"['SS', 'Standalone', 'version_184']",70001777,SENS_EVENT_MEASURE,42 cm,3590 mV,17 C,0 Degree,224 Times,
6644,739576,70B3D50070001777,1591052230198,FES Receiver,2020-06-02 00:57:10.372754,"['SS', 'Standalone', 'version_184']",70001777,SENS_EVENT_MEASURE,42 cm,3570 mV,20 C,0 Degree,225 Times,
6643,739836,70B3D50070001777,1591055830049,FES Receiver,2020-06-02 01:57:10.219007,"['SS', 'Standalone', 'version_184']",70001777,SENS_EVENT_MEASURE,42 cm,3590 mV,19 C,0 Degree,226 Times,
6642,740093,70B3D50070001777,1591059429880,FES Receiver,2020-06-02 02:57:10.046011,"['SS', 'Standalone', 'version_184']",70001777,SENS_EVENT_MEASURE,42 cm,3580 mV,15 C,0 Degree,227 Times,
6641,740348,70B3D50070001777,1591063029732,FES Receiver,2020-06-02 03:57:09.894151,"['SS', 'Standalone', 'version_184']",70001777,SENS_EVENT_MEASURE,42 cm,3590 mV,15 C,0 Degree,228 Times,
6640,740609,70B3D50070001777,1591066629562,FES Receiver,2020-06-02 04:57:09.719843,"['SS', 'Standalone', 'version_184']",70001777,SENS_EVENT_MEASURE,42 cm,3590 mV,14 C,1 Degree,229 Times,
6639,740852,70B3D50070001777,1591070229413,FES Receiver,2020-06-02 05:57:09.568426,"['SS', 'Standalone', 'version_184']",70001777,SENS_EVENT_MEASURE,40 cm,3590 mV,15 C,0 Degree,230 Times,
6638,741113,70B3D50070001777,1591073829265,FES Receiver,2020-06-02 06:57:09.625963,"['SS', 'Standalone', 'version_184']",70001777,SENS_EVENT_MEASURE,42 cm,3590 mV,16 C,0 Degree,231 Times,
6637,741425,70B3D50070001777,1591077429116,FES Receiver,2020-06-02 07:57:09.26516,"['SS', 'Standalone', 'version_184']",70001777,SENS_EVENT_MEASURE,36 cm,3590 mV,16 C,0 Degree,232 Times,
6636,741726,70B3D50070001777,1591081028951,FES Receiver,2020-06-02 08:57:09.094797,"['SS', 'Standalone', 'version_184']",70001777,SENS_EVENT_MEASURE,36 cm,3620 mV,29 C,0 Degree,233 Times,
6635,741976,70B3D50070001777,1591084628758,FES Receiver,2020-06-02 09:57:08.897677,"['SS', 'Standalone', 'version_184']",70001777,SENS_EVENT_MEASURE,32 cm,3640 mV,39 C,1 Degree,234 Times,
6634,742222,70B3D50070001777,1591088228609,FES Receiver,2020-06-02 10:57:08.745366,"['SS', 'Standalone', 'version_184']",70001777,SENS_EVENT_MEASURE,34 cm,3640 mV,42 C,0 Degree,235 Times,
6633,742703,70B3D50070001777,1591095428373,FES Receiver,2020-06-02 12:57:08.506073,"['SS', 'Standalone', 'version_184']",70001777,SENS_EVENT_MEASURE,30 cm,3640 mV,49 C,0 Degree,237 Times,
6632,742944,70B3D50070001777,1591099028409,FES Receiver,2020-06-02 13:57:08.532267,"['SS', 'Standalone', 'version_184']",70001777,SENS_EVENT_MEASURE,30 cm,3640 mV,47 C,0 Degree,238 Times,
6631,743192,70B3D50070001777,1591102628217,FES Receiver,2020-06-02 14:57:08.335894,"['SS', 'Standalone', 'version_184']",70001777,SENS_EVENT_MEASURE,30 cm,3620 mV,33 C,1 Degree,239 Times,
6630,743453,70B3D50070001777,1591106228049,FES Receiver,2020-06-02 15:57:08.163583,"['SS', 'Standalone', 'version_184']",70001777,SENS_EVENT_MEASURE,28 cm,3620 mV,28 C,0 Degree,240 Times,
6629,743705,70B3D50070001777,1591109827861,FES Receiver,2020-06-02 16:57:07.97044,"['SS', 'Standalone', 'version_184']",70001777,SENS_EVENT_MEASURE,28 cm,3620 mV,29 C,0 Degree,241 Times,
6628,743952,70B3D50070001777,1591113427692,FES Receiver,2020-06-02 17:57:07.796371,"['SS', 'Standalone', 'version_184']",70001777,SENS_EVENT_MEASURE,28 cm,3610 mV,27 C,0 Degree,242 Times,
6627,744194,70B3D50070001777,1591117027504,FES Receiver,2020-06-02 18:57:07.605292,"['SS', 'Standalone', 'version_184']",70001777,SENS_EVENT_MEASURE,20 cm,3610 mV,28 C,0 Degree,243 Times,
6626,744445,70B3D50070001777,1591120629000,FES Receiver,2020-06-02 19:57:09.186357,"['SS', 'Standalone', 'version_184']",70001777,SENS_EVENT_MEASURE,20 cm,3610 mV,27 C,0 Degree,244 Times,
6625,744685,70B3D50070001777,1591124228832,FES Receiver,2020-06-02 20:57:09.015684,"['SS', 'Standalone', 'version_184']",70001777,SENS_EVENT_MEASURE,28 cm,3610 mV,24 C,1 Degree,245 Times,
6624,744912,70B3D50070001777,1591127828667,FES Receiver,2020-06-02 21:57:08.841986,"['SS', 'Standalone', 'version_184']",70001777,SENS_EVENT_MEASURE,28 cm,3600 mV,23 C,0 Degree,246 Times,
6623,745148,70B3D50070001777,1591131428475,FES Receiver,2020-06-02 22:57:08.645844,"['SS', 'Standalone', 'version_184']",70001777,SENS_EVENT_MEASURE,28 cm,3600 mV,24 C,0 Degree,247 Times,
6622,745392,70B3D50070001777,1591135028307,FES Receiver,2020-06-02 23:57:08.472801,"['SS', 'Standalone', 'version_184']",70001777,SENS_EVENT_MEASURE,28 cm,3600 mV,20 C,0 Degree,248 Times,
6621,745631,70B3D50070001777,1591138628142,FES Receiver,2020-06-03 00:57:08.303218,"['SS', 'Standalone', 'version_184']",70001777,SENS_EVENT_MEASURE,28 cm,3600 mV,20 C,0 Degree,249 Times,
6620,745862,70B3D50070001777,1591142227970,FES Receiver,2020-06-03 01:57:08.128806,"['SS', 'Standalone', 'version_184']",70001777,SENS_EVENT_MEASURE,28 cm,3580 mV,20 C,0 Degree,250 Times,
6619,746116,70B3D50070001777,1591145827802,FES Receiver,2020-06-03 02:57:07.953681,"['SS', 'Standalone', 'version_184']",70001777,SENS_EVENT_MEASURE,28 cm,3600 mV,19 C,0 Degree,251 Times,
6618,746368,70B3D50070001777,1591149427633,FES Receiver,2020-06-03 03:57:07.78147,"['SS', 'Standalone', 'version_184']",70001777,SENS_EVENT_MEASURE,28 cm,3600 mV,19 C,0 Degree,252 Times,
6617,746615,70B3D50070001777,1591153027484,FES Receiver,2020-06-03 04:57:07.627254,"['SS', 'Standalone', 'version_184']",70001777,SENS_EVENT_MEASURE,28 cm,3590 mV,16 C,1 Degree,253 Times,
6616,746873,70B3D50070001777,1591156627315,FES Receiver,2020-06-03 05:57:07.454946,"['SS', 'Standalone', 'version_184']",70001777,SENS_EVENT_MEASURE,28 cm,3590 mV,18 C,0 Degree,254 Times,
6615,747123,70B3D50070001777,1591160227166,FES Receiver,2020-06-03 06:57:07.301811,"['SS', 'Standalone', 'version_184']",70001777,SENS_EVENT_MEASURE,20 cm,3600 mV,17 C,0 Degree,255 Times,
6614,747410,70B3D50070001777,1591163826997,FES Receiver,2020-06-03 07:57:07.133854,"['SS', 'Standalone', 'version_184']",70001777,SENS_EVENT_MEASURE,20 cm,3600 mV,18 C,0 Degree,0 Times,
6613,747670,70B3D50070001777,1591167426832,FES Receiver,2020-06-03 08:57:06.960058,"['SS', 'Standalone', 'version_184']",70001777,SENS_EVENT_MEASURE,20 cm,3620 mV,26 C,0 Degree,1 Times,
6612,747924,70B3D50070001777,1591171026659,FES Receiver,2020-06-03 09:57:06.783806,"['SS', 'Standalone', 'version_184']",70001777,SENS_EVENT_MEASURE,22 cm,3640 mV,38 C,0 Degree,2 Times,
6611,748186,70B3D50070001777,1591174626490,FES Receiver,2020-06-03 10:57:06.611178,"['SS', 'Standalone', 'version_184']",70001777,SENS_EVENT_MEASURE,22 cm,3640 mV,42 C,0 Degree,3 Times,
6610,748435,70B3D50070001777,1591178226381,FES Receiver,2020-06-03 11:57:06.498554,"['SS', 'Standalone', 'version_184']",70001777,SENS_EVENT_MEASURE,20 cm,3640 mV,46 C,0 Degree,4 Times,
6609,748690,70B3D50070001777,1591181826252,FES Receiver,2020-06-03 12:57:06.366014,"['SS', 'Standalone', 'version_184']",70001777,SENS_EVENT_MEASURE,20 cm,3640 mV,47 C,0 Degree,5 Times,
6608,748937,70B3D50070001777,1591185426164,FES Receiver,2020-06-03 13:57:06.274758,"['SS', 'Standalone', 'version_184']",70001777,SENS_EVENT_MEASURE,22 cm,3640 mV,51 C,0 Degree,6 Times,
6607,749176,70B3D50070001777,1591189026014,FES Receiver,2020-06-03 14:57:06.122394,"['SS', 'Standalone', 'version_184']",70001777,SENS_EVENT_MEASURE,20 cm,3640 mV,37 C,0 Degree,7 Times,
6606,749422,70B3D50070001777,1591192625849,FES Receiver,2020-06-03 15:57:05.950957,"['SS', 'Standalone', 'version_184']",70001777,SENS_EVENT_MEASURE,20 cm,3620 mV,33 C,0 Degree,8 Times,
6605,749646,70B3D50070001777,1591196225676,FES Receiver,2020-06-03 16:57:05.776116,"['SS', 'Standalone', 'version_184']",70001777,SENS_EVENT_MEASURE,22 cm,3620 mV,31 C,2 Degree,9 Times,
6604,749900,70B3D50070001777,1591199825507,FES Receiver,2020-06-03 17:57:05.601932,"['SS', 'Standalone', 'version_184']",70001777,SENS_EVENT_MEASURE,24 cm,3610 mV,28 C,0 Degree,10 Times,
6603,750142,70B3D50070001777,1591203425318,FES Receiver,2020-06-03 18:57:05.409566,"['SS', 'Standalone', 'version_184']",70001777,SENS_EVENT_MEASURE,24 cm,3600 mV,30 C,0 Degree,11 Times,
6602,750366,70B3D50070001777,1591207026808,FES Receiver,2020-06-03 19:57:06.967682,"['SS', 'Standalone', 'version_184']",70001777,SENS_EVENT_MEASURE,24 cm,3610 mV,26 C,1 Degree,12 Times,
6601,750604,70B3D50070001777,1591210626653,FES Receiver,2020-06-03 20:57:06.809315,"['SS', 'Standalone', 'version_184']",70001777,SENS_EVENT_MEASURE,22 cm,3610 mV,26 C,0 Degree,13 Times,
6600,750850,70B3D50070001777,1591214226470,FES Receiver,2020-06-03 21:57:06.623192,"['SS', 'Standalone', 'version_184']",70001777,SENS_EVENT_MEASURE,20 cm,3600 mV,22 C,0 Degree,14 Times,
6599,751084,70B3D50070001777,1591217826301,FES Receiver,2020-06-03 22:57:06.452566,"['SS', 'Standalone', 'version_184']",70001777,SENS_EVENT_MEASURE,22 cm,3600 mV,21 C,0 Degree,15 Times,
6598,751315,70B3D50070001777,1591221426156,FES Receiver,2020-06-03 23:57:06.304031,"['SS', 'Standalone', 'version_184']",70001777,SENS_EVENT_MEASURE,22 cm,3600 mV,21 C,0 Degree,16 Times,
6597,751548,70B3D50070001777,1591225025983,FES Receiver,2020-06-04 00:57:06.124075,"['SS', 'Standalone', 'version_184']",70001777,SENS_EVENT_MEASURE,22 cm,3600 mV,19 C,0 Degree,17 Times,
6596,751788,70B3D50070001777,1591228625793,FES Receiver,2020-06-04 01:57:05.930186,"['SS', 'Standalone', 'version_184']",70001777,SENS_EVENT_MEASURE,22 cm,3600 mV,17 C,0 Degree,18 Times,
6595,752033,70B3D50070001777,1591232225625,FES Receiver,2020-06-04 02:57:05.757907,"['SS', 'Standalone', 'version_184']",70001777,SENS_EVENT_MEASURE,24 cm,3600 mV,16 C,0 Degree,19 Times,
6594,752274,70B3D50070001777,1591235825456,FES Receiver,2020-06-04 03:57:05.587404,"['SS', 'Standalone', 'version_184']",70001777,SENS_EVENT_MEASURE,24 cm,3590 mV,19 C,0 Degree,20 Times,
6593,752514,70B3D50070001777,1591239425312,FES Receiver,2020-06-04 04:57:05.434384,"['SS', 'Standalone', 'version_184']",70001777,SENS_EVENT_MEASURE,22 cm,3600 mV,16 C,0 Degree,21 Times,
6592,752770,70B3D50070001777,1591243025139,FES Receiver,2020-06-04 05:57:05.257344,"['SS', 'Standalone', 'version_184']",70001777,SENS_EVENT_MEASURE,28 cm,3600 mV,18 C,1 Degree,22 Times,
6591,753000,70B3D50070001777,1591246624990,FES Receiver,2020-06-04 06:57:05.104292,"['SS', 'Standalone', 'version_184']",70001777,SENS_EVENT_MEASURE,30 cm,3600 mV,15 C,0 Degree,23 Times,
6590,753300,70B3D50070001777,1591250224825,FES Receiver,2020-06-04 07:57:04.941594,"['SS', 'Standalone', 'version_184']",70001777,SENS_EVENT_MEASURE,20 cm,3600 mV,15 C,0 Degree,24 Times,
6589,753555,70B3D50070001777,1591253824672,FES Receiver,2020-06-04 08:57:04.778878,"['SS', 'Standalone', 'version_184']",70001777,SENS_EVENT_MEASURE,20 cm,3600 mV,17 C,0 Degree,25 Times,
6588,753806,70B3D50070001777,1591257424507,FES Receiver,2020-06-04 09:57:04.611182,"['SS', 'Standalone', 'version_184']",70001777,SENS_EVENT_MEASURE,24 cm,3610 mV,20 C,0 Degree,26 Times,
6587,754072,70B3D50070001777,1591261024334,FES Receiver,2020-06-04 10:57:04.433459,"['SS', 'Standalone', 'version_184']",70001777,SENS_EVENT_MEASURE,24 cm,3610 mV,18 C,0 Degree,27 Times,
6586,754334,70B3D50070001777,1591264604165,FES Receiver,2020-06-04 11:56:44.260556,"['SS', 'Standalone', 'version_184']",70001777,SENS_EVENT_MEASURE,24 cm,3610 mV,19 C,0 Degree,28 Times,
6585,754579,70B3D50070001777,1591268204016,FES Receiver,2020-06-04 12:56:44.107877,"['SS', 'Standalone', 'version_184']",70001777,SENS_EVENT_MEASURE,24 cm,3600 mV,16 C,1 Degree,29 Times,
6584,754825,70B3D50070001777,1591271803848,FES Receiver,2020-06-04 13:56:43.934505,"['SS', 'Standalone', 'version_184']",70001777,SENS_EVENT_MEASURE,24 cm,3610 mV,20 C,0 Degree,30 Times,
6583,755054,70B3D50070001777,1591275403679,FES Receiver,2020-06-04 14:56:43.762636,"['SS', 'Standalone', 'version_184']",70001777,SENS_EVENT_MEASURE,16 cm,3620 mV,24 C,0 Degree,31 Times,
6582,755297,70B3D50070001777,1591279003509,FES Receiver,2020-06-04 15:56:43.59075,"['SS', 'Standalone', 'version_184']",70001777,SENS_EVENT_MEASURE,16 cm,3620 mV,23 C,0 Degree,32 Times,
6581,755525,70B3D50070001777,1591282603344,FES Receiver,2020-06-04 16:56:43.420212,"['SS', 'Standalone', 'version_184']",70001777,SENS_EVENT_MEASURE,16 cm,3610 mV,19 C,0 Degree,33 Times,
6580,756005,70B3D50070001777,1591289803022,FES Receiver,2020-06-04 18:56:43.090371,"['SS', 'Standalone', 'version_184']",70001777,SENS_EVENT_MEASURE,18 cm,3610 mV,18 C,0 Degree,35 Times,
6579,756233,70B3D50070001777,1591293404509,FES Receiver,2020-06-04 19:56:44.65694,"['SS', 'Standalone', 'version_184']",70001777,SENS_EVENT_MEASURE,12 cm,3610 mV,15 C,0 Degree,36 Times,
6578,756482,70B3D50070001777,1591297004344,FES Receiver,2020-06-04 20:56:44.490276,"['SS', 'Standalone', 'version_184']",70001777,SENS_EVENT_MEASURE,12 cm,3600 mV,16 C,0 Degree,37 Times,
6577,756727,70B3D50070001777,1591300604191,FES Receiver,2020-06-04 21:56:44.331793,"['SS', 'Standalone', 'version_184']",70001777,SENS_EVENT_MEASURE,12 cm,3600 mV,17 C,0 Degree,38 Times,
6576,756955,70B3D50070001777,1591304204042,FES Receiver,2020-06-04 22:56:44.178615,"['SS', 'Standalone', 'version_184']",70001777,SENS_EVENT_MEASURE,12 cm,3600 mV,17 C,0 Degree,39 Times,
6575,757190,70B3D50070001777,1591307803893,FES Receiver,2020-06-04 23:56:44.027895,"['SS', 'Standalone', 'version_184']",70001777,SENS_EVENT_MEASURE,12 cm,3600 mV,15 C,0 Degree,40 Times,
6574,757436,70B3D50070001777,1591311403743,FES Receiver,2020-06-05 00:56:43.872275,"['SS', 'Standalone', 'version_184']",70001777,SENS_EVENT_MEASURE,12 cm,3600 mV,15 C,0 Degree,41 Times,
6573,757685,70B3D50070001777,1591315003594,FES Receiver,2020-06-05 01:56:43.72352,"['SS', 'Standalone', 'version_184']",70001777,SENS_EVENT_MEASURE,12 cm,3600 mV,15 C,0 Degree,42 Times,
6572,757910,70B3D50070001777,1591318603486,FES Receiver,2020-06-05 02:56:43.611968,"['SS', 'Standalone', 'version_184']",70001777,SENS_EVENT_MEASURE,12 cm,3600 mV,14 C,0 Degree,43 Times,
6571,758139,70B3D50070001777,1591322203337,FES Receiver,2020-06-05 03:56:43.455501,"['SS', 'Standalone', 'version_184']",70001777,SENS_EVENT_MEASURE,12 cm,3600 mV,16 C,1 Degree,44 Times,
6570,758384,70B3D50070001777,1591325803172,FES Receiver,2020-06-05 04:56:43.285013,"['SS', 'Standalone', 'version_184']",70001777,SENS_EVENT_MEASURE,12 cm,3600 mV,15 C,0 Degree,45 Times,
6569,758620,70B3D50070001777,1591329403039,FES Receiver,2020-06-05 05:56:43.150285,"['SS', 'Standalone', 'version_184']",70001777,SENS_EVENT_MEASURE,12 cm,3600 mV,13 C,0 Degree,46 Times,
6568,758843,70B3D50070001777,1591333002890,FES Receiver,2020-06-05 06:56:42.994621,"['SS', 'Standalone', 'version_184']",70001777,SENS_EVENT_MEASURE,12 cm,3600 mV,14 C,0 Degree,47 Times,
6567,759133,70B3D50070001777,1591336602761,FES Receiver,2020-06-05 07:56:42.862243,"['SS', 'Standalone', 'version_184']",70001777,SENS_EVENT_MEASURE,12 cm,3600 mV,15 C,1 Degree,48 Times,
6566,759405,70B3D50070001777,1591340202612,FES Receiver,2020-06-05 08:56:42.712006,"['SS', 'Standalone', 'version_184']",70001777,SENS_EVENT_MEASURE,22 cm,3610 mV,17 C,0 Degree,49 Times,
6565,759647,70B3D50070001777,1591343802445,FES Receiver,2020-06-05 09:56:42.537851,"['SS', 'Standalone', 'version_184']",70001777,SENS_EVENT_MEASURE,16 cm,3610 mV,17 C,0 Degree,50 Times,
6564,759884,70B3D50070001777,1591347402295,FES Receiver,2020-06-05 10:56:42.382877,"['SS', 'Standalone', 'version_184']",70001777,SENS_EVENT_MEASURE,16 cm,3620 mV,19 C,0 Degree,51 Times,
6563,760352,70B3D50070001777,1591354601957,FES Receiver,2020-06-05 12:56:42.038977,"['SS', 'Standalone', 'version_184']",70001777,SENS_EVENT_MEASURE,14 cm,3620 mV,17 C,0 Degree,53 Times,
6562,760577,70B3D50070001777,1591358201788,FES Receiver,2020-06-05 13:56:41.865202,"['SS', 'Standalone', 'version_184']",70001777,SENS_EVENT_MEASURE,10 cm,3620 mV,18 C,0 Degree,54 Times,
6561,760832,70B3D50070001777,1591361801779,FES Receiver,2020-06-05 14:56:41.851695,"['SS', 'Standalone', 'version_184']",70001777,SENS_EVENT_MEASURE,122 cm,3620 mV,16 C,0 Degree,55 Times,
6560,761067,70B3D50070001777,1591365401634,FES Receiver,2020-06-05 15:56:41.703003,"['SS', 'Standalone', 'version_184']",70001777,SENS_EVENT_MEASURE,122 cm,3610 mV,15 C,0 Degree,56 Times,
6559,761318,70B3D50070001777,1591369001485,FES Receiver,2020-06-05 16:56:41.550547,"['SS', 'Standalone', 'version_184']",70001777,SENS_EVENT_MEASURE,122 cm,3600 mV,13 C,0 Degree,57 Times,
6558,761558,70B3D50070001777,1591372601332,FES Receiver,2020-06-05 17:56:41.393905,"['SS', 'Standalone', 'version_184']",70001777,SENS_EVENT_MEASURE,122 cm,3600 mV,15 C,0 Degree,58 Times,
6557,761788,70B3D50070001777,1591376201203,FES Receiver,2020-06-05 18:56:41.261923,"['SS', 'Standalone', 'version_184']",70001777,SENS_EVENT_MEASURE,122 cm,3600 mV,15 C,0 Degree,59 Times,
6556,762034,70B3D50070001777,1591379801054,FES Receiver,2020-06-05 19:56:42.876831,"['SS', 'Standalone', 'version_184']",70001777,SENS_EVENT_MEASURE,122 cm,3600 mV,15 C,0 Degree,60 Times,
6555,762269,70B3D50070001777,1591383402470,FES Receiver,2020-06-05 20:56:42.615819,"['SS', 'Standalone', 'version_184']",70001777,SENS_EVENT_MEASURE,122 cm,3600 mV,15 C,0 Degree,61 Times,
6554,762489,70B3D50070001777,1591387002321,FES Receiver,2020-06-05 21:56:42.462591,"['SS', 'Standalone', 'version_184']",70001777,SENS_EVENT_MEASURE,122 cm,3600 mV,13 C,1 Degree,62 Times,
6553,762717,70B3D50070001777,1591390602252,FES Receiver,2020-06-05 22:56:42.390212,"['SS', 'Standalone', 'version_184']",70001777,SENS_EVENT_MEASURE,122 cm,3590 mV,13 C,0 Degree,63 Times,
6552,762968,70B3D50070001777,1591394202123,FES Receiver,2020-06-05 23:56:42.258396,"['SS', 'Standalone', 'version_184']",70001777,SENS_EVENT_MEASURE,122 cm,3590 mV,13 C,0 Degree,64 Times,
6551,763204,70B3D50070001777,1591397802017,FES Receiver,2020-06-06 00:56:42.148981,"['SS', 'Standalone', 'version_184']",70001777,SENS_EVENT_MEASURE,122 cm,3590 mV,12 C,1 Degree,65 Times,
6550,763430,70B3D50070001777,1591401401884,FES Receiver,2020-06-06 01:56:42.011594,"['SS', 'Standalone', 'version_184']",70001777,SENS_EVENT_MEASURE,122 cm,3590 mV,12 C,0 Degree,66 Times,
6549,763665,70B3D50070001777,1591405001775,FES Receiver,2020-06-06 02:56:41.899628,"['SS', 'Standalone', 'version_184']",70001777,SENS_EVENT_MEASURE,122 cm,3590 mV,10 C,0 Degree,67 Times,
6548,764148,70B3D50070001777,1591412201518,FES Receiver,2020-06-06 04:56:41.636044,"['SS', 'Standalone', 'version_184']",70001777,SENS_EVENT_MEASURE,122 cm,3590 mV,12 C,0 Degree,69 Times,
6547,764397,70B3D50070001777,1591415801349,FES Receiver,2020-06-06 05:56:42.951294,"['SS', 'Standalone', 'version_184']",70001777,SENS_EVENT_MEASURE,122 cm,3590 mV,12 C,0 Degree,70 Times,
6546,764646,70B3D50070001777,1591419401220,FES Receiver,2020-06-06 06:56:41.598317,"['SS', 'Standalone', 'version_184']",70001777,SENS_EVENT_MEASURE,122 cm,3590 mV,12 C,0 Degree,71 Times,
6545,764917,70B3D50070001777,1591423001071,FES Receiver,2020-06-06 07:56:41.17329,"['SS', 'Standalone', 'version_184']",70001777,SENS_EVENT_MEASURE,122 cm,3600 mV,13 C,0 Degree,72 Times,
6544,765161,70B3D50070001777,1591426605922,FES Receiver,2020-06-06 08:56:46.024301,"['SS', 'Standalone', 'version_184']",70001777,SENS_EVENT_MEASURE,122 cm,3600 mV,13 C,0 Degree,73 Times,
6543,765388,70B3D50070001777,1591430200714,FES Receiver,2020-06-06 09:56:40.814367,"['SS', 'Standalone', 'version_184']",70001777,SENS_EVENT_MEASURE,122 cm,3600 mV,15 C,0 Degree,74 Times,
6542,765859,70B3D50070001777,1591437400415,FES Receiver,2020-06-06 11:56:40.503902,"['SS', 'Standalone', 'version_184']",70001777,SENS_EVENT_MEASURE,120 cm,3630 mV,19 C,0 Degree,76 Times,
6541,766099,70B3D50070001777,1591441000246,FES Receiver,2020-06-06 12:56:40.329809,"['SS', 'Standalone', 'version_184']",70001777,SENS_EVENT_MEASURE,120 cm,3620 mV,21 C,0 Degree,77 Times,
6540,766328,70B3D50070001777,1591444600001,FES Receiver,2020-06-06 13:56:40.08175,"['SS', 'Standalone', 'version_184']",70001777,SENS_EVENT_MEASURE,120 cm,3630 mV,22 C,0 Degree,78 Times,
6539,766561,70B3D50070001777,1591448199928,FES Receiver,2020-06-06 14:56:40.004466,"['SS', 'Standalone', 'version_184']",70001777,SENS_EVENT_MEASURE,116 cm,3620 mV,16 C,0 Degree,79 Times,
6538,766804,70B3D50070001777,1591451799759,FES Receiver,2020-06-06 15:56:39.831728,"['SS', 'Standalone', 'version_184']",70001777,SENS_EVENT_MEASURE,116 cm,3620 mV,18 C,0 Degree,80 Times,
6537,767040,70B3D50070001777,1591455399594,FES Receiver,2020-06-06 16:56:39.664313,"['SS', 'Standalone', 'version_184']",70001777,SENS_EVENT_MEASURE,118 cm,3610 mV,18 C,0 Degree,81 Times,
6536,767267,70B3D50070001777,1591458999441,FES Receiver,2020-06-06 17:56:39.505501,"['SS', 'Standalone', 'version_184']",70001777,SENS_EVENT_MEASURE,114 cm,3610 mV,16 C,0 Degree,82 Times,
6535,767484,70B3D50070001777,1591462599192,FES Receiver,2020-06-06 18:56:39.253361,"['SS', 'Standalone', 'version_184']",70001777,SENS_EVENT_MEASURE,114 cm,3610 mV,17 C,0 Degree,83 Times,
6534,767724,70B3D50070001777,1591466200731,FES Receiver,2020-06-06 19:56:40.918894,"['SS', 'Standalone', 'version_184']",70001777,SENS_EVENT_MEASURE,114 cm,3610 mV,17 C,1 Degree,84 Times,
6533,767964,70B3D50070001777,1591469800562,FES Receiver,2020-06-06 20:56:40.746642,"['SS', 'Standalone', 'version_184']",70001777,SENS_EVENT_MEASURE,114 cm,3610 mV,18 C,0 Degree,85 Times,
6532,768206,70B3D50070001777,1591473400417,FES Receiver,2020-06-06 21:56:40.59828,"['SS', 'Standalone', 'version_184']",70001777,SENS_EVENT_MEASURE,114 cm,3610 mV,17 C,0 Degree,86 Times,
6531,768438,70B3D50070001777,1591477000264,FES Receiver,2020-06-06 22:56:40.440351,"['SS', 'Standalone', 'version_184']",70001777,SENS_EVENT_MEASURE,114 cm,3600 mV,16 C,0 Degree,87 Times,
6530,768671,70B3D50070001777,1591480600115,FES Receiver,2020-06-06 23:56:40.294642,"['SS', 'Standalone', 'version_184']",70001777,SENS_EVENT_MEASURE,114 cm,3600 mV,15 C,0 Degree,88 Times,
6529,768899,70B3D50070001777,1591484200150,FES Receiver,2020-06-07 00:56:40.32004,"['SS', 'Standalone', 'version_184']",70001777,SENS_EVENT_MEASURE,114 cm,3600 mV,14 C,0 Degree,89 Times,
6528,769125,70B3D50070001777,1591487799977,FES Receiver,2020-06-07 01:56:40.143233,"['SS', 'Standalone', 'version_184']",70001777,SENS_EVENT_MEASURE,114 cm,3600 mV,15 C,0 Degree,90 Times,
6527,769371,70B3D50070001777,1591491399828,FES Receiver,2020-06-07 02:56:39.992412,"['SS', 'Standalone', 'version_184']",70001777,SENS_EVENT_MEASURE,114 cm,3600 mV,15 C,0 Degree,91 Times,
6526,769614,70B3D50070001777,1591494999679,FES Receiver,2020-06-07 03:56:39.837903,"['SS', 'Standalone', 'version_184']",70001777,SENS_EVENT_MEASURE,114 cm,3600 mV,13 C,0 Degree,92 Times,
6525,769853,70B3D50070001777,1591498599531,FES Receiver,2020-06-07 04:56:39.683857,"['SS', 'Standalone', 'version_184']",70001777,SENS_EVENT_MEASURE,114 cm,3600 mV,15 C,0 Degree,93 Times,
6524,770096,70B3D50070001777,1591502199401,FES Receiver,2020-06-07 05:56:39.55045,"['SS', 'Standalone', 'version_184']",70001777,SENS_EVENT_MEASURE,114 cm,3600 mV,15 C,0 Degree,94 Times,
6523,770339,70B3D50070001777,1591505799256,FES Receiver,2020-06-07 06:56:39.401722,"['SS', 'Standalone', 'version_184']",70001777,SENS_EVENT_MEASURE,114 cm,3600 mV,15 C,0 Degree,95 Times,
6522,770607,70B3D50070001777,1591509399104,FES Receiver,2020-06-07 07:56:39.249749,"['SS', 'Standalone', 'version_184']",70001777,SENS_EVENT_MEASURE,114 cm,3610 mV,16 C,0 Degree,96 Times,
6521,770856,70B3D50070001777,1591512998978,FES Receiver,2020-06-07 08:56:39.121921,"['SS', 'Standalone', 'version_184']",70001777,SENS_EVENT_MEASURE,114 cm,3620 mV,20 C,1 Degree,97 Times,
6520,771107,70B3D50070001777,1591516598786,FES Receiver,2020-06-07 09:56:38.919512,"['SS', 'Standalone', 'version_184']",70001777,SENS_EVENT_MEASURE,120 cm,3640 mV,26 C,0 Degree,98 Times,
6519,771358,70B3D50070001777,1591520198597,FES Receiver,2020-06-07 10:56:38.726556,"['SS', 'Standalone', 'version_184']",70001777,SENS_EVENT_MEASURE,116 cm,3630 mV,28 C,0 Degree,99 Times,
6518,771602,70B3D50070001777,1591523798408,FES Receiver,2020-06-07 11:56:38.533806,"['SS', 'Standalone', 'version_184']",70001777,SENS_EVENT_MEASURE,116 cm,3640 mV,29 C,0 Degree,100 Times,
6517,771860,70B3D50070001777,1591527398103,FES Receiver,2020-06-07 12:56:38.231401,"['SS', 'Standalone', 'version_184']",70001777,SENS_EVENT_MEASURE,114 cm,3630 mV,25 C,0 Degree,101 Times,
6516,772095,70B3D50070001777,1591530997970,FES Receiver,2020-06-07 13:56:38.088883,"['SS', 'Standalone', 'version_184']",70001777,SENS_EVENT_MEASURE,110 cm,3640 mV,28 C,0 Degree,102 Times,
6515,772330,70B3D50070001777,1591534597661,FES Receiver,2020-06-07 14:56:37.775711,"['SS', 'Standalone', 'version_184']",70001777,SENS_EVENT_MEASURE,112 cm,3630 mV,28 C,0 Degree,103 Times,
6514,772581,70B3D50070001777,1591538197512,FES Receiver,2020-06-07 15:56:37.623073,"['SS', 'Standalone', 'version_184']",70001777,SENS_EVENT_MEASURE,112 cm,3630 mV,27 C,0 Degree,104 Times,
6513,772812,70B3D50070001777,1591541797343,FES Receiver,2020-06-07 16:56:37.45105,"['SS', 'Standalone', 'version_184']",70001777,SENS_EVENT_MEASURE,110 cm,3630 mV,25 C,0 Degree,105 Times,
6512,773050,70B3D50070001777,1591545397153,FES Receiver,2020-06-07 17:56:37.257951,"['SS', 'Standalone', 'version_184']",70001777,SENS_EVENT_MEASURE,112 cm,3620 mV,25 C,1 Degree,106 Times,
6511,773297,70B3D50070001777,1591548997064,FES Receiver,2020-06-07 18:56:37.165681,"['SS', 'Standalone', 'version_184']",70001777,SENS_EVENT_MEASURE,114 cm,3620 mV,22 C,0 Degree,107 Times,
6510,773544,70B3D50070001777,1591552598496,FES Receiver,2020-06-07 19:56:38.667438,"['SS', 'Standalone', 'version_184']",70001777,SENS_EVENT_MEASURE,112 cm,3610 mV,19 C,0 Degree,108 Times,
6509,773787,70B3D50070001777,1591556198330,FES Receiver,2020-06-07 20:56:38.499202,"['SS', 'Standalone', 'version_184']",70001777,SENS_EVENT_MEASURE,112 cm,3610 mV,19 C,0 Degree,109 Times,
6508,774038,70B3D50070001777,1591559798257,FES Receiver,2020-06-07 21:56:38.421771,"['SS', 'Standalone', 'version_184']",70001777,SENS_EVENT_MEASURE,112 cm,3600 mV,16 C,0 Degree,110 Times,
6507,774297,70B3D50070001777,1591563398028,FES Receiver,2020-06-07 22:56:38.189494,"['SS', 'Standalone', 'version_184']",70001777,SENS_EVENT_MEASURE,112 cm,3600 mV,17 C,0 Degree,111 Times,
6506,774540,70B3D50070001777,1591566997959,FES Receiver,2020-06-07 23:56:38.116768,"['SS', 'Standalone', 'version_184']",70001777,SENS_EVENT_MEASURE,112 cm,3600 mV,16 C,0 Degree,112 Times,
6505,774791,70B3D50070001777,1591570597830,FES Receiver,2020-06-08 00:56:37.983805,"['SS', 'Standalone', 'version_184']",70001777,SENS_EVENT_MEASURE,114 cm,3590 mV,14 C,0 Degree,113 Times,
6504,775033,70B3D50070001777,1591574197741,FES Receiver,2020-06-08 01:56:37.892266,"['SS', 'Standalone', 'version_184']",70001777,SENS_EVENT_MEASURE,112 cm,3590 mV,15 C,0 Degree,114 Times,
6503,775280,70B3D50070001777,1591577797592,FES Receiver,2020-06-08 02:56:37.738469,"['SS', 'Standalone', 'version_184']",70001777,SENS_EVENT_MEASURE,112 cm,3590 mV,14 C,0 Degree,115 Times,
6502,775542,70B3D50070001777,1591581397464,FES Receiver,2020-06-08 03:56:37.605632,"['SS', 'Standalone', 'version_184']",70001777,SENS_EVENT_MEASURE,114 cm,3590 mV,13 C,0 Degree,116 Times,
6501,776055,70B3D50070001777,1591588597206,FES Receiver,2020-06-08 05:56:37.339304,"['SS', 'Standalone', 'version_184']",70001777,SENS_EVENT_MEASURE,114 cm,3580 mV,13 C,1 Degree,118 Times,
6500,776320,70B3D50070001777,1591592197037,FES Receiver,2020-06-08 06:56:37.377046,"['SS', 'Standalone', 'version_184']",70001777,SENS_EVENT_MEASURE,106 cm,3590 mV,13 C,1 Degree,119 Times,
6499,776589,70B3D50070001777,1591595796892,FES Receiver,2020-06-08 07:56:37.020044,"['SS', 'Standalone', 'version_184']",70001777,SENS_EVENT_MEASURE,106 cm,3600 mV,15 C,0 Degree,120 Times,
6498,776875,70B3D50070001777,1591599396599,FES Receiver,2020-06-08 08:56:36.725327,"['SS', 'Standalone', 'version_184']",70001777,SENS_EVENT_MEASURE,108 cm,3620 mV,23 C,0 Degree,121 Times,
6497,777126,70B3D50070001777,1591602996550,FES Receiver,2020-06-08 09:56:36.668986,"['SS', 'Standalone', 'version_184']",70001777,SENS_EVENT_MEASURE,108 cm,3640 mV,32 C,0 Degree,122 Times,
6496,777385,70B3D50070001777,1591606596381,FES Receiver,2020-06-08 10:56:36.50084,"['SS', 'Standalone', 'version_184']",70001777,SENS_EVENT_MEASURE,112 cm,3640 mV,37 C,0 Degree,123 Times,
6495,777653,70B3D50070001777,1591610196234,FES Receiver,2020-06-08 11:56:36.349838,"['SS', 'Standalone', 'version_184']",70001777,SENS_EVENT_MEASURE,108 cm,3640 mV,34 C,0 Degree,124 Times,
6494,777945,70B3D50070001777,1591613796003,FES Receiver,2020-06-08 12:56:36.110748,"['SS', 'Standalone', 'version_184']",70001777,SENS_EVENT_MEASURE,104 cm,3640 mV,45 C,0 Degree,125 Times,
6493,778198,70B3D50070001777,1591617395834,FES Receiver,2020-06-08 13:56:35.93728,"['SS', 'Standalone', 'version_184']",70001777,SENS_EVENT_MEASURE,108 cm,3640 mV,42 C,1 Degree,126 Times,
6492,778694,70B3D50070001777,1591624595576,FES Receiver,2020-06-08 15:56:35.672579,"['SS', 'Standalone', 'version_184']",70001777,SENS_EVENT_MEASURE,108 cm,3620 mV,25 C,0 Degree,128 Times,
6491,778944,70B3D50070001777,1591628195387,FES Receiver,2020-06-08 16:56:35.481186,"['SS', 'Standalone', 'version_184']",70001777,SENS_EVENT_MEASURE,106 cm,3610 mV,23 C,0 Degree,129 Times,
6490,779426,70B3D50070001777,1591635394969,FES Receiver,2020-06-08 18:56:35.053723,"['SS', 'Standalone', 'version_184']",70001777,SENS_EVENT_MEASURE,100 cm,3610 mV,20 C,0 Degree,131 Times,
6489,779687,70B3D50070001777,1591638996507,FES Receiver,2020-06-08 19:56:36.698468,"['SS', 'Standalone', 'version_184']",70001777,SENS_EVENT_MEASURE,98 cm,3610 mV,20 C,1 Degree,132 Times,
6488,779931,70B3D50070001777,1591642596338,FES Receiver,2020-06-08 20:56:36.524698,"['SS', 'Standalone', 'version_184']",70001777,SENS_EVENT_MEASURE,96 cm,3600 mV,17 C,0 Degree,133 Times,
6487,780198,70B3D50070001777,1591646196189,FES Receiver,2020-06-08 21:56:36.371348,"['SS', 'Standalone', 'version_184']",70001777,SENS_EVENT_MEASURE,96 cm,3590 mV,15 C,1 Degree,134 Times,
6486,780693,70B3D50070001777,1591653395871,FES Receiver,2020-06-08 23:56:36.046065,"['SS', 'Standalone', 'version_184']",70001777,SENS_EVENT_MEASURE,98 cm,3580 mV,15 C,0 Degree,136 Times,
6485,780939,70B3D50070001777,1591656995782,FES Receiver,2020-06-09 00:56:35.955991,"['SS', 'Standalone', 'version_184']",70001777,SENS_EVENT_MEASURE,98 cm,3580 mV,14 C,0 Degree,137 Times,
6484,781192,70B3D50070001777,1591660595613,FES Receiver,2020-06-09 01:56:35.780301,"['SS', 'Standalone', 'version_184']",70001777,SENS_EVENT_MEASURE,98 cm,3580 mV,14 C,0 Degree,138 Times,
6483,781452,70B3D50070001777,1591664195464,FES Receiver,2020-06-09 02:56:35.627285,"['SS', 'Standalone', 'version_184']",70001777,SENS_EVENT_MEASURE,98 cm,3580 mV,14 C,0 Degree,139 Times,
6482,781714,70B3D50070001777,1591667795315,FES Receiver,2020-06-09 03:56:35.475756,"['SS', 'Standalone', 'version_184']",70001777,SENS_EVENT_MEASURE,98 cm,3580 mV,14 C,0 Degree,140 Times,
6481,781959,70B3D50070001777,1591671395166,FES Receiver,2020-06-09 04:56:35.322649,"['SS', 'Standalone', 'version_184']",70001777,SENS_EVENT_MEASURE,98 cm,3580 mV,13 C,0 Degree,141 Times,
6480,782220,70B3D50070001777,1591674995097,FES Receiver,2020-06-09 05:56:35.249621,"['SS', 'Standalone', 'version_184']",70001777,SENS_EVENT_MEASURE,98 cm,3580 mV,12 C,0 Degree,142 Times,
6479,782485,70B3D50070001777,1591678594888,FES Receiver,2020-06-09 06:56:35.035551,"['SS', 'Standalone', 'version_184']",70001777,SENS_EVENT_MEASURE,106 cm,3580 mV,15 C,0 Degree,143 Times,
6478,782777,70B3D50070001777,1591682194739,FES Receiver,2020-06-09 07:56:34.890906,"['SS', 'Standalone', 'version_184']",70001777,SENS_EVENT_MEASURE,102 cm,3590 mV,15 C,0 Degree,144 Times,
6477,783068,70B3D50070001777,1591685794531,FES Receiver,2020-06-09 08:56:34.675638,"['SS', 'Standalone', 'version_184']",70001777,SENS_EVENT_MEASURE,102 cm,3610 mV,18 C,0 Degree,145 Times,
6476,783327,70B3D50070001777,1591689394281,FES Receiver,2020-06-09 09:56:34.421944,"['SS', 'Standalone', 'version_184']",70001777,SENS_EVENT_MEASURE,102 cm,3620 mV,26 C,0 Degree,146 Times,
6475,783838,70B3D50070001777,1591696593904,FES Receiver,2020-06-09 11:56:34.033828,"['SS', 'Standalone', 'version_184']",70001777,SENS_EVENT_MEASURE,94 cm,3630 mV,23 C,0 Degree,148 Times,
6474,784086,70B3D50070001777,1591700193835,FES Receiver,2020-06-09 12:56:33.961368,"['SS', 'Standalone', 'version_184']",70001777,SENS_EVENT_MEASURE,96 cm,3620 mV,21 C,0 Degree,149 Times,
6473,784575,70B3D50070001777,1591707393377,FES Receiver,2020-06-09 14:56:33.499458,"['SS', 'Standalone', 'version_184']",70001777,SENS_EVENT_MEASURE,92 cm,3630 mV,28 C,0 Degree,151 Times,
6472,784819,70B3D50070001777,1591710993189,FES Receiver,2020-06-09 15:56:33.30814,"['SS', 'Standalone', 'version_184']",70001777,SENS_EVENT_MEASURE,94 cm,3630 mV,30 C,2 Degree,152 Times,
6471,785082,70B3D50070001777,1591714593018,FES Receiver,2020-06-09 16:56:33.130152,"['SS', 'Standalone', 'version_184']",70001777,SENS_EVENT_MEASURE,94 cm,3630 mV,28 C,0 Degree,153 Times,
6470,785316,70B3D50070001777,1591718192950,FES Receiver,2020-06-09 17:56:33.059183,"['SS', 'Standalone', 'version_184']",70001777,SENS_EVENT_MEASURE,98 cm,3620 mV,23 C,0 Degree,154 Times,
6469,785794,70B3D50070001777,1591725394268,FES Receiver,2020-06-09 19:56:34.459367,"['SS', 'Standalone', 'version_184']",70001777,SENS_EVENT_MEASURE,92 cm,3610 mV,18 C,0 Degree,156 Times,
6468,786044,70B3D50070001777,1591728994099,FES Receiver,2020-06-09 20:56:34.286175,"['SS', 'Standalone', 'version_184']",70001777,SENS_EVENT_MEASURE,92 cm,3600 mV,17 C,0 Degree,157 Times,
6467,786549,70B3D50070001777,1591736193781,FES Receiver,2020-06-09 22:56:33.961336,"['SS', 'Standalone', 'version_184']",70001777,SENS_EVENT_MEASURE,90 cm,3580 mV,14 C,0 Degree,159 Times,
6466,787052,70B3D50070001777,1591743393503,FES Receiver,2020-06-10 00:56:33.676237,"['SS', 'Standalone', 'version_184']",70001777,SENS_EVENT_MEASURE,90 cm,3590 mV,15 C,1 Degree,161 Times,
6465,787308,70B3D50070001777,1591746993354,FES Receiver,2020-06-10 01:56:33.525321,"['SS', 'Standalone', 'version_184']",70001777,SENS_EVENT_MEASURE,92 cm,3590 mV,16 C,0 Degree,162 Times,
6464,787549,70B3D50070001777,1591750593205,FES Receiver,2020-06-10 02:56:33.370633,"['SS', 'Standalone', 'version_184']",70001777,SENS_EVENT_MEASURE,92 cm,3590 mV,16 C,0 Degree,163 Times,
6463,787794,70B3D50070001777,1591754193056,FES Receiver,2020-06-10 03:56:33.21822,"['SS', 'Standalone', 'version_184']",70001777,SENS_EVENT_MEASURE,92 cm,3590 mV,16 C,0 Degree,164 Times,
6462,788049,70B3D50070001777,1591757792911,FES Receiver,2020-06-10 04:56:33.067847,"['SS', 'Standalone', 'version_184']",70001777,SENS_EVENT_MEASURE,90 cm,3590 mV,12 C,0 Degree,165 Times,
6461,788302,70B3D50070001777,1591761392762,FES Receiver,2020-06-10 05:56:32.916491,"['SS', 'Standalone', 'version_184']",70001777,SENS_EVENT_MEASURE,92 cm,3590 mV,16 C,0 Degree,166 Times,
6460,788559,70B3D50070001777,1591764992531,FES Receiver,2020-06-10 06:56:32.681241,"['SS', 'Standalone', 'version_184']",70001777,SENS_EVENT_MEASURE,98 cm,3590 mV,15 C,1 Degree,167 Times,
6459,788807,70B3D50070001777,1591768592464,FES Receiver,2020-06-10 07:56:32.610591,"['SS', 'Standalone', 'version_184']",70001777,SENS_EVENT_MEASURE,100 cm,3600 mV,16 C,0 Degree,168 Times,
6458,789095,70B3D50070001777,1591772192311,FES Receiver,2020-06-10 08:56:32.457781,"['SS', 'Standalone', 'version_184']",70001777,SENS_EVENT_MEASURE,94 cm,3600 mV,16 C,0 Degree,169 Times,
6457,789338,70B3D50070001777,1591775792161,FES Receiver,2020-06-10 09:56:32.302564,"['SS', 'Standalone', 'version_184']",70001777,SENS_EVENT_MEASURE,94 cm,3600 mV,15 C,0 Degree,170 Times,
6456,789611,70B3D50070001777,1591779392013,FES Receiver,2020-06-10 10:56:32.148608,"['SS', 'Standalone', 'version_184']",70001777,SENS_EVENT_MEASURE,94 cm,3600 mV,16 C,1 Degree,171 Times,
6455,789874,70B3D50070001777,1591782991864,FES Receiver,2020-06-10 11:56:31.994623,"['SS', 'Standalone', 'version_184']",70001777,SENS_EVENT_MEASURE,92 cm,3600 mV,17 C,0 Degree,172 Times,
6454,790328,70B3D50070001777,1591790191445,FES Receiver,2020-06-10 13:56:31.570105,"['SS', 'Standalone', 'version_184']",70001777,SENS_EVENT_MEASURE,92 cm,3620 mV,19 C,0 Degree,174 Times,
6453,790584,70B3D50070001777,1591793791276,FES Receiver,2020-06-10 14:56:31.397108,"['SS', 'Standalone', 'version_184']",70001777,SENS_EVENT_MEASURE,96 cm,3630 mV,24 C,0 Degree,175 Times,
6452,790832,70B3D50070001777,1591797391188,FES Receiver,2020-06-10 15:56:31.311333,"['SS', 'Standalone', 'version_184']",70001777,SENS_EVENT_MEASURE,90 cm,3630 mV,26 C,0 Degree,176 Times,
6451,791083,70B3D50070001777,1591800990958,FES Receiver,2020-06-10 16:56:31.07095,"['SS', 'Standalone', 'version_184']",70001777,SENS_EVENT_MEASURE,86 cm,3630 mV,25 C,0 Degree,177 Times,
6450,791581,70B3D50070001777,1591808190600,FES Receiver,2020-06-10 18:56:30.708406,"['SS', 'Standalone', 'version_184']",70001777,SENS_EVENT_MEASURE,86 cm,3620 mV,23 C,0 Degree,179 Times,
6449,792090,70B3D50070001777,1591815391959,FES Receiver,2020-06-10 20:56:32.1248,"['SS', 'Standalone', 'version_184']",70001777,SENS_EVENT_MEASURE,86 cm,3610 mV,20 C,0 Degree,181 Times,
6448,792335,70B3D50070001777,1591818991785,FES Receiver,2020-06-10 21:56:31.947991,"['SS', 'Standalone', 'version_184']",70001777,SENS_EVENT_MEASURE,86 cm,3610 mV,18 C,0 Degree,182 Times,
6447,792597,70B3D50070001777,1591822591636,FES Receiver,2020-06-10 22:56:31.794551,"['SS', 'Standalone', 'version_184']",70001777,SENS_EVENT_MEASURE,86 cm,3600 mV,15 C,0 Degree,183 Times,
6446,792841,70B3D50070001777,1591826191488,FES Receiver,2020-06-10 23:56:31.639412,"['SS', 'Standalone', 'version_184']",70001777,SENS_EVENT_MEASURE,86 cm,3600 mV,17 C,0 Degree,184 Times,
6445,793087,70B3D50070001777,1591829791318,FES Receiver,2020-06-11 00:56:31.465518,"['SS', 'Standalone', 'version_184']",70001777,SENS_EVENT_MEASURE,86 cm,3600 mV,16 C,0 Degree,185 Times,
6444,793341,70B3D50070001777,1591833391169,FES Receiver,2020-06-11 01:56:31.312494,"['SS', 'Standalone', 'version_184']",70001777,SENS_EVENT_MEASURE,86 cm,3600 mV,14 C,1 Degree,186 Times,
6443,793599,70B3D50070001777,1591836991019,FES Receiver,2020-06-11 02:56:31.160158,"['SS', 'Standalone', 'version_184']",70001777,SENS_EVENT_MEASURE,86 cm,3600 mV,15 C,0 Degree,187 Times,
6442,793859,70B3D50070001777,1591840590871,FES Receiver,2020-06-11 03:56:31.005744,"['SS', 'Standalone', 'version_184']",70001777,SENS_EVENT_MEASURE,86 cm,3590 mV,16 C,0 Degree,188 Times,
6441,794125,70B3D50070001777,1591844190722,FES Receiver,2020-06-11 04:56:30.853549,"['SS', 'Standalone', 'version_184']",70001777,SENS_EVENT_MEASURE,86 cm,3590 mV,15 C,1 Degree,189 Times,
6440,794395,70B3D50070001777,1591847790573,FES Receiver,2020-06-11 05:56:30.699433,"['SS', 'Standalone', 'version_184']",70001777,SENS_EVENT_MEASURE,86 cm,3600 mV,14 C,0 Degree,190 Times,
6439,794651,70B3D50070001777,1591851390424,FES Receiver,2020-06-11 06:56:30.551987,"['SS', 'Standalone', 'version_184']",70001777,SENS_EVENT_MEASURE,86 cm,3600 mV,14 C,0 Degree,191 Times,
6438,794921,70B3D50070001777,1591854990235,FES Receiver,2020-06-11 07:56:30.353419,"['SS', 'Standalone', 'version_184']",70001777,SENS_EVENT_MEASURE,86 cm,3600 mV,15 C,0 Degree,192 Times,
6437,795203,70B3D50070001777,1591858590086,FES Receiver,2020-06-11 08:56:30.20565,"['SS', 'Standalone', 'version_184']",70001777,SENS_EVENT_MEASURE,86 cm,3600 mV,16 C,0 Degree,193 Times,
6436,795460,70B3D50070001777,1591862189917,FES Receiver,2020-06-11 09:56:30.029151,"['SS', 'Standalone', 'version_184']",70001777,SENS_EVENT_MEASURE,86 cm,3610 mV,18 C,0 Degree,194 Times,
6435,796214,70B3D50070001777,1591872989433,FES Receiver,2020-06-11 12:56:29.535782,"['SS', 'Standalone', 'version_184']",70001777,SENS_EVENT_MEASURE,86 cm,3630 mV,25 C,0 Degree,197 Times,
6434,796716,70B3D50070001777,1591880189051,FES Receiver,2020-06-11 14:56:29.143631,"['SS', 'Standalone', 'version_184']",70001777,SENS_EVENT_MEASURE,82 cm,3620 mV,22 C,0 Degree,199 Times,
6433,796968,70B3D50070001777,1591883788882,FES Receiver,2020-06-11 15:56:28.971976,"['SS', 'Standalone', 'version_184']",70001777,SENS_EVENT_MEASURE,86 cm,3620 mV,20 C,0 Degree,200 Times,
6432,797437,70B3D50070001777,1591890988523,FES Receiver,2020-06-11 17:56:28.605794,"['SS', 'Standalone', 'version_184']",70001777,SENS_EVENT_MEASURE,86 cm,3620 mV,23 C,1 Degree,202 Times,
6431,797679,70B3D50070001777,1591894588354,FES Receiver,2020-06-11 18:56:28.432958,"['SS', 'Standalone', 'version_184']",70001777,SENS_EVENT_MEASURE,86 cm,3610 mV,21 C,0 Degree,203 Times,
6430,797929,70B3D50070001777,1591898189816,FES Receiver,2020-06-11 19:56:30.00114,"['SS', 'Standalone', 'version_184']",70001777,SENS_EVENT_MEASURE,86 cm,3610 mV,21 C,0 Degree,204 Times,
6429,798158,70B3D50070001777,1591901789647,FES Receiver,2020-06-11 20:56:29.828733,"['SS', 'Standalone', 'version_184']",70001777,SENS_EVENT_MEASURE,86 cm,3610 mV,18 C,1 Degree,205 Times,
6428,798651,70B3D50070001777,1591908989448,FES Receiver,2020-06-11 22:56:29.623035,"['SS', 'Standalone', 'version_184']",70001777,SENS_EVENT_MEASURE,82 cm,3600 mV,16 C,0 Degree,207 Times,
6427,798899,70B3D50070001777,1591912589300,FES Receiver,2020-06-11 23:56:29.470665,"['SS', 'Standalone', 'version_184']",70001777,SENS_EVENT_MEASURE,82 cm,3590 mV,15 C,0 Degree,208 Times,
6426,799401,70B3D50070001777,1591919789001,FES Receiver,2020-06-12 01:56:29.168894,"['SS', 'Standalone', 'version_184']",70001777,SENS_EVENT_MEASURE,82 cm,3590 mV,15 C,0 Degree,210 Times,
6425,799654,70B3D50070001777,1591923388852,FES Receiver,2020-06-12 02:56:29.015389,"['SS', 'Standalone', 'version_184']",70001777,SENS_EVENT_MEASURE,82 cm,3590 mV,13 C,0 Degree,211 Times,
6424,799908,70B3D50070001777,1591926988723,FES Receiver,2020-06-12 03:56:28.877735,"['SS', 'Standalone', 'version_184']",70001777,SENS_EVENT_MEASURE,82 cm,3590 mV,13 C,0 Degree,212 Times,
6423,800152,70B3D50070001777,1591930588574,FES Receiver,2020-06-12 04:56:28.725305,"['SS', 'Standalone', 'version_184']",70001777,SENS_EVENT_MEASURE,82 cm,3590 mV,14 C,0 Degree,213 Times,
6422,800409,70B3D50070001777,1591934188425,FES Receiver,2020-06-12 05:56:28.572346,"['SS', 'Standalone', 'version_184']",70001777,SENS_EVENT_MEASURE,82 cm,3590 mV,15 C,1 Degree,214 Times,
6421,800651,70B3D50070001777,1591937788296,FES Receiver,2020-06-12 06:56:28.439331,"['SS', 'Standalone', 'version_184']",70001777,SENS_EVENT_MEASURE,82 cm,3590 mV,12 C,0 Degree,215 Times,
6420,800923,70B3D50070001777,1591941388146,FES Receiver,2020-06-12 07:56:28.286946,"['SS', 'Standalone', 'version_184']",70001777,SENS_EVENT_MEASURE,82 cm,3600 mV,15 C,1 Degree,216 Times,
6419,801217,70B3D50070001777,1591944992857,FES Receiver,2020-06-12 08:56:32.996286,"['SS', 'Standalone', 'version_184']",70001777,SENS_EVENT_MEASURE,86 cm,3620 mV,23 C,0 Degree,217 Times,
6418,801482,70B3D50070001777,1591948587690,FES Receiver,2020-06-12 09:56:27.82068,"['SS', 'Standalone', 'version_184']",70001777,SENS_EVENT_MEASURE,86 cm,3640 mV,36 C,0 Degree,218 Times,
6417,801730,70B3D50070001777,1591952187539,FES Receiver,2020-06-12 10:56:27.667692,"['SS', 'Standalone', 'version_184']",70001777,SENS_EVENT_MEASURE,84 cm,3640 mV,42 C,0 Degree,219 Times,
6416,801989,70B3D50070001777,1591955787410,FES Receiver,2020-06-12 11:56:27.534917,"['SS', 'Standalone', 'version_184']",70001777,SENS_EVENT_MEASURE,80 cm,3640 mV,46 C,0 Degree,220 Times,
6415,802228,70B3D50070001777,1591959387265,FES Receiver,2020-06-12 12:56:27.386124,"['SS', 'Standalone', 'version_184']",70001777,SENS_EVENT_MEASURE,78 cm,3640 mV,44 C,0 Degree,221 Times,
6414,802491,70B3D50070001777,1591962987152,FES Receiver,2020-06-12 13:56:27.267976,"['SS', 'Standalone', 'version_184']",70001777,SENS_EVENT_MEASURE,126 cm,3640 mV,44 C,0 Degree,222 Times,
6413,802740,70B3D50070001777,1591966587082,FES Receiver,2020-06-12 14:56:27.200362,"['SS', 'Standalone', 'version_184']",70001777,SENS_EVENT_MEASURE,122 cm,3630 mV,30 C,0 Degree,223 Times,
6412,802977,70B3D50070001777,1591970186973,FES Receiver,2020-06-12 15:56:27.082619,"['SS', 'Standalone', 'version_184']",70001777,SENS_EVENT_MEASURE,122 cm,3620 mV,30 C,0 Degree,224 Times,
6411,803445,70B3D50070001777,1591977386615,FES Receiver,2020-06-12 17:56:26.716312,"['SS', 'Standalone', 'version_184']",70001777,SENS_EVENT_MEASURE,122 cm,3620 mV,30 C,0 Degree,226 Times,
6410,803684,70B3D50070001777,1591980986425,FES Receiver,2020-06-12 18:56:26.523239,"['SS', 'Standalone', 'version_184']",70001777,SENS_EVENT_MEASURE,122 cm,3610 mV,28 C,0 Degree,227 Times,
6409,803922,70B3D50070001777,1591984587910,FES Receiver,2020-06-12 19:56:28.102633,"['SS', 'Standalone', 'version_184']",70001777,SENS_EVENT_MEASURE,122 cm,3610 mV,26 C,0 Degree,228 Times,
6408,804162,70B3D50070001777,1591988187720,FES Receiver,2020-06-12 20:56:27.907583,"['SS', 'Standalone', 'version_184']",70001777,SENS_EVENT_MEASURE,122 cm,3610 mV,25 C,0 Degree,229 Times,
6407,804401,70B3D50070001777,1591991787550,FES Receiver,2020-06-12 21:56:27.732909,"['SS', 'Standalone', 'version_184']",70001777,SENS_EVENT_MEASURE,122 cm,3600 mV,25 C,0 Degree,230 Times,
6406,804628,70B3D50070001777,1591995387380,FES Receiver,2020-06-12 22:56:27.559545,"['SS', 'Standalone', 'version_184']",70001777,SENS_EVENT_MEASURE,122 cm,3600 mV,22 C,0 Degree,231 Times,
6405,804871,70B3D50070001777,1591998987211,FES Receiver,2020-06-12 23:56:27.387504,"['SS', 'Standalone', 'version_184']",70001777,SENS_EVENT_MEASURE,122 cm,3600 mV,20 C,0 Degree,232 Times,
6404,805103,70B3D50070001777,1592002587042,FES Receiver,2020-06-13 00:56:27.214999,"['SS', 'Standalone', 'version_184']",70001777,SENS_EVENT_MEASURE,122 cm,3590 mV,19 C,0 Degree,233 Times,
6403,805360,70B3D50070001777,1592006186873,FES Receiver,2020-06-13 01:56:27.040637,"['SS', 'Standalone', 'version_184']",70001777,SENS_EVENT_MEASURE,122 cm,3590 mV,21 C,0 Degree,234 Times,
6402,805594,70B3D50070001777,1592009786704,FES Receiver,2020-06-13 02:56:26.869294,"['SS', 'Standalone', 'version_184']",70001777,SENS_EVENT_MEASURE,122 cm,3590 mV,20 C,0 Degree,235 Times,
6401,805826,70B3D50070001777,1592013386535,FES Receiver,2020-06-13 03:56:26.695847,"['SS', 'Standalone', 'version_184']",70001777,SENS_EVENT_MEASURE,122 cm,3590 mV,18 C,0 Degree,236 Times,
6400,806293,70B3D50070001777,1592020586221,FES Receiver,2020-06-13 05:56:26.384567,"['SS', 'Standalone', 'version_184']",70001777,SENS_EVENT_MEASURE,122 cm,3590 mV,18 C,0 Degree,238 Times,
6399,806533,70B3D50070001777,1592024186068,FES Receiver,2020-06-13 06:56:26.226008,"['SS', 'Standalone', 'version_184']",70001777,SENS_EVENT_MEASURE,122 cm,3600 mV,16 C,0 Degree,239 Times,
6398,806788,70B3D50070001777,1592027785919,FES Receiver,2020-06-13 07:56:26.067721,"['SS', 'Standalone', 'version_184']",70001777,SENS_EVENT_MEASURE,122 cm,3590 mV,19 C,0 Degree,240 Times,
6397,807070,70B3D50070001777,1592031385730,FES Receiver,2020-06-13 08:56:25.873975,"['SS', 'Standalone', 'version_184']",70001777,SENS_EVENT_MEASURE,122 cm,3630 mV,30 C,0 Degree,241 Times,
6396,807344,70B3D50070001777,1592034985580,FES Receiver,2020-06-13 09:56:25.718748,"['SS', 'Standalone', 'version_184']",70001777,SENS_EVENT_MEASURE,122 cm,3640 mV,35 C,0 Degree,242 Times,
6395,807594,70B3D50070001777,1592038585391,FES Receiver,2020-06-13 10:56:25.524621,"['SS', 'Standalone', 'version_184']",70001777,SENS_EVENT_MEASURE,122 cm,3640 mV,32 C,0 Degree,243 Times,
6394,807823,70B3D50070001777,1592042185202,FES Receiver,2020-06-13 11:56:25.33311,"['SS', 'Standalone', 'version_184']",70001777,SENS_EVENT_MEASURE,130 cm,3630 mV,31 C,0 Degree,244 Times,
6393,808303,70B3D50070001777,1592049385003,FES Receiver,2020-06-13 13:56:25.127289,"['SS', 'Standalone', 'version_184']",70001777,SENS_EVENT_MEASURE,126 cm,3640 mV,42 C,0 Degree,246 Times,
6392,808525,70B3D50070001777,1592052984794,FES Receiver,2020-06-13 14:56:24.913039,"['SS', 'Standalone', 'version_184']",70001777,SENS_EVENT_MEASURE,122 cm,3630 mV,31 C,0 Degree,247 Times,
6391,808767,70B3D50070001777,1592056584605,FES Receiver,2020-06-13 15:56:24.721552,"['SS', 'Standalone', 'version_184']",70001777,SENS_EVENT_MEASURE,122 cm,3620 mV,29 C,0 Degree,248 Times,
6390,809002,70B3D50070001777,1592060184316,FES Receiver,2020-06-13 16:56:24.427944,"['SS', 'Standalone', 'version_184']",70001777,SENS_EVENT_MEASURE,120 cm,3620 mV,30 C,0 Degree,249 Times,
6389,809239,70B3D50070001777,1592063784146,FES Receiver,2020-06-13 17:56:24.255295,"['SS', 'Standalone', 'version_184']",70001777,SENS_EVENT_MEASURE,120 cm,3620 mV,30 C,0 Degree,250 Times,
6388,809734,70B3D50070001777,1592070985546,FES Receiver,2020-06-13 19:56:25.738206,"['SS', 'Standalone', 'version_184']",70001777,SENS_EVENT_MEASURE,122 cm,3620 mV,28 C,0 Degree,252 Times,
6387,809973,70B3D50070001777,1592074585377,FES Receiver,2020-06-13 20:56:25.566759,"['SS', 'Standalone', 'version_184']",70001777,SENS_EVENT_MEASURE,118 cm,3610 mV,28 C,0 Degree,253 Times,
6386,810208,70B3D50070001777,1592078185107,FES Receiver,2020-06-13 21:56:25.292127,"['SS', 'Standalone', 'version_184']",70001777,SENS_EVENT_MEASURE,122 cm,3600 mV,22 C,0 Degree,254 Times,
6385,810455,70B3D50070001777,1592081785018,FES Receiver,2020-06-13 22:56:25.1995,"['SS', 'Standalone', 'version_184']",70001777,SENS_EVENT_MEASURE,116 cm,3600 mV,21 C,0 Degree,255 Times,
6384,810709,70B3D50070001777,1592085364873,FES Receiver,2020-06-13 23:56:05.050606,"['SS', 'Standalone', 'version_184']",70001777,SENS_EVENT_MEASURE,114 cm,3590 mV,18 C,0 Degree,0 Times,
6383,810953,70B3D50070001777,1592088964700,FES Receiver,2020-06-14 00:56:04.874149,"['SS', 'Standalone', 'version_184']",70001777,SENS_EVENT_MEASURE,114 cm,3590 mV,17 C,0 Degree,1 Times,
6382,811189,70B3D50070001777,1592092564531,FES Receiver,2020-06-14 01:56:04.700928,"['SS', 'Standalone', 'version_184']",70001777,SENS_EVENT_MEASURE,114 cm,3590 mV,19 C,0 Degree,2 Times,
6381,811434,70B3D50070001777,1592096164382,FES Receiver,2020-06-14 02:56:04.548346,"['SS', 'Standalone', 'version_184']",70001777,SENS_EVENT_MEASURE,114 cm,3590 mV,18 C,0 Degree,3 Times,
6380,811665,70B3D50070001777,1592099764213,FES Receiver,2020-06-14 03:56:04.377128,"['SS', 'Standalone', 'version_184']",70001777,SENS_EVENT_MEASURE,114 cm,3590 mV,19 C,0 Degree,4 Times,
6379,811900,70B3D50070001777,1592103364063,FES Receiver,2020-06-14 04:56:04.221904,"['SS', 'Standalone', 'version_184']",70001777,SENS_EVENT_MEASURE,112 cm,3590 mV,16 C,0 Degree,5 Times,
6378,812132,70B3D50070001777,1592106963898,FES Receiver,2020-06-14 05:56:04.054286,"['SS', 'Standalone', 'version_184']",70001777,SENS_EVENT_MEASURE,112 cm,3590 mV,16 C,0 Degree,6 Times,
6377,812387,70B3D50070001777,1592110563745,FES Receiver,2020-06-14 06:56:03.897624,"['SS', 'Standalone', 'version_184']",70001777,SENS_EVENT_MEASURE,112 cm,3590 mV,16 C,0 Degree,7 Times,
6376,812642,70B3D50070001777,1592114163596,FES Receiver,2020-06-14 07:56:03.74445,"['SS', 'Standalone', 'version_184']",70001777,SENS_EVENT_MEASURE,112 cm,3600 mV,18 C,0 Degree,8 Times,
6375,812932,70B3D50070001777,1592117763427,FES Receiver,2020-06-14 08:56:03.570226,"['SS', 'Standalone', 'version_184']",70001777,SENS_EVENT_MEASURE,112 cm,3610 mV,20 C,0 Degree,9 Times,
6374,813175,70B3D50070001777,1592121363237,FES Receiver,2020-06-14 09:56:03.38227,"['SS', 'Standalone', 'version_184']",70001777,SENS_EVENT_MEASURE,112 cm,3610 mV,22 C,0 Degree,10 Times,
6373,813441,70B3D50070001777,1592124963188,FES Receiver,2020-06-14 10:56:03.329316,"['SS', 'Standalone', 'version_184']",70001777,SENS_EVENT_MEASURE,114 cm,3620 mV,25 C,0 Degree,11 Times,
6372,813934,70B3D50070001777,1592132162730,FES Receiver,2020-06-14 12:56:02.859537,"['SS', 'Standalone', 'version_184']",70001777,SENS_EVENT_MEASURE,114 cm,3630 mV,30 C,0 Degree,13 Times,
6371,814172,70B3D50070001777,1592135762680,FES Receiver,2020-06-14 13:56:02.804978,"['SS', 'Standalone', 'version_184']",70001777,SENS_EVENT_MEASURE,120 cm,3640 mV,32 C,0 Degree,14 Times,
6370,814406,70B3D50070001777,1592139362471,FES Receiver,2020-06-14 14:56:02.591601,"['SS', 'Standalone', 'version_184']",70001777,SENS_EVENT_MEASURE,116 cm,3640 mV,31 C,0 Degree,15 Times,
6369,814650,70B3D50070001777,1592142962302,FES Receiver,2020-06-14 15:56:02.417899,"['SS', 'Standalone', 'version_184']",70001777,SENS_EVENT_MEASURE,118 cm,3630 mV,30 C,0 Degree,16 Times,
6368,814881,70B3D50070001777,1592146562112,FES Receiver,2020-06-14 16:56:02.224745,"['SS', 'Standalone', 'version_184']",70001777,SENS_EVENT_MEASURE,112 cm,3630 mV,27 C,0 Degree,17 Times,
6367,815107,70B3D50070001777,1592150161943,FES Receiver,2020-06-14 17:56:02.050779,"['SS', 'Standalone', 'version_184']",70001777,SENS_EVENT_MEASURE,110 cm,3620 mV,24 C,0 Degree,18 Times,
6366,815834,70B3D50070001777,1592160963104,FES Receiver,2020-06-14 20:56:03.278758,"['SS', 'Standalone', 'version_184']",70001777,SENS_EVENT_MEASURE,110 cm,3610 mV,21 C,0 Degree,21 Times,
6365,816079,70B3D50070001777,1592164562955,FES Receiver,2020-06-14 21:56:03.125872,"['SS', 'Standalone', 'version_184']",70001777,SENS_EVENT_MEASURE,108 cm,3610 mV,18 C,1 Degree,22 Times,
6364,816318,70B3D50070001777,1592168162790,FES Receiver,2020-06-14 22:56:02.957229,"['SS', 'Standalone', 'version_184']",70001777,SENS_EVENT_MEASURE,108 cm,3600 mV,18 C,1 Degree,23 Times,
6363,816574,70B3D50070001777,1592171762617,FES Receiver,2020-06-14 23:56:02.77894,"['SS', 'Standalone', 'version_184']",70001777,SENS_EVENT_MEASURE,108 cm,3600 mV,16 C,1 Degree,24 Times,
6362,816819,70B3D50070001777,1592175362467,FES Receiver,2020-06-15 00:56:02.625759,"['SS', 'Standalone', 'version_184']",70001777,SENS_EVENT_MEASURE,108 cm,3600 mV,18 C,0 Degree,25 Times,
6361,817294,70B3D50070001777,1592182562129,FES Receiver,2020-06-15 02:56:02.280412,"['SS', 'Standalone', 'version_184']",70001777,SENS_EVENT_MEASURE,108 cm,3600 mV,18 C,0 Degree,27 Times,
6360,817530,70B3D50070001777,1592186161980,FES Receiver,2020-06-15 03:56:02.125887,"['SS', 'Standalone', 'version_184']",70001777,SENS_EVENT_MEASURE,108 cm,3600 mV,18 C,0 Degree,28 Times,
6359,817772,70B3D50070001777,1592189761810,FES Receiver,2020-06-15 04:56:01.952196,"['SS', 'Standalone', 'version_184']",70001777,SENS_EVENT_MEASURE,108 cm,3610 mV,17 C,0 Degree,29 Times,
6358,818024,70B3D50070001777,1592193361661,FES Receiver,2020-06-15 05:56:01.800096,"['SS', 'Standalone', 'version_184']",70001777,SENS_EVENT_MEASURE,108 cm,3600 mV,17 C,0 Degree,30 Times,
6357,818286,70B3D50070001777,1592196961497,FES Receiver,2020-06-15 06:56:01.631278,"['SS', 'Standalone', 'version_184']",70001777,SENS_EVENT_MEASURE,108 cm,3610 mV,18 C,0 Degree,31 Times,
6356,818535,70B3D50070001777,1592200561323,FES Receiver,2020-06-15 07:56:01.453036,"['SS', 'Standalone', 'version_184']",70001777,SENS_EVENT_MEASURE,112 cm,3610 mV,17 C,0 Degree,32 Times,
6355,818810,70B3D50070001777,1592204161174,FES Receiver,2020-06-15 08:56:01.299618,"['SS', 'Standalone', 'version_184']",70001777,SENS_EVENT_MEASURE,112 cm,3610 mV,16 C,0 Degree,33 Times,
6354,819058,70B3D50070001777,1592207761005,FES Receiver,2020-06-15 09:56:01.130597,"['SS', 'Standalone', 'version_184']",70001777,SENS_EVENT_MEASURE,114 cm,3620 mV,22 C,0 Degree,34 Times,
6353,819310,70B3D50070001777,1592211360839,FES Receiver,2020-06-15 10:56:00.957143,"['SS', 'Standalone', 'version_184']",70001777,SENS_EVENT_MEASURE,108 cm,3630 mV,29 C,0 Degree,35 Times,
6352,819561,70B3D50070001777,1592214960646,FES Receiver,2020-06-15 11:56:00.764327,"['SS', 'Standalone', 'version_184']",70001777,SENS_EVENT_MEASURE,110 cm,3630 mV,28 C,1 Degree,36 Times,
6351,819801,70B3D50070001777,1592218560497,FES Receiver,2020-06-15 12:56:00.611696,"['SS', 'Standalone', 'version_184']",70001777,SENS_EVENT_MEASURE,112 cm,3630 mV,28 C,0 Degree,37 Times,
6350,820035,70B3D50070001777,1592222160211,FES Receiver,2020-06-15 13:56:00.318031,"['SS', 'Standalone', 'version_184']",70001777,SENS_EVENT_MEASURE,110 cm,3630 mV,29 C,0 Degree,38 Times,
6349,820258,70B3D50070001777,1592225760119,FES Receiver,2020-06-15 14:56:00.221652,"['SS', 'Standalone', 'version_184']",70001777,SENS_EVENT_MEASURE,112 cm,3630 mV,30 C,0 Degree,39 Times,
6348,820506,70B3D50070001777,1592229359930,FES Receiver,2020-06-15 15:56:00.035217,"['SS', 'Standalone', 'version_184']",70001777,SENS_EVENT_MEASURE,112 cm,3630 mV,25 C,1 Degree,40 Times,
6347,820763,70B3D50070001777,1592232959980,FES Receiver,2020-06-15 16:56:00.075794,"['SS', 'Standalone', 'version_184']",70001777,SENS_EVENT_MEASURE,110 cm,3630 mV,26 C,1 Degree,41 Times,
6346,821004,70B3D50070001777,1592236559792,FES Receiver,2020-06-15 17:55:59.884826,"['SS', 'Standalone', 'version_184']",70001777,SENS_EVENT_MEASURE,114 cm,3620 mV,22 C,0 Degree,42 Times,
6345,821239,70B3D50070001777,1592240159642,FES Receiver,2020-06-15 18:55:59.731113,"['SS', 'Standalone', 'version_184']",70001777,SENS_EVENT_MEASURE,98 cm,3620 mV,18 C,0 Degree,43 Times,
6344,821479,70B3D50070001777,1592243761108,FES Receiver,2020-06-15 19:56:01.298075,"['SS', 'Standalone', 'version_184']",70001777,SENS_EVENT_MEASURE,98 cm,3610 mV,19 C,0 Degree,44 Times,
6343,821723,70B3D50070001777,1592247360939,FES Receiver,2020-06-15 20:56:01.125455,"['SS', 'Standalone', 'version_184']",70001777,SENS_EVENT_MEASURE,98 cm,3610 mV,18 C,0 Degree,45 Times,
6342,821951,70B3D50070001777,1592250960769,FES Receiver,2020-06-15 21:56:00.952635,"['SS', 'Standalone', 'version_184']",70001777,SENS_EVENT_MEASURE,98 cm,3610 mV,20 C,0 Degree,46 Times,
6341,822206,70B3D50070001777,1592254560620,FES Receiver,2020-06-15 22:56:00.798663,"['SS', 'Standalone', 'version_184']",70001777,SENS_EVENT_MEASURE,98 cm,3610 mV,17 C,0 Degree,47 Times,
6340,822459,70B3D50070001777,1592258160451,FES Receiver,2020-06-15 23:56:00.625239,"['SS', 'Standalone', 'version_184']",70001777,SENS_EVENT_MEASURE,98 cm,3610 mV,16 C,0 Degree,48 Times,
6339,822683,70B3D50070001777,1592261760302,FES Receiver,2020-06-16 00:56:00.473397,"['SS', 'Standalone', 'version_184']",70001777,SENS_EVENT_MEASURE,98 cm,3610 mV,18 C,0 Degree,49 Times,
6338,822899,70B3D50070001777,1592265360132,FES Receiver,2020-06-16 01:56:00.299064,"['SS', 'Standalone', 'version_184']",70001777,SENS_EVENT_MEASURE,98 cm,3610 mV,16 C,0 Degree,50 Times,
6337,823120,70B3D50070001777,1592268959983,FES Receiver,2020-06-16 02:56:00.146015,"['SS', 'Standalone', 'version_184']",70001777,SENS_EVENT_MEASURE,98 cm,3610 mV,15 C,0 Degree,51 Times,
6336,823363,70B3D50070001777,1592272559814,FES Receiver,2020-06-16 03:55:59.973066,"['SS', 'Standalone', 'version_184']",70001777,SENS_EVENT_MEASURE,98 cm,3610 mV,18 C,0 Degree,52 Times,
6335,823590,70B3D50070001777,1592276159665,FES Receiver,2020-06-16 04:55:59.826185,"['SS', 'Standalone', 'version_184']",70001777,SENS_EVENT_MEASURE,98 cm,3610 mV,17 C,0 Degree,53 Times,
6334,823818,70B3D50070001777,1592279759296,FES Receiver,2020-06-16 05:55:59.448059,"['SS', 'Standalone', 'version_184']",70001777,SENS_EVENT_MEASURE,98 cm,3610 mV,15 C,0 Degree,54 Times,
6333,824060,70B3D50070001777,1592283359127,FES Receiver,2020-06-16 06:55:59.273616,"['SS', 'Standalone', 'version_184']",70001777,SENS_EVENT_MEASURE,98 cm,3610 mV,17 C,0 Degree,55 Times,
6332,824328,70B3D50070001777,1592286958958,FES Receiver,2020-06-16 07:55:59.100103,"['SS', 'Standalone', 'version_184']",70001777,SENS_EVENT_MEASURE,104 cm,3610 mV,18 C,0 Degree,56 Times,
6331,824608,70B3D50070001777,1592290558809,FES Receiver,2020-06-16 08:55:58.947284,"['SS', 'Standalone', 'version_184']",70001777,SENS_EVENT_MEASURE,102 cm,3610 mV,15 C,0 Degree,57 Times,
6330,824852,70B3D50070001777,1592294158639,FES Receiver,2020-06-16 09:55:58.778729,"['SS', 'Standalone', 'version_184']",70001777,SENS_EVENT_MEASURE,100 cm,3620 mV,18 C,0 Degree,58 Times,
6329,825109,70B3D50070001777,1592297758470,FES Receiver,2020-06-16 10:55:58.601014,"['SS', 'Standalone', 'version_184']",70001777,SENS_EVENT_MEASURE,100 cm,3620 mV,18 C,0 Degree,59 Times,
6328,825357,70B3D50070001777,1592301358221,FES Receiver,2020-06-16 11:55:58.347524,"['SS', 'Standalone', 'version_184']",70001777,SENS_EVENT_MEASURE,96 cm,3620 mV,21 C,0 Degree,60 Times,
6327,825586,70B3D50070001777,1592304958032,FES Receiver,2020-06-16 12:55:58.154397,"['SS', 'Standalone', 'version_184']",70001777,SENS_EVENT_MEASURE,98 cm,3620 mV,21 C,0 Degree,61 Times,
6326,825832,70B3D50070001777,1592308557863,FES Receiver,2020-06-16 13:55:57.981548,"['SS', 'Standalone', 'version_184']",70001777,SENS_EVENT_MEASURE,98 cm,3620 mV,23 C,0 Degree,62 Times,
6325,826074,70B3D50070001777,1592312157797,FES Receiver,2020-06-16 14:55:57.917166,"['SS', 'Standalone', 'version_184']",70001777,SENS_EVENT_MEASURE,98 cm,3630 mV,25 C,0 Degree,63 Times,
6324,826326,70B3D50070001777,1592315757565,FES Receiver,2020-06-16 15:55:57.680508,"['SS', 'Standalone', 'version_184']",70001777,SENS_EVENT_MEASURE,96 cm,3630 mV,28 C,0 Degree,64 Times,
6323,826568,70B3D50070001777,1592319357454,FES Receiver,2020-06-16 16:55:57.563698,"['SS', 'Standalone', 'version_184']",70001777,SENS_EVENT_MEASURE,106 cm,3630 mV,22 C,1 Degree,65 Times,
6322,826804,70B3D50070001777,1592322957165,FES Receiver,2020-06-16 17:55:57.275914,"['SS', 'Standalone', 'version_184']",70001777,SENS_EVENT_MEASURE,96 cm,3620 mV,20 C,0 Degree,66 Times,
6321,827051,70B3D50070001777,1592326557016,FES Receiver,2020-06-16 18:55:57.116393,"['SS', 'Standalone', 'version_184']",70001777,SENS_EVENT_MEASURE,100 cm,3620 mV,23 C,0 Degree,67 Times,
6320,827287,70B3D50070001777,1592330158494,FES Receiver,2020-06-16 19:55:58.680499,"['SS', 'Standalone', 'version_184']",70001777,SENS_EVENT_MEASURE,92 cm,3620 mV,22 C,0 Degree,68 Times,
6319,827522,70B3D50070001777,1592333758329,FES Receiver,2020-06-16 20:55:58.5115,"['SS', 'Standalone', 'version_184']",70001777,SENS_EVENT_MEASURE,92 cm,3620 mV,19 C,0 Degree,69 Times,
6318,827755,70B3D50070001777,1592337358155,FES Receiver,2020-06-16 21:55:58.334355,"['SS', 'Standalone', 'version_184']",70001777,SENS_EVENT_MEASURE,96 cm,3610 mV,20 C,1 Degree,70 Times,
6317,828002,70B3D50070001777,1592340957886,FES Receiver,2020-06-16 22:55:58.062559,"['SS', 'Standalone', 'version_184']",70001777,SENS_EVENT_MEASURE,94 cm,3610 mV,19 C,0 Degree,71 Times,
6316,828470,70B3D50070001777,1592348157588,FES Receiver,2020-06-17 00:55:57.755223,"['SS', 'Standalone', 'version_184']",70001777,SENS_EVENT_MEASURE,94 cm,3610 mV,16 C,0 Degree,73 Times,
6315,828695,70B3D50070001777,1592351757424,FES Receiver,2020-06-17 01:55:57.586934,"['SS', 'Standalone', 'version_184']",70001777,SENS_EVENT_MEASURE,92 cm,3610 mV,15 C,0 Degree,74 Times,
6314,828937,70B3D50070001777,1592355357249,FES Receiver,2020-06-17 02:55:57.410184,"['SS', 'Standalone', 'version_184']",70001777,SENS_EVENT_MEASURE,94 cm,3600 mV,18 C,0 Degree,75 Times,
6313,829172,70B3D50070001777,1592358957121,FES Receiver,2020-06-17 03:55:57.275388,"['SS', 'Standalone', 'version_184']",70001777,SENS_EVENT_MEASURE,94 cm,3610 mV,18 C,0 Degree,76 Times,
6312,829404,70B3D50070001777,1592362556972,FES Receiver,2020-06-17 04:55:57.122054,"['SS', 'Standalone', 'version_184']",70001777,SENS_EVENT_MEASURE,94 cm,3600 mV,16 C,0 Degree,77 Times,
6311,829640,70B3D50070001777,1592366156822,FES Receiver,2020-06-17 05:55:56.968732,"['SS', 'Standalone', 'version_184']",70001777,SENS_EVENT_MEASURE,94 cm,3600 mV,17 C,0 Degree,78 Times,
6310,829895,70B3D50070001777,1592369756753,FES Receiver,2020-06-17 06:55:56.895148,"['SS', 'Standalone', 'version_184']",70001777,SENS_EVENT_MEASURE,94 cm,3610 mV,19 C,0 Degree,79 Times,
6309,830140,70B3D50070001777,1592373356584,FES Receiver,2020-06-17 07:55:56.727442,"['SS', 'Standalone', 'version_184']",70001777,SENS_EVENT_MEASURE,98 cm,3610 mV,19 C,0 Degree,80 Times,
6308,830399,70B3D50070001777,1592376956255,FES Receiver,2020-06-17 08:55:56.389342,"['SS', 'Standalone', 'version_184']",70001777,SENS_EVENT_MEASURE,94 cm,3620 mV,23 C,0 Degree,81 Times,
6307,830661,70B3D50070001777,1592380565106,FES Receiver,2020-06-17 09:56:05.239109,"['SS', 'Standalone', 'version_184']",70001777,SENS_EVENT_MEASURE,90 cm,3640 mV,29 C,0 Degree,82 Times,
6306,830927,70B3D50070001777,1592384155957,FES Receiver,2020-06-17 10:55:56.083295,"['SS', 'Standalone', 'version_184']",70001777,SENS_EVENT_MEASURE,96 cm,3640 mV,35 C,0 Degree,83 Times,
6305,831635,70B3D50070001777,1592394955509,FES Receiver,2020-06-17 13:55:55.622799,"['SS', 'Standalone', 'version_184']",70001777,SENS_EVENT_MEASURE,92 cm,3640 mV,35 C,0 Degree,86 Times,
6304,831848,70B3D50070001777,1592398555440,FES Receiver,2020-06-17 14:55:55.550125,"['SS', 'Standalone', 'version_184']",70001777,SENS_EVENT_MEASURE,88 cm,3630 mV,30 C,0 Degree,87 Times,
6303,832042,70B3D50070001777,1592402155151,FES Receiver,2020-06-17 15:55:55.256004,"['SS', 'Standalone', 'version_184']",70001777,SENS_EVENT_MEASURE,88 cm,3630 mV,30 C,0 Degree,88 Times,
6302,832252,70B3D50070001777,1592405754965,FES Receiver,2020-06-17 16:55:55.066877,"['SS', 'Standalone', 'version_184']",70001777,SENS_EVENT_MEASURE,88 cm,3610 mV,28 C,0 Degree,89 Times,
6301,832462,70B3D50070001777,1592409354892,FES Receiver,2020-06-17 17:55:54.993682,"['SS', 'Standalone', 'version_184']",70001777,SENS_EVENT_MEASURE,84 cm,3610 mV,23 C,0 Degree,90 Times,
6300,832662,70B3D50070001777,1592412954743,FES Receiver,2020-06-17 18:55:54.840045,"['SS', 'Standalone', 'version_184']",70001777,SENS_EVENT_MEASURE,84 cm,3600 mV,20 C,1 Degree,91 Times,
6299,832867,70B3D50070001777,1592416556230,FES Receiver,2020-06-17 19:55:56.417461,"['SS', 'Standalone', 'version_184']",70001777,SENS_EVENT_MEASURE,84 cm,3600 mV,16 C,0 Degree,92 Times,
6298,833305,70B3D50070001777,1592423755892,FES Receiver,2020-06-17 21:55:56.071017,"['SS', 'Standalone', 'version_184']",70001777,SENS_EVENT_MEASURE,88 cm,3590 mV,17 C,1 Degree,94 Times,
6297,833520,70B3D50070001777,1592427355723,FES Receiver,2020-06-17 22:55:55.896845,"['SS', 'Standalone', 'version_184']",70001777,SENS_EVENT_MEASURE,88 cm,3590 mV,16 C,0 Degree,95 Times,
6296,833954,70B3D50070001777,1592434555444,FES Receiver,2020-06-18 00:55:55.614947,"['SS', 'Standalone', 'version_184']",70001777,SENS_EVENT_MEASURE,90 cm,3590 mV,16 C,1 Degree,97 Times,
6295,834177,70B3D50070001777,1592438155219,FES Receiver,2020-06-18 01:55:55.380013,"['SS', 'Standalone', 'version_184']",70001777,SENS_EVENT_MEASURE,90 cm,3590 mV,16 C,0 Degree,98 Times,
6294,834407,70B3D50070001777,1592441755045,FES Receiver,2020-06-18 02:55:55.202902,"['SS', 'Standalone', 'version_184']",70001777,SENS_EVENT_MEASURE,88 cm,3590 mV,13 C,0 Degree,99 Times,
6293,834635,70B3D50070001777,1592445354897,FES Receiver,2020-06-18 03:55:55.049846,"['SS', 'Standalone', 'version_184']",70001777,SENS_EVENT_MEASURE,90 cm,3590 mV,15 C,0 Degree,100 Times,
6292,834857,70B3D50070001777,1592448954747,FES Receiver,2020-06-18 04:55:54.895181,"['SS', 'Standalone', 'version_184']",70001777,SENS_EVENT_MEASURE,90 cm,3590 mV,15 C,0 Degree,101 Times,
6291,835099,70B3D50070001777,1592452554598,FES Receiver,2020-06-18 05:55:54.742573,"['SS', 'Standalone', 'version_184']",70001777,SENS_EVENT_MEASURE,90 cm,3590 mV,16 C,0 Degree,102 Times,
6290,835331,70B3D50070001777,1592456154449,FES Receiver,2020-06-18 06:55:54.587601,"['SS', 'Standalone', 'version_184']",70001777,SENS_EVENT_MEASURE,90 cm,3590 mV,16 C,0 Degree,103 Times,
6289,835582,70B3D50070001777,1592459754280,FES Receiver,2020-06-18 07:55:54.41443,"['SS', 'Standalone', 'version_184']",70001777,SENS_EVENT_MEASURE,90 cm,3600 mV,15 C,0 Degree,104 Times,
6288,835877,70B3D50070001777,1592463354111,FES Receiver,2020-06-18 08:55:54.242346,"['SS', 'Standalone', 'version_184']",70001777,SENS_EVENT_MEASURE,82 cm,3610 mV,25 C,0 Degree,105 Times,
6287,836147,70B3D50070001777,1592466953841,FES Receiver,2020-06-18 09:55:53.972159,"['SS', 'Standalone', 'version_184']",70001777,SENS_EVENT_MEASURE,84 cm,3640 mV,31 C,1 Degree,106 Times,
6286,836425,70B3D50070001777,1592470553772,FES Receiver,2020-06-18 10:55:53.894682,"['SS', 'Standalone', 'version_184']",70001777,SENS_EVENT_MEASURE,84 cm,3640 mV,34 C,0 Degree,107 Times,
6285,836700,70B3D50070001777,1592474153503,FES Receiver,2020-06-18 11:55:53.621183,"['SS', 'Standalone', 'version_184']",70001777,SENS_EVENT_MEASURE,84 cm,3640 mV,32 C,1 Degree,108 Times,
6284,836963,70B3D50070001777,1592477753314,FES Receiver,2020-06-18 12:55:53.42701,"['SS', 'Standalone', 'version_184']",70001777,SENS_EVENT_MEASURE,86 cm,3640 mV,34 C,0 Degree,109 Times,
6283,837743,70B3D50070001777,1592488552806,FES Receiver,2020-06-18 15:55:52.91352,"['SS', 'Standalone', 'version_184']",70001777,SENS_EVENT_MEASURE,84 cm,3630 mV,30 C,0 Degree,112 Times,
6282,838019,70B3D50070001777,1592492152777,FES Receiver,2020-06-18 16:55:52.874598,"['SS', 'Standalone', 'version_184']",70001777,SENS_EVENT_MEASURE,82 cm,3630 mV,28 C,0 Degree,113 Times,
6281,838499,70B3D50070001777,1592499352338,FES Receiver,2020-06-18 18:55:52.428274,"['SS', 'Standalone', 'version_184']",70001777,SENS_EVENT_MEASURE,78 cm,3620 mV,26 C,0 Degree,115 Times,
6280,838749,70B3D50070001777,1592502953939,FES Receiver,2020-06-18 19:55:54.08838,"['SS', 'Standalone', 'version_184']",70001777,SENS_EVENT_MEASURE,78 cm,3610 mV,26 C,0 Degree,116 Times,
6279,838995,70B3D50070001777,1592506553765,FES Receiver,2020-06-18 20:55:53.914183,"['SS', 'Standalone', 'version_184']",70001777,SENS_EVENT_MEASURE,78 cm,3610 mV,22 C,0 Degree,117 Times,
6278,839256,70B3D50070001777,1592510153595,FES Receiver,2020-06-18 21:55:53.741114,"['SS', 'Standalone', 'version_184']",70001777,SENS_EVENT_MEASURE,80 cm,3600 mV,20 C,0 Degree,118 Times,
6277,839492,70B3D50070001777,1592513753446,FES Receiver,2020-06-18 22:55:53.584065,"['SS', 'Standalone', 'version_184']",70001777,SENS_EVENT_MEASURE,76 cm,3600 mV,17 C,0 Degree,119 Times,
6276,839745,70B3D50070001777,1592517353257,FES Receiver,2020-06-18 23:55:53.390168,"['SS', 'Standalone', 'version_184']",70001777,SENS_EVENT_MEASURE,76 cm,3600 mV,15 C,0 Degree,120 Times,
6275,840016,70B3D50070001777,1592520953108,FES Receiver,2020-06-19 00:55:53.238036,"['SS', 'Standalone', 'version_184']",70001777,SENS_EVENT_MEASURE,78 cm,3590 mV,15 C,0 Degree,121 Times,
6274,840256,70B3D50070001777,1592524552958,FES Receiver,2020-06-19 01:55:53.083598,"['SS', 'Standalone', 'version_184']",70001777,SENS_EVENT_MEASURE,78 cm,3590 mV,14 C,0 Degree,122 Times,
6273,840511,70B3D50070001777,1592528152789,FES Receiver,2020-06-19 02:55:52.910317,"['SS', 'Standalone', 'version_184']",70001777,SENS_EVENT_MEASURE,78 cm,3590 mV,14 C,0 Degree,123 Times,
6272,841009,70B3D50070001777,1592535352492,FES Receiver,2020-06-19 04:55:52.605887,"['SS', 'Standalone', 'version_184']",70001777,SENS_EVENT_MEASURE,78 cm,3580 mV,15 C,0 Degree,125 Times,
6271,841279,70B3D50070001777,1592538952342,FES Receiver,2020-06-19 05:55:52.450128,"['SS', 'Standalone', 'version_184']",70001777,SENS_EVENT_MEASURE,76 cm,3580 mV,14 C,0 Degree,126 Times,
6270,841535,70B3D50070001777,1592542552093,FES Receiver,2020-06-19 06:55:52.202677,"['SS', 'Standalone', 'version_184']",70001777,SENS_EVENT_MEASURE,76 cm,3590 mV,16 C,0 Degree,127 Times,
6269,841829,70B3D50070001777,1592546151884,FES Receiver,2020-06-19 07:55:51.98444,"['SS', 'Standalone', 'version_184']",70001777,SENS_EVENT_MEASURE,76 cm,3600 mV,15 C,0 Degree,128 Times,
6268,842136,70B3D50070001777,1592549751715,FES Receiver,2020-06-19 08:55:51.811138,"['SS', 'Standalone', 'version_184']",70001777,SENS_EVENT_MEASURE,74 cm,3620 mV,28 C,0 Degree,129 Times,
6267,842411,70B3D50070001777,1592553351546,FES Receiver,2020-06-19 09:55:51.642349,"['SS', 'Standalone', 'version_184']",70001777,SENS_EVENT_MEASURE,76 cm,3640 mV,36 C,0 Degree,130 Times,
6266,842682,70B3D50070001777,1592556951416,FES Receiver,2020-06-19 10:55:51.504762,"['SS', 'Standalone', 'version_184']",70001777,SENS_EVENT_MEASURE,76 cm,3640 mV,41 C,0 Degree,131 Times,
6265,842944,70B3D50070001777,1592560551227,FES Receiver,2020-06-19 11:55:51.311733,"['SS', 'Standalone', 'version_184']",70001777,SENS_EVENT_MEASURE,72 cm,3640 mV,31 C,0 Degree,132 Times,
6264,843229,70B3D50070001777,1592564151058,FES Receiver,2020-06-19 12:55:51.140115,"['SS', 'Standalone', 'version_184']",70001777,SENS_EVENT_MEASURE,72 cm,3620 mV,25 C,0 Degree,133 Times,
6263,843476,70B3D50070001777,1592567750989,FES Receiver,2020-06-19 13:55:51.063675,"['SS', 'Standalone', 'version_184']",70001777,SENS_EVENT_MEASURE,122 cm,3640 mV,32 C,0 Degree,134 Times,
6262,843736,70B3D50070001777,1592571350799,FES Receiver,2020-06-19 14:55:50.87219,"['SS', 'Standalone', 'version_184']",70001777,SENS_EVENT_MEASURE,124 cm,3630 mV,30 C,0 Degree,135 Times,
6261,844000,70B3D50070001777,1592574950530,FES Receiver,2020-06-19 15:55:50.598645,"['SS', 'Standalone', 'version_184']",70001777,SENS_EVENT_MEASURE,122 cm,3630 mV,28 C,0 Degree,136 Times,
6260,844528,70B3D50070001777,1592582150172,FES Receiver,2020-06-19 17:55:50.232509,"['SS', 'Standalone', 'version_184']",70001777,SENS_EVENT_MEASURE,122 cm,3630 mV,28 C,0 Degree,138 Times,
6259,844737,70B3D50070001777,1592585749982,FES Receiver,2020-06-19 18:55:50.039402,"['SS', 'Standalone', 'version_184']",70001777,SENS_EVENT_MEASURE,122 cm,3620 mV,26 C,0 Degree,139 Times,
6258,844960,70B3D50070001777,1592589351479,FES Receiver,2020-06-19 19:55:51.625498,"['SS', 'Standalone', 'version_184']",70001777,SENS_EVENT_MEASURE,122 cm,3610 mV,27 C,1 Degree,140 Times,
6257,845815,70B3D50070001777,1592603750911,FES Receiver,2020-06-19 23:55:51.047824,"['SS', 'Standalone', 'version_184']",70001777,SENS_EVENT_MEASURE,124 cm,3590 mV,20 C,0 Degree,144 Times,
6256,846036,70B3D50070001777,1592607350732,FES Receiver,2020-06-20 00:55:50.863979,"['SS', 'Standalone', 'version_184']",70001777,SENS_EVENT_MEASURE,122 cm,3590 mV,18 C,0 Degree,145 Times,
6255,846249,70B3D50070001777,1592610950582,FES Receiver,2020-06-20 01:55:50.709695,"['SS', 'Standalone', 'version_184']",70001777,SENS_EVENT_MEASURE,122 cm,3590 mV,16 C,0 Degree,146 Times,
6254,846698,70B3D50070001777,1592618150265,FES Receiver,2020-06-20 03:55:50.38086,"['SS', 'Standalone', 'version_184']",70001777,SENS_EVENT_MEASURE,122 cm,3590 mV,15 C,0 Degree,148 Times,
6253,847126,70B3D50070001777,1592625349950,FES Receiver,2020-06-20 05:55:50.056631,"['SS', 'Standalone', 'version_184']",70001777,SENS_EVENT_MEASURE,122 cm,3580 mV,16 C,0 Degree,150 Times,
6252,847360,70B3D50070001777,1592628949797,FES Receiver,2020-06-20 06:55:49.898377,"['SS', 'Standalone', 'version_184']",70001777,SENS_EVENT_MEASURE,122 cm,3590 mV,15 C,0 Degree,151 Times,
6251,847600,70B3D50070001777,1592632549648,FES Receiver,2020-06-20 07:55:49.742268,"['SS', 'Standalone', 'version_184']",70001777,SENS_EVENT_MEASURE,122 cm,3600 mV,18 C,0 Degree,152 Times,
6250,847841,70B3D50070001777,1592636149478,FES Receiver,2020-06-20 08:55:49.568613,"['SS', 'Standalone', 'version_184']",70001777,SENS_EVENT_MEASURE,122 cm,3630 mV,28 C,0 Degree,153 Times,
6249,848073,70B3D50070001777,1592639749209,FES Receiver,2020-06-20 09:55:49.298382,"['SS', 'Standalone', 'version_184']",70001777,SENS_EVENT_MEASURE,124 cm,3640 mV,42 C,0 Degree,154 Times,
6248,848310,70B3D50070001777,1592643349140,FES Receiver,2020-06-20 10:55:49.220759,"['SS', 'Standalone', 'version_184']",70001777,SENS_EVENT_MEASURE,124 cm,3640 mV,31 C,0 Degree,155 Times,
6247,848989,70B3D50070001777,1592654148572,FES Receiver,2020-06-20 13:55:48.638928,"['SS', 'Standalone', 'version_184']",70001777,SENS_EVENT_MEASURE,126 cm,3640 mV,42 C,0 Degree,158 Times,
6246,849194,70B3D50070001777,1592657748383,FES Receiver,2020-06-20 14:55:48.444241,"['SS', 'Standalone', 'version_184']",70001777,SENS_EVENT_MEASURE,120 cm,3630 mV,30 C,0 Degree,159 Times,
6245,849399,70B3D50070001777,1592661348273,FES Receiver,2020-06-20 15:55:48.331834,"['SS', 'Standalone', 'version_184']",70001777,SENS_EVENT_MEASURE,128 cm,3620 mV,29 C,1 Degree,160 Times,
6244,849632,70B3D50070001777,1592664948104,FES Receiver,2020-06-20 16:55:48.164107,"['SS', 'Standalone', 'version_184']",70001777,SENS_EVENT_MEASURE,120 cm,3610 mV,25 C,0 Degree,161 Times,
6243,849834,70B3D50070001777,1592668548095,FES Receiver,2020-06-20 17:55:48.147241,"['SS', 'Standalone', 'version_184']",70001777,SENS_EVENT_MEASURE,120 cm,3620 mV,26 C,0 Degree,162 Times,
6242,850042,70B3D50070001777,1592672147907,FES Receiver,2020-06-20 18:55:47.95435,"['SS', 'Standalone', 'version_184']",70001777,SENS_EVENT_MEASURE,120 cm,3610 mV,28 C,0 Degree,163 Times,
6241,850709,70B3D50070001777,1592682948990,FES Receiver,2020-06-20 21:55:49.174608,"['SS', 'Standalone', 'version_184']",70001777,SENS_EVENT_MEASURE,114 cm,3600 mV,21 C,1 Degree,166 Times,
6240,850932,70B3D50070001777,1592686548820,FES Receiver,2020-06-20 22:55:49.002241,"['SS', 'Standalone', 'version_184']",70001777,SENS_EVENT_MEASURE,114 cm,3600 mV,17 C,0 Degree,167 Times,
6239,851151,70B3D50070001777,1592690148651,FES Receiver,2020-06-20 23:55:48.828617,"['SS', 'Standalone', 'version_184']",70001777,SENS_EVENT_MEASURE,116 cm,3600 mV,16 C,0 Degree,168 Times,
6238,851363,70B3D50070001777,1592693748502,FES Receiver,2020-06-21 00:55:48.675516,"['SS', 'Standalone', 'version_184']",70001777,SENS_EVENT_MEASURE,114 cm,3590 mV,17 C,0 Degree,169 Times,
6237,851576,70B3D50070001777,1592697348356,FES Receiver,2020-06-21 01:55:48.528199,"['SS', 'Standalone', 'version_184']",70001777,SENS_EVENT_MEASURE,116 cm,3590 mV,16 C,0 Degree,170 Times,
6236,851801,70B3D50070001777,1592700948183,FES Receiver,2020-06-21 02:55:48.353041,"['SS', 'Standalone', 'version_184']",70001777,SENS_EVENT_MEASURE,116 cm,3590 mV,15 C,0 Degree,171 Times,
6235,852013,70B3D50070001777,1592704548054,FES Receiver,2020-06-21 03:55:48.223978,"['SS', 'Standalone', 'version_184']",70001777,SENS_EVENT_MEASURE,114 cm,3590 mV,15 C,0 Degree,172 Times,
6234,852421,70B3D50070001777,1592711747740,FES Receiver,2020-06-21 05:55:47.894504,"['SS', 'Standalone', 'version_184']",70001777,SENS_EVENT_MEASURE,116 cm,3590 mV,13 C,0 Degree,174 Times,
6233,852655,70B3D50070001777,1592715347586,FES Receiver,2020-06-21 06:55:47.737356,"['SS', 'Standalone', 'version_184']",70001777,SENS_EVENT_MEASURE,114 cm,3590 mV,15 C,0 Degree,175 Times,
6232,852882,70B3D50070001777,1592718947437,FES Receiver,2020-06-21 07:55:47.583233,"['SS', 'Standalone', 'version_184']",70001777,SENS_EVENT_MEASURE,116 cm,3600 mV,17 C,0 Degree,176 Times,
6231,853123,70B3D50070001777,1592722547128,FES Receiver,2020-06-21 08:55:47.27665,"['SS', 'Standalone', 'version_184']",70001777,SENS_EVENT_MEASURE,116 cm,3620 mV,28 C,0 Degree,177 Times,
6230,853373,70B3D50070001777,1592726151058,FES Receiver,2020-06-21 09:55:51.202707,"['SS', 'Standalone', 'version_184']",70001777,SENS_EVENT_MEASURE,116 cm,3640 mV,37 C,0 Degree,178 Times,
6229,853609,70B3D50070001777,1592729746889,FES Receiver,2020-06-21 10:55:47.02438,"['SS', 'Standalone', 'version_184']",70001777,SENS_EVENT_MEASURE,118 cm,3640 mV,43 C,0 Degree,179 Times,
6228,853835,70B3D50070001777,1592733346720,FES Receiver,2020-06-21 11:55:46.851217,"['SS', 'Standalone', 'version_184']",70001777,SENS_EVENT_MEASURE,118 cm,3640 mV,46 C,0 Degree,180 Times,
6227,854061,70B3D50070001777,1592736946731,FES Receiver,2020-06-21 12:55:46.858823,"['SS', 'Standalone', 'version_184']",70001777,SENS_EVENT_MEASURE,124 cm,3640 mV,46 C,0 Degree,181 Times,
6226,854273,70B3D50070001777,1592740546601,FES Receiver,2020-06-21 13:55:46.72507,"['SS', 'Standalone', 'version_184']",70001777,SENS_EVENT_MEASURE,122 cm,3640 mV,44 C,0 Degree,182 Times,
6225,854488,70B3D50070001777,1592744146392,FES Receiver,2020-06-21 14:55:46.511696,"['SS', 'Standalone', 'version_184']",70001777,SENS_EVENT_MEASURE,110 cm,3640 mV,34 C,0 Degree,183 Times,
6224,854698,70B3D50070001777,1592747746203,FES Receiver,2020-06-21 15:55:46.320278,"['SS', 'Standalone', 'version_184']",70001777,SENS_EVENT_MEASURE,110 cm,3630 mV,32 C,0 Degree,184 Times,
6223,854905,70B3D50070001777,1592751346033,FES Receiver,2020-06-21 16:55:46.14706,"['SS', 'Standalone', 'version_184']",70001777,SENS_EVENT_MEASURE,114 cm,3620 mV,28 C,0 Degree,185 Times,
6222,855113,70B3D50070001777,1592754945844,FES Receiver,2020-06-21 17:55:45.953747,"['SS', 'Standalone', 'version_184']",70001777,SENS_EVENT_MEASURE,114 cm,3620 mV,27 C,0 Degree,186 Times,
6221,855339,70B3D50070001777,1592758545675,FES Receiver,2020-06-21 18:55:45.780321,"['SS', 'Standalone', 'version_184']",70001777,SENS_EVENT_MEASURE,112 cm,3620 mV,28 C,0 Degree,187 Times,
6220,855540,70B3D50070001777,1592762147183,FES Receiver,2020-06-21 19:55:47.371953,"['SS', 'Standalone', 'version_184']",70001777,SENS_EVENT_MEASURE,112 cm,3610 mV,27 C,0 Degree,188 Times,
6219,855927,70B3D50070001777,1592769346825,FES Receiver,2020-06-21 21:55:47.011842,"['SS', 'Standalone', 'version_184']",70001777,SENS_EVENT_MEASURE,112 cm,3610 mV,24 C,0 Degree,190 Times,
6218,856142,70B3D50070001777,1592772946555,FES Receiver,2020-06-21 22:55:46.733474,"['SS', 'Standalone', 'version_184']",70001777,SENS_EVENT_MEASURE,112 cm,3600 mV,21 C,0 Degree,191 Times,
6217,856577,70B3D50070001777,1592780146197,FES Receiver,2020-06-22 00:55:46.367429,"['SS', 'Standalone', 'version_184']",70001777,SENS_EVENT_MEASURE,112 cm,3600 mV,20 C,0 Degree,193 Times,
6216,856807,70B3D50070001777,1592783746074,FES Receiver,2020-06-22 01:55:46.239739,"['SS', 'Standalone', 'version_184']",70001777,SENS_EVENT_MEASURE,114 cm,3600 mV,20 C,1 Degree,194 Times,
6215,857028,70B3D50070001777,1592787345878,FES Receiver,2020-06-22 02:55:46.040091,"['SS', 'Standalone', 'version_184']",70001777,SENS_EVENT_MEASURE,114 cm,3600 mV,19 C,0 Degree,195 Times,
6214,857240,70B3D50070001777,1592790945709,FES Receiver,2020-06-22 03:55:45.866741,"['SS', 'Standalone', 'version_184']",70001777,SENS_EVENT_MEASURE,112 cm,3590 mV,16 C,0 Degree,196 Times,
6213,857674,70B3D50070001777,1592798145390,FES Receiver,2020-06-22 05:55:46.054383,"['SS', 'Standalone', 'version_184']",70001777,SENS_EVENT_MEASURE,112 cm,3590 mV,15 C,0 Degree,198 Times,
6212,857900,70B3D50070001777,1592801745241,FES Receiver,2020-06-22 06:55:45.400663,"['SS', 'Standalone', 'version_184']",70001777,SENS_EVENT_MEASURE,112 cm,3600 mV,17 C,0 Degree,199 Times,
6211,858337,70B3D50070001777,1592808944883,FES Receiver,2020-06-22 08:55:45.021651,"['SS', 'Standalone', 'version_184']",70001777,SENS_EVENT_MEASURE,112 cm,3610 mV,25 C,0 Degree,201 Times,
6210,858591,70B3D50070001777,1592812548693,FES Receiver,2020-06-22 09:55:48.831583,"['SS', 'Standalone', 'version_184']",70001777,SENS_EVENT_MEASURE,110 cm,3620 mV,22 C,0 Degree,202 Times,
6209,858822,70B3D50070001777,1592816144524,FES Receiver,2020-06-22 10:55:44.654981,"['SS', 'Standalone', 'version_184']",70001777,SENS_EVENT_MEASURE,108 cm,3630 mV,30 C,2 Degree,203 Times,
6208,859260,70B3D50070001777,1592823344185,FES Receiver,2020-06-22 12:55:44.307844,"['SS', 'Standalone', 'version_184']",70001777,SENS_EVENT_MEASURE,112 cm,3630 mV,28 C,0 Degree,205 Times,
6207,859523,70B3D50070001777,1592826944000,FES Receiver,2020-06-22 13:55:44.119438,"['SS', 'Standalone', 'version_184']",70001777,SENS_EVENT_MEASURE,112 cm,3640 mV,35 C,1 Degree,206 Times,
6206,859847,70B3D50070001777,1592830543727,FES Receiver,2020-06-22 14:55:43.848507,"['SS', 'Standalone', 'version_184']",70001777,SENS_EVENT_MEASURE,104 cm,3630 mV,30 C,1 Degree,207 Times,
6205,860242,70B3D50070001777,1592834143598,FES Receiver,2020-06-22 15:55:43.707988,"['SS', 'Standalone', 'version_184']",70001777,SENS_EVENT_MEASURE,104 cm,3630 mV,30 C,1 Degree,208 Times,
6204,860631,70B3D50070001777,1592844942949,FES Receiver,2020-06-22 18:55:43.048731,"['SS', 'Standalone', 'version_184']",70001777,SENS_EVENT_MEASURE,102 cm,3620 mV,25 C,0 Degree,211 Times,
6203,861013,70B3D50070001777,1592848544462,FES Receiver,2020-06-22 19:55:44.652065,"['SS', 'Standalone', 'version_184']",70001777,SENS_EVENT_MEASURE,102 cm,3610 mV,27 C,0 Degree,212 Times,
6202,861777,70B3D50070001777,1592855744093,FES Receiver,2020-06-22 21:55:44.274639,"['SS', 'Standalone', 'version_184']",70001777,SENS_EVENT_MEASURE,102 cm,3610 mV,22 C,0 Degree,214 Times,
6201,862185,70B3D50070001777,1592859344024,FES Receiver,2020-06-22 22:55:44.20194,"['SS', 'Standalone', 'version_184']",70001777,SENS_EVENT_MEASURE,102 cm,3600 mV,20 C,1 Degree,215 Times,
6200,862567,70B3D50070001777,1592862943854,FES Receiver,2020-06-22 23:55:44.027548,"['SS', 'Standalone', 'version_184']",70001777,SENS_EVENT_MEASURE,102 cm,3600 mV,17 C,0 Degree,216 Times,
6199,862965,70B3D50070001777,1592866543685,FES Receiver,2020-06-23 00:55:43.855094,"['SS', 'Standalone', 'version_184']",70001777,SENS_EVENT_MEASURE,102 cm,3600 mV,18 C,0 Degree,217 Times,
6198,863721,70B3D50070001777,1592873743367,FES Receiver,2020-06-23 02:55:43.528325,"['SS', 'Standalone', 'version_184']",70001777,SENS_EVENT_MEASURE,102 cm,3590 mV,16 C,0 Degree,219 Times,
6197,864104,70B3D50070001777,1592877343217,FES Receiver,2020-06-23 03:55:43.376183,"['SS', 'Standalone', 'version_184']",70001777,SENS_EVENT_MEASURE,102 cm,3590 mV,18 C,0 Degree,220 Times,
6196,864884,70B3D50070001777,1592884542898,FES Receiver,2020-06-23 05:55:43.047903,"['SS', 'Standalone', 'version_184']",70001777,SENS_EVENT_MEASURE,104 cm,3590 mV,18 C,0 Degree,222 Times,
6195,865276,70B3D50070001777,1592888142749,FES Receiver,2020-06-23 06:55:42.895495,"['SS', 'Standalone', 'version_184']",70001777,SENS_EVENT_MEASURE,102 cm,3600 mV,17 C,1 Degree,223 Times,
6194,865686,70B3D50070001777,1592891742600,FES Receiver,2020-06-23 07:55:42.748195,"['SS', 'Standalone', 'version_184']",70001777,SENS_EVENT_MEASURE,106 cm,3600 mV,15 C,0 Degree,224 Times,
6193,866095,70B3D50070001777,1592895342310,FES Receiver,2020-06-23 08:55:42.453278,"['SS', 'Standalone', 'version_184']",70001777,SENS_EVENT_MEASURE,102 cm,3630 mV,29 C,0 Degree,225 Times,
6192,866516,70B3D50070001777,1592898947121,FES Receiver,2020-06-23 09:55:47.260692,"['SS', 'Standalone', 'version_184']",70001777,SENS_EVENT_MEASURE,104 cm,3640 mV,38 C,0 Degree,226 Times,
6191,866918,70B3D50070001777,1592902521992,FES Receiver,2020-06-23 10:55:22.122956,"['SS', 'Standalone', 'version_184']",70001777,SENS_EVENT_MEASURE,104 cm,3640 mV,45 C,0 Degree,227 Times,
6190,867307,70B3D50070001777,1592906121922,FES Receiver,2020-06-23 11:55:22.048781,"['SS', 'Standalone', 'version_184']",70001777,SENS_EVENT_MEASURE,108 cm,3640 mV,45 C,0 Degree,228 Times,
6189,867744,70B3D50070001777,1592909721933,FES Receiver,2020-06-23 12:55:22.055305,"['SS', 'Standalone', 'version_184']",70001777,SENS_EVENT_MEASURE,100 cm,3640 mV,52 C,0 Degree,229 Times,
6188,868145,70B3D50070001777,1592913321684,FES Receiver,2020-06-23 13:55:21.801518,"['SS', 'Standalone', 'version_184']",70001777,SENS_EVENT_MEASURE,106 cm,3640 mV,49 C,0 Degree,230 Times,
6187,868939,70B3D50070001777,1592920521345,FES Receiver,2020-06-23 15:55:21.45299,"['SS', 'Standalone', 'version_184']",70001777,SENS_EVENT_MEASURE,102 cm,3610 mV,27 C,0 Degree,232 Times,
6186,869324,70B3D50070001777,1592924121156,FES Receiver,2020-06-23 16:55:21.260019,"['SS', 'Standalone', 'version_184']",70001777,SENS_EVENT_MEASURE,98 cm,3610 mV,27 C,0 Degree,233 Times,
6185,869692,70B3D50070001777,1592927721090,FES Receiver,2020-06-23 17:55:21.191382,"['SS', 'Standalone', 'version_184']",70001777,SENS_EVENT_MEASURE,96 cm,3610 mV,28 C,0 Degree,234 Times,
6184,870072,70B3D50070001777,1592931320917,FES Receiver,2020-06-23 18:55:21.01356,"['SS', 'Standalone', 'version_184']",70001777,SENS_EVENT_MEASURE,94 cm,3610 mV,28 C,1 Degree,235 Times,
6183,870447,70B3D50070001777,1592934922409,FES Receiver,2020-06-23 19:55:22.590724,"['SS', 'Standalone', 'version_184']",70001777,SENS_EVENT_MEASURE,92 cm,3610 mV,26 C,0 Degree,236 Times,
6182,870834,70B3D50070001777,1592938522229,FES Receiver,2020-06-23 20:55:22.407588,"['SS', 'Standalone', 'version_184']",70001777,SENS_EVENT_MEASURE,94 cm,3600 mV,23 C,0 Degree,237 Times,
6181,871221,70B3D50070001777,1592942122069,FES Receiver,2020-06-23 21:55:22.248716,"['SS', 'Standalone', 'version_184']",70001777,SENS_EVENT_MEASURE,94 cm,3600 mV,25 C,0 Degree,238 Times,
6180,871617,70B3D50070001777,1592945721960,FES Receiver,2020-06-23 22:55:22.129957,"['SS', 'Standalone', 'version_184']",70001777,SENS_EVENT_MEASURE,94 cm,3600 mV,23 C,1 Degree,239 Times,
6179,872007,70B3D50070001777,1592949321774,FES Receiver,2020-06-23 23:55:21.939779,"['SS', 'Standalone', 'version_184']",70001777,SENS_EVENT_MEASURE,94 cm,3590 mV,20 C,0 Degree,240 Times,
6178,872406,70B3D50070001777,1592952921601,FES Receiver,2020-06-24 00:55:21.762745,"['SS', 'Standalone', 'version_184']",70001777,SENS_EVENT_MEASURE,94 cm,3590 mV,19 C,0 Degree,241 Times,
6177,873175,70B3D50070001777,1592960121184,FES Receiver,2020-06-24 02:55:21.338202,"['SS', 'Standalone', 'version_184']",70001777,SENS_EVENT_MEASURE,94 cm,3590 mV,17 C,0 Degree,243 Times,
6176,873571,70B3D50070001777,1592963721033,FES Receiver,2020-06-24 03:55:21.182431,"['SS', 'Standalone', 'version_184']",70001777,SENS_EVENT_MEASURE,94 cm,3580 mV,16 C,0 Degree,244 Times,
6175,873936,70B3D50070001777,1592967320864,FES Receiver,2020-06-24 04:55:21.008852,"['SS', 'Standalone', 'version_184']",70001777,SENS_EVENT_MEASURE,94 cm,3580 mV,18 C,0 Degree,245 Times,
6174,874317,70B3D50070001777,1592970920782,FES Receiver,2020-06-24 05:55:20.922988,"['SS', 'Standalone', 'version_184']",70001777,SENS_EVENT_MEASURE,92 cm,3580 mV,15 C,0 Degree,246 Times,
6173,874722,70B3D50070001777,1592974520649,FES Receiver,2020-06-24 06:55:20.784834,"['SS', 'Standalone', 'version_184']",70001777,SENS_EVENT_MEASURE,92 cm,3590 mV,15 C,0 Degree,247 Times,
6172,875124,70B3D50070001777,1592978120376,FES Receiver,2020-06-24 07:55:20.509209,"['SS', 'Standalone', 'version_184']",70001777,SENS_EVENT_MEASURE,92 cm,3600 mV,18 C,0 Degree,248 Times,
6171,875552,70B3D50070001777,1592981720207,FES Receiver,2020-06-24 08:55:20.334236,"['SS', 'Standalone', 'version_184']",70001777,SENS_EVENT_MEASURE,92 cm,3620 mV,29 C,0 Degree,249 Times,
6170,875940,70B3D50070001777,1592985320041,FES Receiver,2020-06-24 09:55:20.166449,"['SS', 'Standalone', 'version_184']",70001777,SENS_EVENT_MEASURE,88 cm,3640 mV,38 C,0 Degree,250 Times,
6169,876331,70B3D50070001777,1592988919928,FES Receiver,2020-06-24 10:55:20.052365,"['SS', 'Standalone', 'version_184']",70001777,SENS_EVENT_MEASURE,90 cm,3630 mV,43 C,0 Degree,251 Times,
6168,876722,70B3D50070001777,1592992519939,FES Receiver,2020-06-24 11:55:20.061928,"['SS', 'Standalone', 'version_184']",70001777,SENS_EVENT_MEASURE,88 cm,3640 mV,44 C,0 Degree,252 Times,
6167,877109,70B3D50070001777,1592996119689,FES Receiver,2020-06-24 12:55:19.80221,"['SS', 'Standalone', 'version_184']",70001777,SENS_EVENT_MEASURE,88 cm,3640 mV,47 C,0 Degree,253 Times,
6166,877501,70B3D50070001777,1592999719564,FES Receiver,2020-06-24 13:55:19.672789,"['SS', 'Standalone', 'version_184']",70001777,SENS_EVENT_MEASURE,88 cm,3640 mV,47 C,0 Degree,254 Times,
6165,877881,70B3D50070001777,1593003319410,FES Receiver,2020-06-24 14:55:19.51429,"['SS', 'Standalone', 'version_184']",70001777,SENS_EVENT_MEASURE,86 cm,3630 mV,33 C,0 Degree,255 Times,
6164,878650,70B3D50070001777,1593010519155,FES Receiver,2020-06-24 16:55:19.252034,"['SS', 'Standalone', 'version_184']",70001777,SENS_EVENT_MEASURE,90 cm,3610 mV,28 C,0 Degree,1 Times,
6163,879038,70B3D50070001777,1593014118962,FES Receiver,2020-06-24 17:55:19.05436,"['SS', 'Standalone', 'version_184']",70001777,SENS_EVENT_MEASURE,86 cm,3610 mV,28 C,0 Degree,2 Times,
6162,879415,70B3D50070001777,1593017718798,FES Receiver,2020-06-24 18:55:18.886858,"['SS', 'Standalone', 'version_184']",70001777,SENS_EVENT_MEASURE,88 cm,3610 mV,28 C,0 Degree,3 Times,
6161,879788,70B3D50070001777,1593021320284,FES Receiver,2020-06-24 19:55:20.451908,"['SS', 'Standalone', 'version_184']",70001777,SENS_EVENT_MEASURE,84 cm,3610 mV,27 C,0 Degree,4 Times,
6160,880174,70B3D50070001777,1593024920034,FES Receiver,2020-06-24 20:55:20.198453,"['SS', 'Standalone', 'version_184']",70001777,SENS_EVENT_MEASURE,84 cm,3610 mV,27 C,0 Degree,5 Times,
6159,880934,70B3D50070001777,1593032119756,FES Receiver,2020-06-24 22:55:19.910994,"['SS', 'Standalone', 'version_184']",70001777,SENS_EVENT_MEASURE,84 cm,3600 mV,22 C,0 Degree,7 Times,
6158,881309,70B3D50070001777,1593035719586,FES Receiver,2020-06-24 23:55:19.738434,"['SS', 'Standalone', 'version_184']",70001777,SENS_EVENT_MEASURE,84 cm,3600 mV,20 C,0 Degree,8 Times,
6157,881692,70B3D50070001777,1593039319317,FES Receiver,2020-06-25 00:55:19.463272,"['SS', 'Standalone', 'version_184']",70001777,SENS_EVENT_MEASURE,80 cm,3600 mV,18 C,0 Degree,9 Times,
6156,882073,70B3D50070001777,1593042919147,FES Receiver,2020-06-25 01:55:19.290573,"['SS', 'Standalone', 'version_184']",70001777,SENS_EVENT_MEASURE,80 cm,3600 mV,18 C,0 Degree,10 Times,
6155,882453,70B3D50070001777,1593046518979,FES Receiver,2020-06-25 02:55:19.122367,"['SS', 'Standalone', 'version_184']",70001777,SENS_EVENT_MEASURE,80 cm,3600 mV,16 C,0 Degree,11 Times,
6154,882834,70B3D50070001777,1593050118770,FES Receiver,2020-06-25 03:55:18.904506,"['SS', 'Standalone', 'version_184']",70001777,SENS_EVENT_MEASURE,80 cm,3590 mV,19 C,0 Degree,12 Times,
6153,883212,70B3D50070001777,1593053718600,FES Receiver,2020-06-25 04:55:18.728282,"['SS', 'Standalone', 'version_184']",70001777,SENS_EVENT_MEASURE,80 cm,3590 mV,18 C,0 Degree,13 Times,
6152,883974,70B3D50070001777,1593060918282,FES Receiver,2020-06-25 06:55:18.403367,"['SS', 'Standalone', 'version_184']",70001777,SENS_EVENT_MEASURE,82 cm,3590 mV,18 C,0 Degree,15 Times,
6151,885201,70B3D50070001777,1593071717775,FES Receiver,2020-06-25 09:55:17.882296,"['SS', 'Standalone', 'version_184']",70001777,SENS_EVENT_MEASURE,84 cm,3640 mV,39 C,1 Degree,18 Times,
6150,885585,70B3D50070001777,1593075322664,FES Receiver,2020-06-25 10:55:22.773088,"['SS', 'Standalone', 'version_184']",70001777,SENS_EVENT_MEASURE,90 cm,3640 mV,44 C,0 Degree,19 Times,
6149,885951,70B3D50070001777,1593078917495,FES Receiver,2020-06-25 11:55:17.597407,"['SS', 'Standalone', 'version_184']",70001777,SENS_EVENT_MEASURE,80 cm,3640 mV,43 C,0 Degree,20 Times,
6148,886326,70B3D50070001777,1593082517366,FES Receiver,2020-06-25 12:55:17.462278,"['SS', 'Standalone', 'version_184']",70001777,SENS_EVENT_MEASURE,78 cm,3640 mV,37 C,0 Degree,21 Times,
6147,887088,70B3D50070001777,1593089717047,FES Receiver,2020-06-25 14:55:17.139333,"['SS', 'Standalone', 'version_184']",70001777,SENS_EVENT_MEASURE,76 cm,3620 mV,30 C,0 Degree,23 Times,
6146,887485,70B3D50070001777,1593093316861,FES Receiver,2020-06-25 15:55:16.949963,"['SS', 'Standalone', 'version_184']",70001777,SENS_EVENT_MEASURE,76 cm,3620 mV,30 C,1 Degree,24 Times,
6145,887861,70B3D50070001777,1593096916748,FES Receiver,2020-06-25 16:55:16.828358,"['SS', 'Standalone', 'version_184']",70001777,SENS_EVENT_MEASURE,76 cm,3610 mV,30 C,0 Degree,25 Times,
6144,888250,70B3D50070001777,1593100516499,FES Receiver,2020-06-25 17:55:16.57465,"['SS', 'Standalone', 'version_184']",70001777,SENS_EVENT_MEASURE,78 cm,3620 mV,29 C,0 Degree,26 Times,
6143,888643,70B3D50070001777,1593104116410,FES Receiver,2020-06-25 18:55:16.482008,"['SS', 'Standalone', 'version_184']",70001777,SENS_EVENT_MEASURE,70 cm,3610 mV,28 C,0 Degree,27 Times,
6142,889029,70B3D50070001777,1593107717772,FES Receiver,2020-06-25 19:55:17.954651,"['SS', 'Standalone', 'version_184']",70001777,SENS_EVENT_MEASURE,72 cm,3610 mV,28 C,0 Degree,28 Times,
6141,889430,70B3D50070001777,1593111317603,FES Receiver,2020-06-25 20:55:17.778853,"['SS', 'Standalone', 'version_184']",70001777,SENS_EVENT_MEASURE,72 cm,3600 mV,25 C,0 Degree,29 Times,
6140,889811,70B3D50070001777,1593114917414,FES Receiver,2020-06-25 21:55:17.583652,"['SS', 'Standalone', 'version_184']",70001777,SENS_EVENT_MEASURE,72 cm,3600 mV,25 C,0 Degree,30 Times,
6139,890193,70B3D50070001777,1593118517244,FES Receiver,2020-06-25 22:55:17.411617,"['SS', 'Standalone', 'version_184']",70001777,SENS_EVENT_MEASURE,72 cm,3600 mV,21 C,0 Degree,31 Times,
6138,890576,70B3D50070001777,1593122117075,FES Receiver,2020-06-25 23:55:17.23871,"['SS', 'Standalone', 'version_184']",70001777,SENS_EVENT_MEASURE,70 cm,3600 mV,20 C,0 Degree,32 Times,
6137,890967,70B3D50070001777,1593125716906,FES Receiver,2020-06-26 00:55:17.063779,"['SS', 'Standalone', 'version_184']",70001777,SENS_EVENT_MEASURE,70 cm,3590 mV,20 C,0 Degree,33 Times,
6136,891344,70B3D50070001777,1593129316737,FES Receiver,2020-06-26 01:55:16.890864,"['SS', 'Standalone', 'version_184']",70001777,SENS_EVENT_MEASURE,70 cm,3590 mV,21 C,0 Degree,34 Times,
6135,892128,70B3D50070001777,1593136516425,FES Receiver,2020-06-26 03:55:16.570016,"['SS', 'Standalone', 'version_184']",70001777,SENS_EVENT_MEASURE,70 cm,3590 mV,17 C,1 Degree,36 Times,
6134,892518,70B3D50070001777,1593140116250,FES Receiver,2020-06-26 04:55:16.390716,"['SS', 'Standalone', 'version_184']",70001777,SENS_EVENT_MEASURE,70 cm,3590 mV,15 C,0 Degree,37 Times,
6133,893296,70B3D50070001777,1593147315932,FES Receiver,2020-06-26 06:55:16.063538,"['SS', 'Standalone', 'version_184']",70001777,SENS_EVENT_MEASURE,70 cm,3590 mV,17 C,0 Degree,39 Times,
6132,893707,70B3D50070001777,1593150915784,FES Receiver,2020-06-26 07:55:15.911782,"['SS', 'Standalone', 'version_184']",70001777,SENS_EVENT_MEASURE,70 cm,3600 mV,18 C,0 Degree,40 Times,
6131,894112,70B3D50070001777,1593154515599,FES Receiver,2020-06-26 08:55:15.724101,"['SS', 'Standalone', 'version_184']",70001777,SENS_EVENT_MEASURE,70 cm,3620 mV,29 C,0 Degree,41 Times,
6130,894552,70B3D50070001777,1593158115425,FES Receiver,2020-06-26 09:55:15.54329,"['SS', 'Standalone', 'version_184']",70001777,SENS_EVENT_MEASURE,74 cm,3640 mV,36 C,0 Degree,42 Times,
6129,894970,70B3D50070001777,1593161724294,FES Receiver,2020-06-26 10:55:24.415759,"['SS', 'Standalone', 'version_184']",70001777,SENS_EVENT_MEASURE,74 cm,3640 mV,42 C,0 Degree,43 Times,
6128,895722,70B3D50070001777,1593168914936,FES Receiver,2020-06-26 12:55:15.041237,"['SS', 'Standalone', 'version_184']",70001777,SENS_EVENT_MEASURE,74 cm,3640 mV,45 C,0 Degree,45 Times,
6127,896447,70B3D50070001777,1593176114837,FES Receiver,2020-06-26 14:55:14.933827,"['SS', 'Standalone', 'version_184']",70001777,SENS_EVENT_MEASURE,122 cm,3630 mV,32 C,0 Degree,47 Times,
6126,896807,70B3D50070001777,1593179714668,FES Receiver,2020-06-26 15:55:14.763081,"['SS', 'Standalone', 'version_184']",70001777,SENS_EVENT_MEASURE,122 cm,3610 mV,29 C,0 Degree,48 Times,
6125,897529,70B3D50070001777,1593186914309,FES Receiver,2020-06-26 17:55:14.397186,"['SS', 'Standalone', 'version_184']",70001777,SENS_EVENT_MEASURE,122 cm,3620 mV,29 C,0 Degree,50 Times,
6124,897899,70B3D50070001777,1593190514139,FES Receiver,2020-06-26 18:55:14.22413,"['SS', 'Standalone', 'version_184']",70001777,SENS_EVENT_MEASURE,122 cm,3620 mV,30 C,0 Degree,51 Times,
6123,898268,70B3D50070001777,1593194115537,FES Receiver,2020-06-26 19:55:15.699968,"['SS', 'Standalone', 'version_184']",70001777,SENS_EVENT_MEASURE,122 cm,3610 mV,28 C,0 Degree,52 Times,
6122,898632,70B3D50070001777,1593197715448,FES Receiver,2020-06-26 20:55:15.605576,"['SS', 'Standalone', 'version_184']",70001777,SENS_EVENT_MEASURE,122 cm,3600 mV,27 C,0 Degree,53 Times,
6121,899001,70B3D50070001777,1593201315258,FES Receiver,2020-06-26 21:55:15.414788,"['SS', 'Standalone', 'version_184']",70001777,SENS_EVENT_MEASURE,122 cm,3600 mV,24 C,0 Degree,54 Times,
6120,899380,70B3D50070001777,1593204915089,FES Receiver,2020-06-26 22:55:15.239493,"['SS', 'Standalone', 'version_184']",70001777,SENS_EVENT_MEASURE,122 cm,3600 mV,23 C,0 Degree,55 Times,
6119,899747,70B3D50070001777,1593208514919,FES Receiver,2020-06-26 23:55:15.064429,"['SS', 'Standalone', 'version_184']",70001777,SENS_EVENT_MEASURE,122 cm,3600 mV,23 C,0 Degree,56 Times,
6118,900491,70B3D50070001777,1593215714566,FES Receiver,2020-06-27 01:55:14.70305,"['SS', 'Standalone', 'version_184']",70001777,SENS_EVENT_MEASURE,122 cm,3600 mV,20 C,0 Degree,58 Times,
6117,900875,70B3D50070001777,1593219314402,FES Receiver,2020-06-27 02:55:14.534936,"['SS', 'Standalone', 'version_184']",70001777,SENS_EVENT_MEASURE,122 cm,3590 mV,20 C,0 Degree,59 Times,
6116,901244,70B3D50070001777,1593222914222,FES Receiver,2020-06-27 03:55:14.356013,"['SS', 'Standalone', 'version_184']",70001777,SENS_EVENT_MEASURE,122 cm,3590 mV,20 C,0 Degree,60 Times,
6115,901633,70B3D50070001777,1593226514232,FES Receiver,2020-06-27 04:55:14.357773,"['SS', 'Standalone', 'version_184']",70001777,SENS_EVENT_MEASURE,122 cm,3590 mV,19 C,0 Degree,61 Times,
6114,902372,70B3D50070001777,1593233713734,FES Receiver,2020-06-27 06:55:13.849466,"['SS', 'Standalone', 'version_184']",70001777,SENS_EVENT_MEASURE,122 cm,3600 mV,20 C,0 Degree,63 Times,
6113,902761,70B3D50070001777,1593237313644,FES Receiver,2020-06-27 07:55:13.755149,"['SS', 'Standalone', 'version_184']",70001777,SENS_EVENT_MEASURE,122 cm,3610 mV,24 C,1 Degree,64 Times,
6112,903534,70B3D50070001777,1593244513366,FES Receiver,2020-06-27 09:55:13.468699,"['SS', 'Standalone', 'version_184']",70001777,SENS_EVENT_MEASURE,122 cm,3610 mV,25 C,0 Degree,66 Times,
6111,903933,70B3D50070001777,1593248124416,FES Receiver,2020-06-27 10:55:24.519485,"['SS', 'Standalone', 'version_184']",70001777,SENS_EVENT_MEASURE,124 cm,3640 mV,33 C,0 Degree,67 Times,
6110,904301,70B3D50070001777,1593251713247,FES Receiver,2020-06-27 11:55:13.342406,"['SS', 'Standalone', 'version_184']",70001777,SENS_EVENT_MEASURE,122 cm,3630 mV,32 C,0 Degree,68 Times,
6109,904662,70B3D50070001777,1593255312957,FES Receiver,2020-06-27 12:55:13.048648,"['SS', 'Standalone', 'version_184']",70001777,SENS_EVENT_MEASURE,122 cm,3640 mV,31 C,0 Degree,69 Times,
6108,905026,70B3D50070001777,1593258912894,FES Receiver,2020-06-27 13:55:12.981709,"['SS', 'Standalone', 'version_184']",70001777,SENS_EVENT_MEASURE,122 cm,3640 mV,33 C,0 Degree,70 Times,
6107,905380,70B3D50070001777,1593262512758,FES Receiver,2020-06-27 14:55:12.841003,"['SS', 'Standalone', 'version_184']",70001777,SENS_EVENT_MEASURE,122 cm,3640 mV,34 C,0 Degree,71 Times,
6106,905754,70B3D50070001777,1593266112554,FES Receiver,2020-06-27 15:55:12.632173,"['SS', 'Standalone', 'version_184']",70001777,SENS_EVENT_MEASURE,122 cm,3640 mV,32 C,0 Degree,72 Times,
6105,906117,70B3D50070001777,1593269712359,FES Receiver,2020-06-27 16:55:12.432918,"['SS', 'Standalone', 'version_184']",70001777,SENS_EVENT_MEASURE,122 cm,3630 mV,30 C,0 Degree,73 Times,
6104,906493,70B3D50070001777,1593273312090,FES Receiver,2020-06-27 17:55:12.160671,"['SS', 'Standalone', 'version_184']",70001777,SENS_EVENT_MEASURE,122 cm,3630 mV,29 C,0 Degree,74 Times,
6103,906860,70B3D50070001777,1593276912000,FES Receiver,2020-06-27 18:55:12.071776,"['SS', 'Standalone', 'version_184']",70001777,SENS_EVENT_MEASURE,122 cm,3630 mV,28 C,0 Degree,75 Times,
6102,907604,70B3D50070001777,1593284112972,FES Receiver,2020-06-27 20:55:13.153785,"['SS', 'Standalone', 'version_184']",70001777,SENS_EVENT_MEASURE,118 cm,3620 mV,29 C,0 Degree,77 Times,
6101,907992,70B3D50070001777,1593287712818,FES Receiver,2020-06-27 21:55:12.997204,"['SS', 'Standalone', 'version_184']",70001777,SENS_EVENT_MEASURE,118 cm,3620 mV,26 C,0 Degree,78 Times,
6100,908360,70B3D50070001777,1593291312648,FES Receiver,2020-06-27 22:55:12.817786,"['SS', 'Standalone', 'version_184']",70001777,SENS_EVENT_MEASURE,118 cm,3620 mV,25 C,0 Degree,79 Times,
6099,908744,70B3D50070001777,1593294912445,FES Receiver,2020-06-27 23:55:12.611052,"['SS', 'Standalone', 'version_184']",70001777,SENS_EVENT_MEASURE,118 cm,3610 mV,25 C,0 Degree,80 Times,
6098,909478,70B3D50070001777,1593302112180,FES Receiver,2020-06-28 01:55:12.337429,"['SS', 'Standalone', 'version_184']",70001777,SENS_EVENT_MEASURE,118 cm,3610 mV,20 C,0 Degree,82 Times,
6097,909851,70B3D50070001777,1593305711930,FES Receiver,2020-06-28 02:55:12.082441,"['SS', 'Standalone', 'version_184']",70001777,SENS_EVENT_MEASURE,118 cm,3610 mV,21 C,0 Degree,83 Times,
6096,910232,70B3D50070001777,1593309311761,FES Receiver,2020-06-28 03:55:11.908903,"['SS', 'Standalone', 'version_184']",70001777,SENS_EVENT_MEASURE,118 cm,3610 mV,22 C,0 Degree,84 Times,
6095,910607,70B3D50070001777,1593312911604,FES Receiver,2020-06-28 04:55:11.747895,"['SS', 'Standalone', 'version_184']",70001777,SENS_EVENT_MEASURE,118 cm,3610 mV,21 C,0 Degree,85 Times,
6094,910989,70B3D50070001777,1593316511422,FES Receiver,2020-06-28 05:55:11.561853,"['SS', 'Standalone', 'version_184']",70001777,SENS_EVENT_MEASURE,118 cm,3620 mV,21 C,0 Degree,86 Times,
6093,911367,70B3D50070001777,1593320111253,FES Receiver,2020-06-28 06:55:11.389024,"['SS', 'Standalone', 'version_184']",70001777,SENS_EVENT_MEASURE,118 cm,3620 mV,22 C,0 Degree,87 Times,
6092,911753,70B3D50070001777,1593323711064,FES Receiver,2020-06-28 07:55:11.193768,"['SS', 'Standalone', 'version_184']",70001777,SENS_EVENT_MEASURE,118 cm,3620 mV,22 C,0 Degree,88 Times,
6091,912140,70B3D50070001777,1593327310894,FES Receiver,2020-06-28 08:55:11.021722,"['SS', 'Standalone', 'version_184']",70001777,SENS_EVENT_MEASURE,118 cm,3630 mV,24 C,0 Degree,89 Times,
6090,912512,70B3D50070001777,1593330910685,FES Receiver,2020-06-28 09:55:10.808099,"['SS', 'Standalone', 'version_184']",70001777,SENS_EVENT_MEASURE,118 cm,3630 mV,27 C,0 Degree,90 Times,
6089,912926,70B3D50070001777,1593334514495,FES Receiver,2020-06-28 10:55:14.616931,"['SS', 'Standalone', 'version_184']",70001777,SENS_EVENT_MEASURE,118 cm,3640 mV,30 C,0 Degree,91 Times,
6088,913307,70B3D50070001777,1593338110366,FES Receiver,2020-06-28 11:55:10.479191,"['SS', 'Standalone', 'version_184']",70001777,SENS_EVENT_MEASURE,120 cm,3640 mV,30 C,0 Degree,92 Times,
6087,913656,70B3D50070001777,1593341710176,FES Receiver,2020-06-28 12:55:10.286269,"['SS', 'Standalone', 'version_184']",70001777,SENS_EVENT_MEASURE,120 cm,3640 mV,30 C,0 Degree,93 Times,
6086,914389,70B3D50070001777,1593348909817,FES Receiver,2020-06-28 14:55:09.919592,"['SS', 'Standalone', 'version_184']",70001777,SENS_EVENT_MEASURE,120 cm,3630 mV,32 C,0 Degree,95 Times,
6085,914774,70B3D50070001777,1593352509629,FES Receiver,2020-06-28 15:55:09.727154,"['SS', 'Standalone', 'version_184']",70001777,SENS_EVENT_MEASURE,120 cm,3630 mV,28 C,0 Degree,96 Times,
6084,915488,70B3D50070001777,1593359709290,FES Receiver,2020-06-28 17:55:09.380116,"['SS', 'Standalone', 'version_184']",70001777,SENS_EVENT_MEASURE,120 cm,3610 mV,19 C,0 Degree,98 Times,
6083,915870,70B3D50070001777,1593363309119,FES Receiver,2020-06-28 18:55:09.204868,"['SS', 'Standalone', 'version_184']",70001777,SENS_EVENT_MEASURE,120 cm,3610 mV,20 C,0 Degree,99 Times,
6082,916230,70B3D50070001777,1593366910753,FES Receiver,2020-06-28 19:55:10.907927,"['SS', 'Standalone', 'version_184']",70001777,SENS_EVENT_MEASURE,118 cm,3610 mV,19 C,0 Degree,100 Times,
6081,916593,70B3D50070001777,1593370510584,FES Receiver,2020-06-28 20:55:10.733369,"['SS', 'Standalone', 'version_184']",70001777,SENS_EVENT_MEASURE,118 cm,3610 mV,20 C,0 Degree,101 Times,
6080,916972,70B3D50070001777,1593374110434,FES Receiver,2020-06-28 21:55:10.58272,"['SS', 'Standalone', 'version_184']",70001777,SENS_EVENT_MEASURE,118 cm,3610 mV,18 C,0 Degree,102 Times,
6079,917361,70B3D50070001777,1593377710265,FES Receiver,2020-06-28 22:55:10.405372,"['SS', 'Standalone', 'version_184']",70001777,SENS_EVENT_MEASURE,118 cm,3600 mV,17 C,0 Degree,103 Times,
6078,917754,70B3D50070001777,1593381310115,FES Receiver,2020-06-28 23:55:10.256864,"['SS', 'Standalone', 'version_184']",70001777,SENS_EVENT_MEASURE,116 cm,3600 mV,15 C,1 Degree,104 Times,
6077,918127,70B3D50070001777,1593384909966,FES Receiver,2020-06-29 00:55:10.104631,"['SS', 'Standalone', 'version_184']",70001777,SENS_EVENT_MEASURE,118 cm,3600 mV,16 C,0 Degree,105 Times,
6076,918495,70B3D50070001777,1593388509717,FES Receiver,2020-06-29 01:55:09.846337,"['SS', 'Standalone', 'version_184']",70001777,SENS_EVENT_MEASURE,118 cm,3610 mV,16 C,0 Degree,106 Times,
6075,919257,70B3D50070001777,1593395709378,FES Receiver,2020-06-29 03:55:09.49799,"['SS', 'Standalone', 'version_184']",70001777,SENS_EVENT_MEASURE,118 cm,3600 mV,15 C,0 Degree,108 Times,
6074,919632,70B3D50070001777,1593399309248,FES Receiver,2020-06-29 04:55:09.36402,"['SS', 'Standalone', 'version_184']",70001777,SENS_EVENT_MEASURE,118 cm,3600 mV,16 C,0 Degree,109 Times,
6073,920389,70B3D50070001777,1593406508935,FES Receiver,2020-06-29 06:55:09.04267,"['SS', 'Standalone', 'version_184']",70001777,SENS_EVENT_MEASURE,118 cm,3610 mV,17 C,0 Degree,111 Times,
6072,920763,70B3D50070001777,1593410108781,FES Receiver,2020-06-29 07:55:08.883129,"['SS', 'Standalone', 'version_184']",70001777,SENS_EVENT_MEASURE,120 cm,3610 mV,16 C,0 Degree,112 Times,
6071,921133,70B3D50070001777,1593413708611,FES Receiver,2020-06-29 08:55:08.707739,"['SS', 'Standalone', 'version_184']",70001777,SENS_EVENT_MEASURE,116 cm,3610 mV,17 C,0 Degree,113 Times,
6070,921533,70B3D50070001777,1593417308442,FES Receiver,2020-06-29 09:55:08.534384,"['SS', 'Standalone', 'version_184']",70001777,SENS_EVENT_MEASURE,114 cm,3620 mV,23 C,0 Degree,114 Times,
6069,921940,70B3D50070001777,1593420908272,FES Receiver,2020-06-29 10:55:08.365806,"['SS', 'Standalone', 'version_184']",70001777,SENS_EVENT_MEASURE,116 cm,3620 mV,20 C,0 Degree,115 Times,
6068,922325,70B3D50070001777,1593424507963,FES Receiver,2020-06-29 11:55:08.050036,"['SS', 'Standalone', 'version_184']",70001777,SENS_EVENT_MEASURE,114 cm,3620 mV,23 C,0 Degree,116 Times,
6067,922683,70B3D50070001777,1593428107833,FES Receiver,2020-06-29 12:55:07.913172,"['SS', 'Standalone', 'version_184']",70001777,SENS_EVENT_MEASURE,120 cm,3640 mV,35 C,0 Degree,117 Times,
6066,923047,70B3D50070001777,1593431707665,FES Receiver,2020-06-29 13:55:07.74094,"['SS', 'Standalone', 'version_184']",70001777,SENS_EVENT_MEASURE,114 cm,3640 mV,37 C,0 Degree,118 Times,
6065,923444,70B3D50070001777,1593435307594,FES Receiver,2020-06-29 14:55:07.666348,"['SS', 'Standalone', 'version_184']",70001777,SENS_EVENT_MEASURE,110 cm,3630 mV,27 C,0 Degree,119 Times,
6064,923797,70B3D50070001777,1593438907425,FES Receiver,2020-06-29 15:55:07.494073,"['SS', 'Standalone', 'version_184']",70001777,SENS_EVENT_MEASURE,108 cm,3620 mV,25 C,0 Degree,120 Times,
6063,924162,70B3D50070001777,1593442507155,FES Receiver,2020-06-29 16:55:07.219485,"['SS', 'Standalone', 'version_184']",70001777,SENS_EVENT_MEASURE,106 cm,3620 mV,24 C,0 Degree,121 Times,
6062,924516,70B3D50070001777,1593446106966,FES Receiver,2020-06-29 17:55:07.024545,"['SS', 'Standalone', 'version_184']",70001777,SENS_EVENT_MEASURE,106 cm,3620 mV,24 C,0 Degree,122 Times,
6061,924886,70B3D50070001777,1593449706896,FES Receiver,2020-06-29 18:55:06.951836,"['SS', 'Standalone', 'version_184']",70001777,SENS_EVENT_MEASURE,110 cm,3620 mV,25 C,0 Degree,123 Times,
6060,925245,70B3D50070001777,1593453308360,FES Receiver,2020-06-29 19:55:08.520901,"['SS', 'Standalone', 'version_184']",70001777,SENS_EVENT_MEASURE,106 cm,3620 mV,22 C,0 Degree,124 Times,
6059,925577,70B3D50070001777,1593456908111,FES Receiver,2020-06-29 20:55:08.268433,"['SS', 'Standalone', 'version_184']",70001777,SENS_EVENT_MEASURE,104 cm,3610 mV,24 C,0 Degree,125 Times,
6058,925949,70B3D50070001777,1593460508022,FES Receiver,2020-06-29 21:55:08.173858,"['SS', 'Standalone', 'version_184']",70001777,SENS_EVENT_MEASURE,104 cm,3610 mV,19 C,1 Degree,126 Times,
6057,926325,70B3D50070001777,1593464107852,FES Receiver,2020-06-29 22:55:07.999528,"['SS', 'Standalone', 'version_184']",70001777,SENS_EVENT_MEASURE,104 cm,3600 mV,16 C,0 Degree,127 Times,
6056,926687,70B3D50070001777,1593467707603,FES Receiver,2020-06-29 23:55:07.745974,"['SS', 'Standalone', 'version_184']",70001777,SENS_EVENT_MEASURE,106 cm,3600 mV,17 C,0 Degree,128 Times,
6055,927067,70B3D50070001777,1593471307433,FES Receiver,2020-06-30 00:55:07.574074,"['SS', 'Standalone', 'version_184']",70001777,SENS_EVENT_MEASURE,106 cm,3600 mV,15 C,0 Degree,129 Times,
6054,927798,70B3D50070001777,1593478507155,FES Receiver,2020-06-30 02:55:07.289558,"['SS', 'Standalone', 'version_184']",70001777,SENS_EVENT_MEASURE,106 cm,3590 mV,15 C,0 Degree,131 Times,
6053,928165,70B3D50070001777,1593482106986,FES Receiver,2020-06-30 03:55:07.117001,"['SS', 'Standalone', 'version_184']",70001777,SENS_EVENT_MEASURE,106 cm,3600 mV,16 C,0 Degree,132 Times,
6052,928524,70B3D50070001777,1593485706856,FES Receiver,2020-06-30 04:55:06.979136,"['SS', 'Standalone', 'version_184']",70001777,SENS_EVENT_MEASURE,106 cm,3600 mV,16 C,0 Degree,133 Times,
6051,928914,70B3D50070001777,1593489306707,FES Receiver,2020-06-30 05:55:06.82583,"['SS', 'Standalone', 'version_184']",70001777,SENS_EVENT_MEASURE,106 cm,3600 mV,13 C,0 Degree,134 Times,
6050,930064,70B3D50070001777,1593500106179,FES Receiver,2020-06-30 08:55:06.28363,"['SS', 'Standalone', 'version_184']",70001777,SENS_EVENT_MEASURE,106 cm,3630 mV,24 C,0 Degree,137 Times,
6049,930427,70B3D50070001777,1593503706130,FES Receiver,2020-06-30 09:55:06.231409,"['SS', 'Standalone', 'version_184']",70001777,SENS_EVENT_MEASURE,108 cm,3640 mV,32 C,0 Degree,138 Times,
6048,930826,70B3D50070001777,1593507305880,FES Receiver,2020-06-30 10:55:05.980395,"['SS', 'Standalone', 'version_184']",70001777,SENS_EVENT_MEASURE,108 cm,3640 mV,34 C,0 Degree,139 Times,
6047,931182,70B3D50070001777,1593510905791,FES Receiver,2020-06-30 11:55:05.883029,"['SS', 'Standalone', 'version_184']",70001777,SENS_EVENT_MEASURE,110 cm,3640 mV,29 C,0 Degree,140 Times,
6046,931557,70B3D50070001777,1593514505602,FES Receiver,2020-06-30 12:55:05.689336,"['SS', 'Standalone', 'version_184']",70001777,SENS_EVENT_MEASURE,102 cm,3630 mV,27 C,0 Degree,141 Times,
6045,933019,70B3D50070001777,1593528904804,FES Receiver,2020-06-30 16:55:04.875414,"['SS', 'Standalone', 'version_184']",70001777,SENS_EVENT_MEASURE,96 cm,3620 mV,23 C,0 Degree,145 Times,
6044,933376,70B3D50070001777,1593532504641,FES Receiver,2020-06-30 17:55:04.708226,"['SS', 'Standalone', 'version_184']",70001777,SENS_EVENT_MEASURE,96 cm,3620 mV,24 C,0 Degree,146 Times,
6043,933740,70B3D50070001777,1593536104545,FES Receiver,2020-06-30 18:55:04.609026,"['SS', 'Standalone', 'version_184']",70001777,SENS_EVENT_MEASURE,102 cm,3620 mV,25 C,0 Degree,147 Times,
6042,934444,70B3D50070001777,1593543305820,FES Receiver,2020-06-30 20:55:06.00496,"['SS', 'Standalone', 'version_184']",70001777,SENS_EVENT_MEASURE,98 cm,3620 mV,21 C,0 Degree,149 Times,
6041,934811,70B3D50070001777,1593546905650,FES Receiver,2020-06-30 21:55:05.832736,"['SS', 'Standalone', 'version_184']",70001777,SENS_EVENT_MEASURE,98 cm,3610 mV,23 C,0 Degree,150 Times,
6040,935530,70B3D50070001777,1593554105312,FES Receiver,2020-06-30 23:55:05.484555,"['SS', 'Standalone', 'version_184']",70001777,SENS_EVENT_MEASURE,94 cm,3610 mV,19 C,0 Degree,152 Times,
6039,935902,70B3D50070001777,1593557705142,FES Receiver,2020-07-01 00:55:05.311141,"['SS', 'Standalone', 'version_184']",70001777,SENS_EVENT_MEASURE,94 cm,3610 mV,19 C,0 Degree,153 Times,
6038,936626,70B3D50070001777,1593564904823,FES Receiver,2020-07-01 02:55:04.990396,"['SS', 'Standalone', 'version_184']",70001777,SENS_EVENT_MEASURE,94 cm,3600 mV,18 C,0 Degree,155 Times,
6037,936973,70B3D50070001777,1593568504615,FES Receiver,2020-07-01 03:55:04.770549,"['SS', 'Standalone', 'version_184']",70001777,SENS_EVENT_MEASURE,96 cm,3610 mV,18 C,0 Degree,156 Times,
6036,937335,70B3D50070001777,1593572104445,FES Receiver,2020-07-01 04:55:04.596281,"['SS', 'Standalone', 'version_184']",70001777,SENS_EVENT_MEASURE,94 cm,3600 mV,16 C,0 Degree,157 Times,
6035,938835,70B3D50070001777,1593586503808,FES Receiver,2020-07-01 08:55:03.945732,"['SS', 'Standalone', 'version_184']",70001777,SENS_EVENT_MEASURE,96 cm,3630 mV,26 C,0 Degree,161 Times,
6034,939208,70B3D50070001777,1593590103599,FES Receiver,2020-07-01 09:55:03.733657,"['SS', 'Standalone', 'version_184']",70001777,SENS_EVENT_MEASURE,96 cm,3640 mV,28 C,0 Degree,162 Times,
6033,939610,70B3D50070001777,1593593703349,FES Receiver,2020-07-01 10:55:03.483542,"['SS', 'Standalone', 'version_184']",70001777,SENS_EVENT_MEASURE,94 cm,3640 mV,32 C,0 Degree,163 Times,
6032,940332,70B3D50070001777,1593600903072,FES Receiver,2020-07-01 12:55:03.189386,"['SS', 'Standalone', 'version_184']",70001777,SENS_EVENT_MEASURE,90 cm,3640 mV,37 C,0 Degree,165 Times,
6031,940678,70B3D50070001777,1593604502861,FES Receiver,2020-07-01 13:55:02.975541,"['SS', 'Standalone', 'version_184']",70001777,SENS_EVENT_MEASURE,90 cm,3640 mV,38 C,0 Degree,166 Times,
6030,941035,70B3D50070001777,1593608102653,FES Receiver,2020-07-01 14:55:02.761719,"['SS', 'Standalone', 'version_184']",70001777,SENS_EVENT_MEASURE,90 cm,3640 mV,31 C,0 Degree,167 Times,
6029,941406,70B3D50070001777,1593611702583,FES Receiver,2020-07-01 15:55:02.686773,"['SS', 'Standalone', 'version_184']",70001777,SENS_EVENT_MEASURE,88 cm,3630 mV,30 C,0 Degree,168 Times,
6028,941753,70B3D50070001777,1593615302413,FES Receiver,2020-07-01 16:55:02.516533,"['SS', 'Standalone', 'version_184']",70001777,SENS_EVENT_MEASURE,88 cm,3630 mV,28 C,0 Degree,169 Times,
6027,942095,70B3D50070001777,1593618902124,FES Receiver,2020-07-01 17:55:02.220972,"['SS', 'Standalone', 'version_184']",70001777,SENS_EVENT_MEASURE,88 cm,3620 mV,29 C,0 Degree,170 Times,
6026,942452,70B3D50070001777,1593622502054,FES Receiver,2020-07-01 18:55:02.153931,"['SS', 'Standalone', 'version_184']",70001777,SENS_EVENT_MEASURE,90 cm,3620 mV,28 C,0 Degree,171 Times,
6025,943500,70B3D50070001777,1593633303174,FES Receiver,2020-07-01 21:55:03.350951,"['SS', 'Standalone', 'version_184']",70001777,SENS_EVENT_MEASURE,88 cm,3610 mV,24 C,0 Degree,174 Times,
6024,944237,70B3D50070001777,1593640502793,FES Receiver,2020-07-01 23:55:02.962054,"['SS', 'Standalone', 'version_184']",70001777,SENS_EVENT_MEASURE,88 cm,3610 mV,25 C,0 Degree,176 Times,
6023,944959,70B3D50070001777,1593647702474,FES Receiver,2020-07-02 01:55:02.634408,"['SS', 'Standalone', 'version_184']",70001777,SENS_EVENT_MEASURE,88 cm,3610 mV,24 C,0 Degree,178 Times,
6022,945318,70B3D50070001777,1593651302304,FES Receiver,2020-07-02 02:55:02.460091,"['SS', 'Standalone', 'version_184']",70001777,SENS_EVENT_MEASURE,88 cm,3600 mV,22 C,0 Degree,179 Times,
6021,946064,70B3D50070001777,1593658501966,FES Receiver,2020-07-02 04:55:02.111422,"['SS', 'Standalone', 'version_184']",70001777,SENS_EVENT_MEASURE,88 cm,3600 mV,16 C,1 Degree,181 Times,
6020,946799,70B3D50070001777,1593665701627,FES Receiver,2020-07-02 06:55:01.764563,"['SS', 'Standalone', 'version_184']",70001777,SENS_EVENT_MEASURE,88 cm,3600 mV,18 C,0 Degree,183 Times,
6019,947152,70B3D50070001777,1593669301358,FES Receiver,2020-07-02 07:55:01.491736,"['SS', 'Standalone', 'version_184']",70001777,SENS_EVENT_MEASURE,86 cm,3610 mV,21 C,0 Degree,184 Times,
6018,947543,70B3D50070001777,1593672901189,FES Receiver,2020-07-02 08:55:01.31828,"['SS', 'Standalone', 'version_184']",70001777,SENS_EVENT_MEASURE,88 cm,3630 mV,24 C,0 Degree,185 Times,
6017,947931,70B3D50070001777,1593676500999,FES Receiver,2020-07-02 09:55:01.124933,"['SS', 'Standalone', 'version_184']",70001777,SENS_EVENT_MEASURE,90 cm,3640 mV,31 C,0 Degree,186 Times,
6016,948324,70B3D50070001777,1593680100830,FES Receiver,2020-07-02 10:55:00.95517,"['SS', 'Standalone', 'version_184']",70001777,SENS_EVENT_MEASURE,90 cm,3640 mV,34 C,0 Degree,187 Times,
6015,948691,70B3D50070001777,1593683700681,FES Receiver,2020-07-02 11:55:00.801685,"['SS', 'Standalone', 'version_184']",70001777,SENS_EVENT_MEASURE,86 cm,3640 mV,36 C,0 Degree,188 Times,
6014,949048,70B3D50070001777,1593687300491,FES Receiver,2020-07-02 12:55:00.608045,"['SS', 'Standalone', 'version_184']",70001777,SENS_EVENT_MEASURE,86 cm,3640 mV,34 C,0 Degree,189 Times,
6013,949442,70B3D50070001777,1593690900321,FES Receiver,2020-07-02 13:55:00.431604,"['SS', 'Standalone', 'version_184']",70001777,SENS_EVENT_MEASURE,88 cm,3640 mV,38 C,0 Degree,190 Times,
6012,949855,70B3D50070001777,1593694500152,FES Receiver,2020-07-02 14:55:00.256713,"['SS', 'Standalone', 'version_184']",70001777,SENS_EVENT_MEASURE,82 cm,3630 mV,30 C,0 Degree,191 Times,
6011,950653,70B3D50070001777,1593701699893,FES Receiver,2020-07-02 16:54:59.988309,"['SS', 'Standalone', 'version_184']",70001777,SENS_EVENT_MEASURE,84 cm,3630 mV,28 C,0 Degree,193 Times,
6010,951070,70B3D50070001777,1593705299644,FES Receiver,2020-07-02 17:54:59.736265,"['SS', 'Standalone', 'version_184']",70001777,SENS_EVENT_MEASURE,84 cm,3620 mV,30 C,0 Degree,194 Times,
6009,951876,70B3D50070001777,1593712500934,FES Receiver,2020-07-02 19:55:01.120903,"['SS', 'Standalone', 'version_184']",70001777,SENS_EVENT_MEASURE,84 cm,3620 mV,27 C,0 Degree,196 Times,
6008,952270,70B3D50070001777,1593716100744,FES Receiver,2020-07-02 20:55:00.926679,"['SS', 'Standalone', 'version_184']",70001777,SENS_EVENT_MEASURE,84 cm,3600 mV,22 C,0 Degree,197 Times,
6007,953091,70B3D50070001777,1593723280445,FES Receiver,2020-07-02 22:54:40.621161,"['SS', 'Standalone', 'version_184']",70001777,SENS_EVENT_MEASURE,84 cm,3590 mV,17 C,0 Degree,199 Times,
6006,953900,70B3D50070001777,1593730480106,FES Receiver,2020-07-03 00:54:40.27236,"['SS', 'Standalone', 'version_184']",70001777,SENS_EVENT_MEASURE,82 cm,3590 mV,16 C,0 Degree,201 Times,
6005,954302,70B3D50070001777,1593734079957,FES Receiver,2020-07-03 01:54:40.11919,"['SS', 'Standalone', 'version_184']",70001777,SENS_EVENT_MEASURE,82 cm,3590 mV,17 C,0 Degree,202 Times,
6004,955120,70B3D50070001777,1593741279698,FES Receiver,2020-07-03 03:54:39.854518,"['SS', 'Standalone', 'version_184']",70001777,SENS_EVENT_MEASURE,72 cm,3590 mV,15 C,0 Degree,204 Times,
6003,955542,70B3D50070001777,1593744879575,FES Receiver,2020-07-03 04:54:39.725716,"['SS', 'Standalone', 'version_184']",70001777,SENS_EVENT_MEASURE,70 cm,3580 mV,15 C,0 Degree,205 Times,
6002,955955,70B3D50070001777,1593748479419,FES Receiver,2020-07-03 05:54:39.566727,"['SS', 'Standalone', 'version_184']",70001777,SENS_EVENT_MEASURE,72 cm,3590 mV,15 C,0 Degree,206 Times,
6001,956814,70B3D50070001777,1593755679021,FES Receiver,2020-07-03 07:54:39.158415,"['SS', 'Standalone', 'version_184']",70001777,SENS_EVENT_MEASURE,72 cm,3600 mV,17 C,1 Degree,208 Times,
6000,957237,70B3D50070001777,1593759278791,FES Receiver,2020-07-03 08:54:38.92956,"['SS', 'Standalone', 'version_184']",70001777,SENS_EVENT_MEASURE,72 cm,3620 mV,28 C,0 Degree,209 Times,
5999,957663,70B3D50070001777,1593762878822,FES Receiver,2020-07-03 09:54:38.952385,"['SS', 'Standalone', 'version_184']",70001777,SENS_EVENT_MEASURE,72 cm,3640 mV,35 C,0 Degree,210 Times,
5998,958112,70B3D50070001777,1593766478582,FES Receiver,2020-07-03 10:54:38.707889,"['SS', 'Standalone', 'version_184']",70001777,SENS_EVENT_MEASURE,72 cm,3640 mV,35 C,0 Degree,211 Times,
5997,958552,70B3D50070001777,1593770078383,FES Receiver,2020-07-03 11:54:38.507746,"['SS', 'Standalone', 'version_184']",70001777,SENS_EVENT_MEASURE,72 cm,3640 mV,38 C,0 Degree,212 Times,
5996,959387,70B3D50070001777,1593777278144,FES Receiver,2020-07-03 13:54:38.257378,"['SS', 'Standalone', 'version_184']",70001777,SENS_EVENT_MEASURE,124 cm,3640 mV,37 C,1 Degree,214 Times,
5995,959795,70B3D50070001777,1593780877975,FES Receiver,2020-07-03 14:54:38.086704,"['SS', 'Standalone', 'version_184']",70001777,SENS_EVENT_MEASURE,124 cm,3640 mV,32 C,1 Degree,215 Times,
5994,960218,70B3D50070001777,1593784477805,FES Receiver,2020-07-03 15:54:37.916202,"['SS', 'Standalone', 'version_184']",70001777,SENS_EVENT_MEASURE,122 cm,3630 mV,30 C,0 Degree,216 Times,
5993,960631,70B3D50070001777,1593788077636,FES Receiver,2020-07-03 16:54:37.73686,"['SS', 'Standalone', 'version_184']",70001777,SENS_EVENT_MEASURE,122 cm,3630 mV,28 C,0 Degree,217 Times,
5992,961263,70B3D50070001777,1593795277257,FES Receiver,2020-07-03 18:54:37.349899,"['SS', 'Standalone', 'version_184']",70001777,SENS_EVENT_MEASURE,122 cm,3620 mV,27 C,0 Degree,219 Times,
5991,961517,70B3D50070001777,1593798878746,FES Receiver,2020-07-03 19:54:38.939818,"['SS', 'Standalone', 'version_184']",70001777,SENS_EVENT_MEASURE,122 cm,3610 mV,26 C,0 Degree,220 Times,
5990,961779,70B3D50070001777,1593802478577,FES Receiver,2020-07-03 20:54:38.767734,"['SS', 'Standalone', 'version_184']",70001777,SENS_EVENT_MEASURE,122 cm,3610 mV,22 C,0 Degree,221 Times,
5989,962031,70B3D50070001777,1593806078387,FES Receiver,2020-07-03 21:54:38.573385,"['SS', 'Standalone', 'version_184']",70001777,SENS_EVENT_MEASURE,124 cm,3600 mV,21 C,1 Degree,222 Times,
5988,962526,70B3D50070001777,1593813278075,FES Receiver,2020-07-03 23:54:38.251812,"['SS', 'Standalone', 'version_184']",70001777,SENS_EVENT_MEASURE,122 cm,3600 mV,15 C,1 Degree,224 Times,
5987,962784,70B3D50070001777,1593816877900,FES Receiver,2020-07-04 00:54:38.079947,"['SS', 'Standalone', 'version_184']",70001777,SENS_EVENT_MEASURE,122 cm,3590 mV,15 C,0 Degree,225 Times,
5986,963302,70B3D50070001777,1593824077542,FES Receiver,2020-07-04 02:54:37.705712,"['SS', 'Standalone', 'version_184']",70001777,SENS_EVENT_MEASURE,122 cm,3590 mV,17 C,1 Degree,227 Times,
5985,963549,70B3D50070001777,1593827677372,FES Receiver,2020-07-04 03:54:37.531329,"['SS', 'Standalone', 'version_184']",70001777,SENS_EVENT_MEASURE,122 cm,3590 mV,16 C,0 Degree,228 Times,
5984,963817,70B3D50070001777,1593831277231,FES Receiver,2020-07-04 04:54:37.387125,"['SS', 'Standalone', 'version_184']",70001777,SENS_EVENT_MEASURE,122 cm,3590 mV,15 C,0 Degree,229 Times,
5983,964073,70B3D50070001777,1593834877074,FES Receiver,2020-07-04 05:54:37.225189,"['SS', 'Standalone', 'version_184']",70001777,SENS_EVENT_MEASURE,122 cm,3590 mV,16 C,1 Degree,230 Times,
5982,964328,70B3D50070001777,1593838476925,FES Receiver,2020-07-04 06:54:37.070983,"['SS', 'Standalone', 'version_184']",70001777,SENS_EVENT_MEASURE,122 cm,3590 mV,16 C,1 Degree,231 Times,
5981,964580,70B3D50070001777,1593842076776,FES Receiver,2020-07-04 07:54:36.917678,"['SS', 'Standalone', 'version_184']",70001777,SENS_EVENT_MEASURE,122 cm,3590 mV,16 C,0 Degree,232 Times,
5980,964856,70B3D50070001777,1593845676607,FES Receiver,2020-07-04 08:54:36.74355,"['SS', 'Standalone', 'version_184']",70001777,SENS_EVENT_MEASURE,122 cm,3620 mV,26 C,1 Degree,233 Times,
5979,965420,70B3D50070001777,1593852876148,FES Receiver,2020-07-04 10:54:36.276497,"['SS', 'Standalone', 'version_184']",70001777,SENS_EVENT_MEASURE,122 cm,3640 mV,32 C,0 Degree,235 Times,
5978,965697,70B3D50070001777,1593856475959,FES Receiver,2020-07-04 11:54:36.087299,"['SS', 'Standalone', 'version_184']",70001777,SENS_EVENT_MEASURE,122 cm,3640 mV,33 C,1 Degree,236 Times,
5977,965986,70B3D50070001777,1593860075909,FES Receiver,2020-07-04 12:54:36.029578,"['SS', 'Standalone', 'version_184']",70001777,SENS_EVENT_MEASURE,124 cm,3640 mV,35 C,1 Degree,237 Times,
5976,966232,70B3D50070001777,1593863675720,FES Receiver,2020-07-04 13:54:35.83673,"['SS', 'Standalone', 'version_184']",70001777,SENS_EVENT_MEASURE,116 cm,3640 mV,32 C,1 Degree,238 Times,
5975,966477,70B3D50070001777,1593867275451,FES Receiver,2020-07-04 14:54:35.562881,"['SS', 'Standalone', 'version_184']",70001777,SENS_EVENT_MEASURE,122 cm,3630 mV,30 C,1 Degree,239 Times,
5974,966739,70B3D50070001777,1593870875381,FES Receiver,2020-07-04 15:54:35.491866,"['SS', 'Standalone', 'version_184']",70001777,SENS_EVENT_MEASURE,114 cm,3630 mV,30 C,1 Degree,240 Times,
5973,966985,70B3D50070001777,1593874475192,FES Receiver,2020-07-04 16:54:35.295741,"['SS', 'Standalone', 'version_184']",70001777,SENS_EVENT_MEASURE,120 cm,3630 mV,29 C,1 Degree,241 Times,
5972,967233,70B3D50070001777,1593878075022,FES Receiver,2020-07-04 17:54:35.126744,"['SS', 'Standalone', 'version_184']",70001777,SENS_EVENT_MEASURE,120 cm,3630 mV,28 C,1 Degree,242 Times,
5971,967493,70B3D50070001777,1593881674839,FES Receiver,2020-07-04 18:54:34.938692,"['SS', 'Standalone', 'version_184']",70001777,SENS_EVENT_MEASURE,122 cm,3620 mV,30 C,0 Degree,243 Times,
5970,967752,70B3D50070001777,1593885276334,FES Receiver,2020-07-04 19:54:36.504737,"['SS', 'Standalone', 'version_184']",70001777,SENS_EVENT_MEASURE,120 cm,3620 mV,24 C,1 Degree,244 Times,
5969,968021,70B3D50070001777,1593888876161,FES Receiver,2020-07-04 20:54:36.326706,"['SS', 'Standalone', 'version_184']",70001777,SENS_EVENT_MEASURE,118 cm,3620 mV,28 C,1 Degree,245 Times,
5968,968531,70B3D50070001777,1593896075806,FES Receiver,2020-07-04 22:54:35.963732,"['SS', 'Standalone', 'version_184']",70001777,SENS_EVENT_MEASURE,118 cm,3610 mV,24 C,0 Degree,247 Times,
5967,968810,70B3D50070001777,1593899675632,FES Receiver,2020-07-04 23:54:35.78611,"['SS', 'Standalone', 'version_184']",70001777,SENS_EVENT_MEASURE,116 cm,3610 mV,22 C,1 Degree,248 Times,
5966,969300,70B3D50070001777,1593906875274,FES Receiver,2020-07-05 01:54:35.419999,"['SS', 'Standalone', 'version_184']",70001777,SENS_EVENT_MEASURE,116 cm,3610 mV,21 C,0 Degree,250 Times,
5965,969549,70B3D50070001777,1593910475104,FES Receiver,2020-07-05 02:54:35.245605,"['SS', 'Standalone', 'version_184']",70001777,SENS_EVENT_MEASURE,116 cm,3610 mV,23 C,1 Degree,251 Times,
5964,969800,70B3D50070001777,1593914074936,FES Receiver,2020-07-05 03:54:35.072653,"['SS', 'Standalone', 'version_184']",70001777,SENS_EVENT_MEASURE,116 cm,3610 mV,20 C,1 Degree,252 Times,
5963,970070,70B3D50070001777,1593917674766,FES Receiver,2020-07-05 04:54:34.899276,"['SS', 'Standalone', 'version_184']",70001777,SENS_EVENT_MEASURE,116 cm,3610 mV,21 C,0 Degree,253 Times,
5962,970337,70B3D50070001777,1593921274597,FES Receiver,2020-07-05 05:54:34.727162,"['SS', 'Standalone', 'version_184']",70001777,SENS_EVENT_MEASURE,116 cm,3610 mV,21 C,0 Degree,254 Times,
5961,970614,70B3D50070001777,1593924874429,FES Receiver,2020-07-05 06:54:34.553493,"['SS', 'Standalone', 'version_184']",70001777,SENS_EVENT_MEASURE,116 cm,3610 mV,23 C,1 Degree,255 Times,
5960,970883,70B3D50070001777,1593928474259,FES Receiver,2020-07-05 07:54:34.378266,"['SS', 'Standalone', 'version_184']",70001777,SENS_EVENT_MEASURE,116 cm,3610 mV,24 C,1 Degree,0 Times,
5959,971143,70B3D50070001777,1593932074070,FES Receiver,2020-07-05 08:54:34.184801,"['SS', 'Standalone', 'version_184']",70001777,SENS_EVENT_MEASURE,116 cm,3610 mV,23 C,0 Degree,1 Times,
5958,971403,70B3D50070001777,1593935673901,FES Receiver,2020-07-05 09:54:34.011207,"['SS', 'Standalone', 'version_184']",70001777,SENS_EVENT_MEASURE,116 cm,3610 mV,24 C,1 Degree,2 Times,
5957,971682,70B3D50070001777,1593939273732,FES Receiver,2020-07-05 10:54:33.838935,"['SS', 'Standalone', 'version_184']",70001777,SENS_EVENT_MEASURE,116 cm,3620 mV,24 C,1 Degree,3 Times,
5956,971962,70B3D50070001777,1593942873542,FES Receiver,2020-07-05 11:54:33.648775,"['SS', 'Standalone', 'version_184']",70001777,SENS_EVENT_MEASURE,116 cm,3620 mV,28 C,0 Degree,4 Times,
5955,972447,70B3D50070001777,1593950073103,FES Receiver,2020-07-05 13:54:33.197723,"['SS', 'Standalone', 'version_184']",70001777,SENS_EVENT_MEASURE,118 cm,3630 mV,30 C,2 Degree,6 Times,
5954,972708,70B3D50070001777,1593953672914,FES Receiver,2020-07-05 14:54:33.004311,"['SS', 'Standalone', 'version_184']",70001777,SENS_EVENT_MEASURE,114 cm,3630 mV,30 C,0 Degree,7 Times,
5953,973225,70B3D50070001777,1593960872655,FES Receiver,2020-07-05 16:54:32.73776,"['SS', 'Standalone', 'version_184']",70001777,SENS_EVENT_MEASURE,118 cm,3630 mV,27 C,1 Degree,9 Times,
5952,973482,70B3D50070001777,1593964472466,FES Receiver,2020-07-05 17:54:32.543403,"['SS', 'Standalone', 'version_184']",70001777,SENS_EVENT_MEASURE,110 cm,3630 mV,28 C,0 Degree,10 Times,
5951,973759,70B3D50070001777,1593968072296,FES Receiver,2020-07-05 18:54:32.369563,"['SS', 'Standalone', 'version_184']",70001777,SENS_EVENT_MEASURE,110 cm,3620 mV,28 C,2 Degree,11 Times,
5950,974022,70B3D50070001777,1593971672107,FES Receiver,2020-07-05 19:54:33.949192,"['SS', 'Standalone', 'version_184']",70001777,SENS_EVENT_MEASURE,110 cm,3620 mV,27 C,1 Degree,12 Times,
5949,974529,70B3D50070001777,1593978873440,FES Receiver,2020-07-05 21:54:33.586919,"['SS', 'Standalone', 'version_184']",70001777,SENS_EVENT_MEASURE,110 cm,3620 mV,29 C,1 Degree,14 Times,
5948,974792,70B3D50070001777,1593982473271,FES Receiver,2020-07-05 22:54:33.414825,"['SS', 'Standalone', 'version_184']",70001777,SENS_EVENT_MEASURE,110 cm,3620 mV,25 C,1 Degree,15 Times,
5947,975323,70B3D50070001777,1593989672912,FES Receiver,2020-07-06 00:54:33.042277,"['SS', 'Standalone', 'version_184']",70001777,SENS_EVENT_MEASURE,108 cm,3610 mV,21 C,0 Degree,17 Times,
5946,975581,70B3D50070001777,1593993272743,FES Receiver,2020-07-06 01:54:32.867867,"['SS', 'Standalone', 'version_184']",70001777,SENS_EVENT_MEASURE,108 cm,3610 mV,21 C,0 Degree,18 Times,
5945,975863,70B3D50070001777,1593996872573,FES Receiver,2020-07-06 02:54:32.693905,"['SS', 'Standalone', 'version_184']",70001777,SENS_EVENT_MEASURE,108 cm,3610 mV,20 C,1 Degree,19 Times,
5944,976126,70B3D50070001777,1594000472405,FES Receiver,2020-07-06 03:54:32.520339,"['SS', 'Standalone', 'version_184']",70001777,SENS_EVENT_MEASURE,110 cm,3610 mV,19 C,1 Degree,20 Times,
5943,976381,70B3D50070001777,1594004072243,FES Receiver,2020-07-06 04:54:32.354874,"['SS', 'Standalone', 'version_184']",70001777,SENS_EVENT_MEASURE,108 cm,3600 mV,18 C,2 Degree,21 Times,
5942,976639,70B3D50070001777,1594007672086,FES Receiver,2020-07-06 05:54:32.193537,"['SS', 'Standalone', 'version_184']",70001777,SENS_EVENT_MEASURE,110 cm,3600 mV,17 C,1 Degree,22 Times,
5941,976909,70B3D50070001777,1594011271938,FES Receiver,2020-07-06 06:54:32.039536,"['SS', 'Standalone', 'version_184']",70001777,SENS_EVENT_MEASURE,110 cm,3570 mV,15 C,1 Degree,23 Times,
5940,977178,70B3D50070001777,1594014871768,FES Receiver,2020-07-06 07:54:31.865977,"['SS', 'Standalone', 'version_184']",70001777,SENS_EVENT_MEASURE,106 cm,3600 mV,16 C,1 Degree,24 Times,
5939,977480,70B3D50070001777,1594018471459,FES Receiver,2020-07-06 08:54:31.552474,"['SS', 'Standalone', 'version_184']",70001777,SENS_EVENT_MEASURE,108 cm,3620 mV,26 C,1 Degree,25 Times,
5938,977750,70B3D50070001777,1594022071439,FES Receiver,2020-07-06 09:54:31.527532,"['SS', 'Standalone', 'version_184']",70001777,SENS_EVENT_MEASURE,108 cm,3640 mV,32 C,0 Degree,26 Times,
5937,978046,70B3D50070001777,1594025671260,FES Receiver,2020-07-06 10:54:31.345197,"['SS', 'Standalone', 'version_184']",70001777,SENS_EVENT_MEASURE,110 cm,3640 mV,34 C,1 Degree,27 Times,
5936,978348,70B3D50070001777,1594029275971,FES Receiver,2020-07-06 11:54:36.056717,"['SS', 'Standalone', 'version_184']",70001777,SENS_EVENT_MEASURE,114 cm,3640 mV,38 C,2 Degree,28 Times,
5935,978963,70B3D50070001777,1594036470672,FES Receiver,2020-07-06 13:54:30.746656,"['SS', 'Standalone', 'version_184']",70001777,SENS_EVENT_MEASURE,108 cm,3640 mV,32 C,0 Degree,30 Times,
5934,979254,70B3D50070001777,1594040070423,FES Receiver,2020-07-06 14:54:30.490202,"['SS', 'Standalone', 'version_184']",70001777,SENS_EVENT_MEASURE,44 cm,3630 mV,29 C,1 Degree,31 Times,
5933,979546,70B3D50070001777,1594043670394,FES Receiver,2020-07-06 15:54:30.457667,"['SS', 'Standalone', 'version_184']",70001777,SENS_EVENT_MEASURE,106 cm,3620 mV,26 C,1 Degree,32 Times,
5932,979830,70B3D50070001777,1594047270224,FES Receiver,2020-07-06 16:54:30.282289,"['SS', 'Standalone', 'version_184']",70001777,SENS_EVENT_MEASURE,106 cm,3620 mV,25 C,0 Degree,33 Times,
5931,980097,70B3D50070001777,1594050870035,FES Receiver,2020-07-06 17:54:30.090119,"['SS', 'Standalone', 'version_184']",70001777,SENS_EVENT_MEASURE,106 cm,3610 mV,23 C,0 Degree,34 Times,
5930,980362,70B3D50070001777,1594054469866,FES Receiver,2020-07-06 18:54:29.917359,"['SS', 'Standalone', 'version_184']",70001777,SENS_EVENT_MEASURE,110 cm,3610 mV,22 C,2 Degree,35 Times,
5929,980626,70B3D50070001777,1594058071309,FES Receiver,2020-07-06 19:54:31.506718,"['SS', 'Standalone', 'version_184']",70001777,SENS_EVENT_MEASURE,104 cm,3600 mV,20 C,0 Degree,36 Times,
5928,980891,70B3D50070001777,1594061671133,FES Receiver,2020-07-06 20:54:31.326634,"['SS', 'Standalone', 'version_184']",70001777,SENS_EVENT_MEASURE,102 cm,3600 mV,16 C,2 Degree,37 Times,
5927,981161,70B3D50070001777,1594065270963,FES Receiver,2020-07-06 21:54:31.15349,"['SS', 'Standalone', 'version_184']",70001777,SENS_EVENT_MEASURE,102 cm,3590 mV,17 C,0 Degree,38 Times,
5926,981416,70B3D50070001777,1594068870814,FES Receiver,2020-07-06 22:54:31.000239,"['SS', 'Standalone', 'version_184']",70001777,SENS_EVENT_MEASURE,102 cm,3580 mV,16 C,0 Degree,39 Times,
5925,981682,70B3D50070001777,1594072470665,FES Receiver,2020-07-06 23:54:30.848161,"['SS', 'Standalone', 'version_184']",70001777,SENS_EVENT_MEASURE,102 cm,3580 mV,17 C,1 Degree,40 Times,
5924,981944,70B3D50070001777,1594076070556,FES Receiver,2020-07-07 00:54:30.735402,"['SS', 'Standalone', 'version_184']",70001777,SENS_EVENT_MEASURE,102 cm,3580 mV,15 C,1 Degree,41 Times,
5923,982192,70B3D50070001777,1594079670408,FES Receiver,2020-07-07 01:54:30.580222,"['SS', 'Standalone', 'version_184']",70001777,SENS_EVENT_MEASURE,102 cm,3580 mV,15 C,0 Degree,42 Times,
5922,982457,70B3D50070001777,1594083270277,FES Receiver,2020-07-07 02:54:30.446249,"['SS', 'Standalone', 'version_184']",70001777,SENS_EVENT_MEASURE,102 cm,3580 mV,14 C,0 Degree,43 Times,
5921,982718,70B3D50070001777,1594086870148,FES Receiver,2020-07-07 03:54:30.310439,"['SS', 'Standalone', 'version_184']",70001777,SENS_EVENT_MEASURE,102 cm,3570 mV,15 C,0 Degree,44 Times,
5920,983256,70B3D50070001777,1594094069890,FES Receiver,2020-07-07 05:54:30.044301,"['SS', 'Standalone', 'version_184']",70001777,SENS_EVENT_MEASURE,102 cm,3580 mV,13 C,0 Degree,46 Times,
5919,983505,70B3D50070001777,1594097669741,FES Receiver,2020-07-07 06:54:29.890545,"['SS', 'Standalone', 'version_184']",70001777,SENS_EVENT_MEASURE,102 cm,3580 mV,15 C,1 Degree,47 Times,
5918,983811,70B3D50070001777,1594101269434,FES Receiver,2020-07-07 07:54:29.579349,"['SS', 'Standalone', 'version_184']",70001777,SENS_EVENT_MEASURE,102 cm,3590 mV,16 C,1 Degree,48 Times,
5917,984113,70B3D50070001777,1594104869242,FES Receiver,2020-07-07 08:54:29.382794,"['SS', 'Standalone', 'version_184']",70001777,SENS_EVENT_MEASURE,102 cm,3610 mV,23 C,0 Degree,49 Times,
5916,984372,70B3D50070001777,1594108469113,FES Receiver,2020-07-07 09:54:29.249418,"['SS', 'Standalone', 'version_184']",70001777,SENS_EVENT_MEASURE,102 cm,3640 mV,31 C,1 Degree,50 Times,
5915,984676,70B3D50070001777,1594112068923,FES Receiver,2020-07-07 10:54:29.054606,"['SS', 'Standalone', 'version_184']",70001777,SENS_EVENT_MEASURE,102 cm,3640 mV,33 C,1 Degree,51 Times,
5914,985009,70B3D50070001777,1594115668774,FES Receiver,2020-07-07 11:54:28.923286,"['SS', 'Standalone', 'version_184']",70001777,SENS_EVENT_MEASURE,104 cm,3640 mV,42 C,1 Degree,52 Times,
5913,985393,70B3D50070001777,1594119268806,FES Receiver,2020-07-07 12:54:28.928703,"['SS', 'Standalone', 'version_184']",70001777,SENS_EVENT_MEASURE,106 cm,3640 mV,44 C,0 Degree,53 Times,
5912,985675,70B3D50070001777,1594122868475,FES Receiver,2020-07-07 13:54:28.593893,"['SS', 'Standalone', 'version_184']",70001777,SENS_EVENT_MEASURE,108 cm,3640 mV,32 C,0 Degree,54 Times,
5911,985939,70B3D50070001777,1594126468286,FES Receiver,2020-07-07 14:54:28.400913,"['SS', 'Standalone', 'version_184']",70001777,SENS_EVENT_MEASURE,108 cm,3620 mV,29 C,0 Degree,55 Times,
5910,986211,70B3D50070001777,1594130068117,FES Receiver,2020-07-07 15:54:28.227556,"['SS', 'Standalone', 'version_184']",70001777,SENS_EVENT_MEASURE,100 cm,3620 mV,29 C,1 Degree,56 Times,
5909,986520,70B3D50070001777,1594133668028,FES Receiver,2020-07-07 16:54:28.136044,"['SS', 'Standalone', 'version_184']",70001777,SENS_EVENT_MEASURE,98 cm,3620 mV,26 C,1 Degree,57 Times,
5908,986801,70B3D50070001777,1594137267858,FES Receiver,2020-07-07 17:54:27.95983,"['SS', 'Standalone', 'version_184']",70001777,SENS_EVENT_MEASURE,98 cm,3620 mV,26 C,0 Degree,58 Times,
5907,987094,70B3D50070001777,1594140867670,FES Receiver,2020-07-07 18:54:27.770035,"['SS', 'Standalone', 'version_184']",70001777,SENS_EVENT_MEASURE,108 cm,3620 mV,29 C,0 Degree,59 Times,
5906,987647,70B3D50070001777,1594148068943,FES Receiver,2020-07-07 20:54:29.138042,"['SS', 'Standalone', 'version_184']",70001777,SENS_EVENT_MEASURE,102 cm,3610 mV,22 C,0 Degree,61 Times,
5905,987931,70B3D50070001777,1594151668773,FES Receiver,2020-07-07 21:54:28.962744,"['SS', 'Standalone', 'version_184']",70001777,SENS_EVENT_MEASURE,102 cm,3600 mV,19 C,1 Degree,62 Times,
5904,988221,70B3D50070001777,1594155268604,FES Receiver,2020-07-07 22:54:28.790263,"['SS', 'Standalone', 'version_184']",70001777,SENS_EVENT_MEASURE,104 cm,3590 mV,19 C,1 Degree,63 Times,
5903,988507,70B3D50070001777,1594158868454,FES Receiver,2020-07-07 23:54:28.635758,"['SS', 'Standalone', 'version_184']",70001777,SENS_EVENT_MEASURE,104 cm,3590 mV,19 C,0 Degree,64 Times,
5902,988796,70B3D50070001777,1594162468285,FES Receiver,2020-07-08 00:54:28.462653,"['SS', 'Standalone', 'version_184']",70001777,SENS_EVENT_MEASURE,102 cm,3590 mV,18 C,0 Degree,65 Times,
5901,989072,70B3D50070001777,1594166068136,FES Receiver,2020-07-08 01:54:28.309264,"['SS', 'Standalone', 'version_184']",70001777,SENS_EVENT_MEASURE,102 cm,3600 mV,15 C,0 Degree,66 Times,
5900,989345,70B3D50070001777,1594169667967,FES Receiver,2020-07-08 02:54:28.143471,"['SS', 'Standalone', 'version_184']",70001777,SENS_EVENT_MEASURE,102 cm,3600 mV,16 C,0 Degree,67 Times,
5899,989900,70B3D50070001777,1594176867649,FES Receiver,2020-07-08 04:54:27.812452,"['SS', 'Standalone', 'version_184']",70001777,SENS_EVENT_MEASURE,104 cm,3590 mV,17 C,1 Degree,69 Times,
5898,990190,70B3D50070001777,1594180467479,FES Receiver,2020-07-08 05:54:27.639603,"['SS', 'Standalone', 'version_184']",70001777,SENS_EVENT_MEASURE,104 cm,3590 mV,18 C,0 Degree,70 Times,
5897,990467,70B3D50070001777,1594184067332,FES Receiver,2020-07-08 06:54:27.484593,"['SS', 'Standalone', 'version_184']",70001777,SENS_EVENT_MEASURE,104 cm,3580 mV,16 C,0 Degree,71 Times,
5896,990793,70B3D50070001777,1594187667263,FES Receiver,2020-07-08 07:54:27.411416,"['SS', 'Standalone', 'version_184']",70001777,SENS_EVENT_MEASURE,98 cm,3590 mV,15 C,1 Degree,72 Times,
5895,991546,70B3D50070001777,1594194866941,FES Receiver,2020-07-08 09:54:27.080231,"['SS', 'Standalone', 'version_184']",70001777,SENS_EVENT_MEASURE,102 cm,3600 mV,20 C,1 Degree,74 Times,
5894,991896,70B3D50070001777,1594198466774,FES Receiver,2020-07-08 10:54:26.908052,"['SS', 'Standalone', 'version_184']",70001777,SENS_EVENT_MEASURE,102 cm,3610 mV,20 C,1 Degree,75 Times,
5893,992309,70B3D50070001777,1594202070604,FES Receiver,2020-07-08 11:54:30.738084,"['SS', 'Standalone', 'version_184']",70001777,SENS_EVENT_MEASURE,98 cm,3600 mV,20 C,0 Degree,76 Times,
5892,992704,70B3D50070001777,1594205666455,FES Receiver,2020-07-08 12:54:26.580597,"['SS', 'Standalone', 'version_184']",70001777,SENS_EVENT_MEASURE,92 cm,3600 mV,18 C,1 Degree,77 Times,
5891,993461,70B3D50070001777,1594212866136,FES Receiver,2020-07-08 14:54:26.253829,"['SS', 'Standalone', 'version_184']",70001777,SENS_EVENT_MEASURE,94 cm,3600 mV,17 C,1 Degree,79 Times,
5890,994998,70B3D50070001777,1594223665648,FES Receiver,2020-07-08 17:54:25.752547,"['SS', 'Standalone', 'version_184']",70001777,SENS_EVENT_MEASURE,94 cm,3610 mV,18 C,1 Degree,82 Times,
5889,995488,70B3D50070001777,1594227265399,FES Receiver,2020-07-08 18:54:25.501216,"['SS', 'Standalone', 'version_184']",70001777,SENS_EVENT_MEASURE,88 cm,3600 mV,18 C,1 Degree,83 Times,
5888,995980,70B3D50070001777,1594230866902,FES Receiver,2020-07-08 19:54:27.098794,"['SS', 'Standalone', 'version_184']",70001777,SENS_EVENT_MEASURE,88 cm,3600 mV,17 C,1 Degree,84 Times,
5887,996443,70B3D50070001777,1594234466653,FES Receiver,2020-07-08 20:54:26.845845,"['SS', 'Standalone', 'version_184']",70001777,SENS_EVENT_MEASURE,86 cm,3600 mV,17 C,0 Degree,85 Times,
5886,997359,70B3D50070001777,1594241666434,FES Receiver,2020-07-08 22:54:26.617508,"['SS', 'Standalone', 'version_184']",70001777,SENS_EVENT_MEASURE,88 cm,3600 mV,17 C,1 Degree,87 Times,
5885,997835,70B3D50070001777,1594245266185,FES Receiver,2020-07-08 23:54:26.363793,"['SS', 'Standalone', 'version_184']",70001777,SENS_EVENT_MEASURE,88 cm,3600 mV,17 C,0 Degree,88 Times,
5884,998312,70B3D50070001777,1594248866119,FES Receiver,2020-07-09 00:54:26.295048,"['SS', 'Standalone', 'version_184']",70001777,SENS_EVENT_MEASURE,88 cm,3600 mV,16 C,1 Degree,89 Times,
5883,998783,70B3D50070001777,1594252465866,FES Receiver,2020-07-09 01:54:26.037734,"['SS', 'Standalone', 'version_184']",70001777,SENS_EVENT_MEASURE,88 cm,3600 mV,17 C,1 Degree,90 Times,
5882,999251,70B3D50070001777,1594256065717,FES Receiver,2020-07-09 02:54:25.88255,"['SS', 'Standalone', 'version_184']",70001777,SENS_EVENT_MEASURE,88 cm,3600 mV,16 C,1 Degree,91 Times,
5881,999718,70B3D50070001777,1594259665568,FES Receiver,2020-07-09 03:54:25.729479,"['SS', 'Standalone', 'version_184']",70001777,SENS_EVENT_MEASURE,88 cm,3600 mV,15 C,1 Degree,92 Times,
5880,1000200,70B3D50070001777,1594263265399,FES Receiver,2020-07-09 04:54:25.554354,"['SS', 'Standalone', 'version_184']",70001777,SENS_EVENT_MEASURE,88 cm,3600 mV,15 C,1 Degree,93 Times,
5879,1001155,70B3D50070001777,1594270465086,FES Receiver,2020-07-09 06:54:25.233465,"['SS', 'Standalone', 'version_184']",70001777,SENS_EVENT_MEASURE,88 cm,3610 mV,17 C,1 Degree,95 Times,
5878,1001670,70B3D50070001777,1594274064931,FES Receiver,2020-07-09 07:54:25.077916,"['SS', 'Standalone', 'version_184']",70001777,SENS_EVENT_MEASURE,88 cm,3610 mV,18 C,0 Degree,96 Times,
5877,1002672,70B3D50070001777,1594281264593,FES Receiver,2020-07-09 09:54:24.730704,"['SS', 'Standalone', 'version_184']",70001777,SENS_EVENT_MEASURE,86 cm,3620 mV,22 C,0 Degree,98 Times,
5876,1003175,70B3D50070001777,1594284864503,FES Receiver,2020-07-09 10:54:24.636929,"['SS', 'Standalone', 'version_184']",70001777,SENS_EVENT_MEASURE,86 cm,3630 mV,26 C,0 Degree,99 Times,
5875,1003695,70B3D50070001777,1594288464234,FES Receiver,2020-07-09 11:54:24.363018,"['SS', 'Standalone', 'version_184']",70001777,SENS_EVENT_MEASURE,88 cm,3630 mV,28 C,0 Degree,100 Times,
5874,1004238,70B3D50070001777,1594292064025,FES Receiver,2020-07-09 12:54:24.145046,"['SS', 'Standalone', 'version_184']",70001777,SENS_EVENT_MEASURE,88 cm,3640 mV,30 C,0 Degree,101 Times,
5873,1004805,70B3D50070001777,1594295663875,FES Receiver,2020-07-09 13:54:23.992296,"['SS', 'Standalone', 'version_184']",70001777,SENS_EVENT_MEASURE,88 cm,3640 mV,42 C,1 Degree,102 Times,
5872,1005879,70B3D50070001777,1594302863536,FES Receiver,2020-07-09 15:54:23.645843,"['SS', 'Standalone', 'version_184']",70001777,SENS_EVENT_MEASURE,86 cm,3630 mV,30 C,1 Degree,104 Times,
5871,1006420,70B3D50070001777,1594306463347,FES Receiver,2020-07-09 16:54:23.451841,"['SS', 'Standalone', 'version_184']",70001777,SENS_EVENT_MEASURE,86 cm,3630 mV,30 C,0 Degree,105 Times,
5870,1006884,70B3D50070001777,1594310063179,FES Receiver,2020-07-09 17:54:23.280103,"['SS', 'Standalone', 'version_184']",70001777,SENS_EVENT_MEASURE,80 cm,3630 mV,28 C,1 Degree,106 Times,
5869,1007359,70B3D50070001777,1594313662993,FES Receiver,2020-07-09 18:54:23.088982,"['SS', 'Standalone', 'version_184']",70001777,SENS_EVENT_MEASURE,80 cm,3630 mV,28 C,0 Degree,107 Times,
5868,1007844,70B3D50070001777,1594317262819,FES Receiver,2020-07-09 19:54:24.692918,"['SS', 'Standalone', 'version_184']",70001777,SENS_EVENT_MEASURE,80 cm,3620 mV,28 C,0 Degree,108 Times,
5867,1008765,70B3D50070001777,1594324464181,FES Receiver,2020-07-09 21:54:24.323251,"['SS', 'Standalone', 'version_184']",70001777,SENS_EVENT_MEASURE,80 cm,3610 mV,23 C,1 Degree,110 Times,
5866,1009244,70B3D50070001777,1594328064011,FES Receiver,2020-07-09 22:54:24.150389,"['SS', 'Standalone', 'version_184']",70001777,SENS_EVENT_MEASURE,80 cm,3610 mV,22 C,0 Degree,111 Times,
5865,1009702,70B3D50070001777,1594331663822,FES Receiver,2020-07-09 23:54:23.955237,"['SS', 'Standalone', 'version_184']",70001777,SENS_EVENT_MEASURE,80 cm,3610 mV,21 C,1 Degree,112 Times,
5864,1010168,70B3D50070001777,1594335263652,FES Receiver,2020-07-10 00:54:23.784068,"['SS', 'Standalone', 'version_184']",70001777,SENS_EVENT_MEASURE,80 cm,3610 mV,23 C,1 Degree,113 Times,
5863,1010620,70B3D50070001777,1594338863483,FES Receiver,2020-07-10 01:54:23.609879,"['SS', 'Standalone', 'version_184']",70001777,SENS_EVENT_MEASURE,80 cm,3610 mV,22 C,1 Degree,114 Times,
5862,1011090,70B3D50070001777,1594342463313,FES Receiver,2020-07-10 02:54:23.436564,"['SS', 'Standalone', 'version_184']",70001777,SENS_EVENT_MEASURE,80 cm,3600 mV,21 C,1 Degree,115 Times,
5861,1011544,70B3D50070001777,1594346063144,FES Receiver,2020-07-10 03:54:23.261669,"['SS', 'Standalone', 'version_184']",70001777,SENS_EVENT_MEASURE,80 cm,3600 mV,20 C,1 Degree,116 Times,
5860,1012470,70B3D50070001777,1594353262811,FES Receiver,2020-07-10 05:54:22.919961,"['SS', 'Standalone', 'version_184']",70001777,SENS_EVENT_MEASURE,80 cm,3600 mV,20 C,0 Degree,118 Times,
5859,1012932,70B3D50070001777,1594356862636,FES Receiver,2020-07-10 06:54:22.741091,"['SS', 'Standalone', 'version_184']",70001777,SENS_EVENT_MEASURE,80 cm,3610 mV,22 C,0 Degree,119 Times,
5858,1013946,70B3D50070001777,1594364062276,FES Receiver,2020-07-10 08:54:22.374116,"['SS', 'Standalone', 'version_184']",70001777,SENS_EVENT_MEASURE,78 cm,3620 mV,25 C,1 Degree,121 Times,
5857,1014440,70B3D50070001777,1594367662107,FES Receiver,2020-07-10 09:54:22.200697,"['SS', 'Standalone', 'version_184']",70001777,SENS_EVENT_MEASURE,82 cm,3630 mV,32 C,1 Degree,122 Times,
5856,1014922,70B3D50070001777,1594371261937,FES Receiver,2020-07-10 10:54:22.02603,"['SS', 'Standalone', 'version_184']",70001777,SENS_EVENT_MEASURE,80 cm,3640 mV,39 C,1 Degree,123 Times,
5855,1015455,70B3D50070001777,1594374861748,FES Receiver,2020-07-10 11:54:21.836661,"['SS', 'Standalone', 'version_184']",70001777,SENS_EVENT_MEASURE,84 cm,3640 mV,30 C,2 Degree,124 Times,
5854,1015953,70B3D50070001777,1594378461579,FES Receiver,2020-07-10 12:54:21.665364,"['SS', 'Standalone', 'version_184']",70001777,SENS_EVENT_MEASURE,78 cm,3630 mV,30 C,0 Degree,125 Times,
5853,1016414,70B3D50070001777,1594382061509,FES Receiver,2020-07-10 13:54:21.588872,"['SS', 'Standalone', 'version_184']",70001777,SENS_EVENT_MEASURE,124 cm,3630 mV,29 C,0 Degree,126 Times,
5852,1017403,70B3D50070001777,1594389261030,FES Receiver,2020-07-10 15:54:21.098593,"['SS', 'Standalone', 'version_184']",70001777,SENS_EVENT_MEASURE,122 cm,3630 mV,27 C,0 Degree,128 Times,
5851,1017906,70B3D50070001777,1594392860880,FES Receiver,2020-07-10 16:54:20.944631,"['SS', 'Standalone', 'version_184']",70001777,SENS_EVENT_MEASURE,122 cm,3620 mV,28 C,1 Degree,129 Times,
5850,1018362,70B3D50070001777,1594396460690,FES Receiver,2020-07-10 17:54:20.750629,"['SS', 'Standalone', 'version_184']",70001777,SENS_EVENT_MEASURE,122 cm,3620 mV,25 C,1 Degree,130 Times,
5849,1018807,70B3D50070001777,1594400060601,FES Receiver,2020-07-10 18:54:20.658145,"['SS', 'Standalone', 'version_184']",70001777,SENS_EVENT_MEASURE,122 cm,3620 mV,25 C,0 Degree,131 Times,
5848,1019270,70B3D50070001777,1594403662065,FES Receiver,2020-07-10 19:54:22.25855,"['SS', 'Standalone', 'version_184']",70001777,SENS_EVENT_MEASURE,122 cm,3610 mV,22 C,2 Degree,132 Times,
5847,1019720,70B3D50070001777,1594407261893,FES Receiver,2020-07-10 20:54:22.081832,"['SS', 'Standalone', 'version_184']",70001777,SENS_EVENT_MEASURE,122 cm,3610 mV,20 C,0 Degree,133 Times,
5846,1020183,70B3D50070001777,1594410861724,FES Receiver,2020-07-10 21:54:21.909823,"['SS', 'Standalone', 'version_184']",70001777,SENS_EVENT_MEASURE,122 cm,3600 mV,20 C,0 Degree,134 Times,
5845,1021100,70B3D50070001777,1594418061285,FES Receiver,2020-07-10 23:54:21.462058,"['SS', 'Standalone', 'version_184']",70001777,SENS_EVENT_MEASURE,122 cm,3600 mV,16 C,0 Degree,136 Times,
5844,1021550,70B3D50070001777,1594421661115,FES Receiver,2020-07-11 00:54:21.28914,"['SS', 'Standalone', 'version_184']",70001777,SENS_EVENT_MEASURE,122 cm,3600 mV,18 C,1 Degree,137 Times,
5843,1022002,70B3D50070001777,1594425260966,FES Receiver,2020-07-11 01:54:21.134583,"['SS', 'Standalone', 'version_184']",70001777,SENS_EVENT_MEASURE,122 cm,3590 mV,16 C,0 Degree,138 Times,
5842,1022449,70B3D50070001777,1594428860816,FES Receiver,2020-07-11 02:54:20.980157,"['SS', 'Standalone', 'version_184']",70001777,SENS_EVENT_MEASURE,122 cm,3590 mV,16 C,1 Degree,139 Times,
5841,1023381,70B3D50070001777,1594436060538,FES Receiver,2020-07-11 04:54:20.69271,"['SS', 'Standalone', 'version_184']",70001777,SENS_EVENT_MEASURE,122 cm,3590 mV,15 C,1 Degree,141 Times,
5840,1023836,70B3D50070001777,1594439660369,FES Receiver,2020-07-11 05:54:21.966106,"['SS', 'Standalone', 'version_184']",70001777,SENS_EVENT_MEASURE,122 cm,3580 mV,15 C,0 Degree,142 Times,
5839,1024298,70B3D50070001777,1594443260219,FES Receiver,2020-07-11 06:54:20.366438,"['SS', 'Standalone', 'version_184']",70001777,SENS_EVENT_MEASURE,122 cm,3580 mV,15 C,0 Degree,143 Times,
5838,1024761,70B3D50070001777,1594446860091,FES Receiver,2020-07-11 07:54:20.23427,"['SS', 'Standalone', 'version_184']",70001777,SENS_EVENT_MEASURE,122 cm,3590 mV,15 C,0 Degree,144 Times,
5837,1025211,70B3D50070001777,1594450459900,FES Receiver,2020-07-11 08:54:20.038203,"['SS', 'Standalone', 'version_184']",70001777,SENS_EVENT_MEASURE,122 cm,3620 mV,23 C,1 Degree,145 Times,
5836,1025669,70B3D50070001777,1594454059731,FES Receiver,2020-07-11 09:54:19.86599,"['SS', 'Standalone', 'version_184']",70001777,SENS_EVENT_MEASURE,122 cm,3640 mV,35 C,1 Degree,146 Times,
5835,1026129,70B3D50070001777,1594457659561,FES Receiver,2020-07-11 10:54:19.69232,"['SS', 'Standalone', 'version_184']",70001777,SENS_EVENT_MEASURE,124 cm,3640 mV,42 C,1 Degree,147 Times,
5834,1026601,70B3D50070001777,1594461264532,FES Receiver,2020-07-11 11:54:24.661665,"['SS', 'Standalone', 'version_184']",70001777,SENS_EVENT_MEASURE,124 cm,3640 mV,36 C,1 Degree,148 Times,
5833,1027055,70B3D50070001777,1594464859262,FES Receiver,2020-07-11 12:54:19.385366,"['SS', 'Standalone', 'version_184']",70001777,SENS_EVENT_MEASURE,122 cm,3640 mV,32 C,0 Degree,149 Times,
5832,1027510,70B3D50070001777,1594468459253,FES Receiver,2020-07-11 13:54:19.371154,"['SS', 'Standalone', 'version_184']",70001777,SENS_EVENT_MEASURE,126 cm,3640 mV,43 C,0 Degree,150 Times,
5831,1027976,70B3D50070001777,1594472058924,FES Receiver,2020-07-11 14:54:19.043204,"['SS', 'Standalone', 'version_184']",70001777,SENS_EVENT_MEASURE,134 cm,3630 mV,30 C,0 Degree,151 Times,
5830,1028442,70B3D50070001777,1594475658854,FES Receiver,2020-07-11 15:54:18.968915,"['SS', 'Standalone', 'version_184']",70001777,SENS_EVENT_MEASURE,124 cm,3610 mV,30 C,1 Degree,152 Times,
5829,1029355,70B3D50070001777,1594482858375,FES Receiver,2020-07-11 17:54:18.477641,"['SS', 'Standalone', 'version_184']",70001777,SENS_EVENT_MEASURE,118 cm,3610 mV,26 C,1 Degree,154 Times,
5828,1029816,70B3D50070001777,1594486458306,FES Receiver,2020-07-11 18:54:18.40465,"['SS', 'Standalone', 'version_184']",70001777,SENS_EVENT_MEASURE,122 cm,3610 mV,24 C,0 Degree,155 Times,
5827,1030739,70B3D50070001777,1594493659659,FES Receiver,2020-07-11 20:54:19.821454,"['SS', 'Standalone', 'version_184']",70001777,SENS_EVENT_MEASURE,118 cm,3600 mV,20 C,1 Degree,157 Times,
5826,1031205,70B3D50070001777,1594497259489,FES Receiver,2020-07-11 21:54:19.647999,"['SS', 'Standalone', 'version_184']",70001777,SENS_EVENT_MEASURE,122 cm,3590 mV,18 C,1 Degree,158 Times,
5825,1031664,70B3D50070001777,1594500859340,FES Receiver,2020-07-11 22:54:19.495508,"['SS', 'Standalone', 'version_184']",70001777,SENS_EVENT_MEASURE,130 cm,3580 mV,17 C,0 Degree,159 Times,
5824,1032107,70B3D50070001777,1594504459170,FES Receiver,2020-07-11 23:54:19.321019,"['SS', 'Standalone', 'version_184']",70001777,SENS_EVENT_MEASURE,130 cm,3580 mV,15 C,0 Degree,160 Times,
5823,1033004,70B3D50070001777,1594511658871,FES Receiver,2020-07-12 01:54:19.013365,"['SS', 'Standalone', 'version_184']",70001777,SENS_EVENT_MEASURE,122 cm,3570 mV,15 C,0 Degree,162 Times,
5822,1033456,70B3D50070001777,1594515258742,FES Receiver,2020-07-12 02:54:18.881128,"['SS', 'Standalone', 'version_184']",70001777,SENS_EVENT_MEASURE,130 cm,3570 mV,15 C,0 Degree,163 Times,
5821,1033922,70B3D50070001777,1594518858633,FES Receiver,2020-07-12 03:54:18.767327,"['SS', 'Standalone', 'version_184']",70001777,SENS_EVENT_MEASURE,122 cm,3570 mV,14 C,1 Degree,164 Times,
5820,1034374,70B3D50070001777,1594522458484,FES Receiver,2020-07-12 04:54:18.61374,"['SS', 'Standalone', 'version_184']",70001777,SENS_EVENT_MEASURE,120 cm,3570 mV,14 C,0 Degree,165 Times,
5819,1034814,70B3D50070001777,1594526058315,FES Receiver,2020-07-12 05:54:18.440347,"['SS', 'Standalone', 'version_184']",70001777,SENS_EVENT_MEASURE,120 cm,3580 mV,14 C,1 Degree,166 Times,
5818,1035267,70B3D50070001777,1594529658206,FES Receiver,2020-07-12 06:54:18.328242,"['SS', 'Standalone', 'version_184']",70001777,SENS_EVENT_MEASURE,120 cm,3580 mV,15 C,1 Degree,167 Times,
5817,1035719,70B3D50070001777,1594533258036,FES Receiver,2020-07-12 07:54:18.152169,"['SS', 'Standalone', 'version_184']",70001777,SENS_EVENT_MEASURE,122 cm,3580 mV,15 C,0 Degree,168 Times,
5816,1036173,70B3D50070001777,1594536857707,FES Receiver,2020-07-12 08:54:17.819662,"['SS', 'Standalone', 'version_184']",70001777,SENS_EVENT_MEASURE,122 cm,3610 mV,25 C,0 Degree,169 Times,
5815,1036634,70B3D50070001777,1594540457678,FES Receiver,2020-07-12 09:54:17.786157,"['SS', 'Standalone', 'version_184']",70001777,SENS_EVENT_MEASURE,124 cm,3640 mV,37 C,0 Degree,170 Times,
5814,1037093,70B3D50070001777,1594544037589,FES Receiver,2020-07-12 10:53:57.693893,"['SS', 'Standalone', 'version_184']",70001777,SENS_EVENT_MEASURE,126 cm,3640 mV,45 C,1 Degree,171 Times,
5813,1038028,70B3D50070001777,1594551237170,FES Receiver,2020-07-12 12:53:57.269924,"['SS', 'Standalone', 'version_184']",70001777,SENS_EVENT_MEASURE,120 cm,3640 mV,44 C,0 Degree,173 Times,
5812,1038480,70B3D50070001777,1594554837061,FES Receiver,2020-07-12 13:53:57.152753,"['SS', 'Standalone', 'version_184']",70001777,SENS_EVENT_MEASURE,120 cm,3640 mV,46 C,0 Degree,174 Times,
5811,1038924,70B3D50070001777,1594558436894,FES Receiver,2020-07-12 14:53:56.982,"['SS', 'Standalone', 'version_184']",70001777,SENS_EVENT_MEASURE,118 cm,3630 mV,30 C,2 Degree,175 Times,
5810,1039844,70B3D50070001777,1594565636652,FES Receiver,2020-07-12 16:53:56.736056,"['SS', 'Standalone', 'version_184']",70001777,SENS_EVENT_MEASURE,118 cm,3610 mV,26 C,1 Degree,177 Times,
5809,1040314,70B3D50070001777,1594569236469,FES Receiver,2020-07-12 17:53:56.549634,"['SS', 'Standalone', 'version_184']",70001777,SENS_EVENT_MEASURE,118 cm,3600 mV,25 C,0 Degree,178 Times,
5808,1041215,70B3D50070001777,1594576437762,FES Receiver,2020-07-12 19:53:57.940246,"['SS', 'Standalone', 'version_184']",70001777,SENS_EVENT_MEASURE,118 cm,3600 mV,23 C,1 Degree,180 Times,
5807,1041674,70B3D50070001777,1594580037592,FES Receiver,2020-07-12 20:53:57.766005,"['SS', 'Standalone', 'version_184']",70001777,SENS_EVENT_MEASURE,116 cm,3600 mV,21 C,0 Degree,181 Times,
5806,1042126,70B3D50070001777,1594583637403,FES Receiver,2020-07-12 21:53:57.573694,"['SS', 'Standalone', 'version_184']",70001777,SENS_EVENT_MEASURE,116 cm,3590 mV,20 C,0 Degree,182 Times,
5805,1042575,70B3D50070001777,1594587237253,FES Receiver,2020-07-12 22:53:57.421784,"['SS', 'Standalone', 'version_184']",70001777,SENS_EVENT_MEASURE,116 cm,3590 mV,19 C,0 Degree,183 Times,
5804,1043044,70B3D50070001777,1594590837084,FES Receiver,2020-07-12 23:53:57.245602,"['SS', 'Standalone', 'version_184']",70001777,SENS_EVENT_MEASURE,116 cm,3580 mV,17 C,1 Degree,184 Times,
5803,1043503,70B3D50070001777,1594594436935,FES Receiver,2020-07-13 00:53:57.09284,"['SS', 'Standalone', 'version_184']",70001777,SENS_EVENT_MEASURE,116 cm,3580 mV,16 C,0 Degree,185 Times,
5802,1044412,70B3D50070001777,1594601636624,FES Receiver,2020-07-13 02:53:56.774469,"['SS', 'Standalone', 'version_184']",70001777,SENS_EVENT_MEASURE,116 cm,3580 mV,15 C,1 Degree,187 Times,
5801,1044876,70B3D50070001777,1594605236467,FES Receiver,2020-07-13 03:53:56.614524,"['SS', 'Standalone', 'version_184']",70001777,SENS_EVENT_MEASURE,116 cm,3580 mV,13 C,2 Degree,188 Times,
5800,1045326,70B3D50070001777,1594608836362,FES Receiver,2020-07-13 04:53:56.504775,"['SS', 'Standalone', 'version_184']",70001777,SENS_EVENT_MEASURE,116 cm,3580 mV,15 C,0 Degree,189 Times,
5799,1045784,70B3D50070001777,1594612436248,FES Receiver,2020-07-13 05:53:56.385517,"['SS', 'Standalone', 'version_184']",70001777,SENS_EVENT_MEASURE,116 cm,3580 mV,13 C,1 Degree,190 Times,
5798,1046251,70B3D50070001777,1594616036059,FES Receiver,2020-07-13 06:53:56.191628,"['SS', 'Standalone', 'version_184']",70001777,SENS_EVENT_MEASURE,116 cm,3580 mV,17 C,1 Degree,191 Times,
5797,1046743,70B3D50070001777,1594619635892,FES Receiver,2020-07-13 07:53:56.02233,"['SS', 'Standalone', 'version_184']",70001777,SENS_EVENT_MEASURE,112 cm,3580 mV,16 C,0 Degree,192 Times,
5796,1047255,70B3D50070001777,1594623235585,FES Receiver,2020-07-13 08:53:55.710328,"['SS', 'Standalone', 'version_184']",70001777,SENS_EVENT_MEASURE,112 cm,3620 mV,28 C,0 Degree,193 Times,
5795,1047765,70B3D50070001777,1594626835550,FES Receiver,2020-07-13 09:53:55.671341,"['SS', 'Standalone', 'version_184']",70001777,SENS_EVENT_MEASURE,114 cm,3640 mV,33 C,1 Degree,194 Times,
5794,1048299,70B3D50070001777,1594630435381,FES Receiver,2020-07-13 10:53:55.498091,"['SS', 'Standalone', 'version_184']",70001777,SENS_EVENT_MEASURE,112 cm,3640 mV,40 C,1 Degree,195 Times,
5793,1048807,70B3D50070001777,1594634035290,FES Receiver,2020-07-13 11:53:55.404615,"['SS', 'Standalone', 'version_184']",70001777,SENS_EVENT_MEASURE,108 cm,3640 mV,43 C,1 Degree,196 Times,
5792,1049351,70B3D50070001777,1594637635042,FES Receiver,2020-07-13 12:53:55.158508,"['SS', 'Standalone', 'version_184']",70001777,SENS_EVENT_MEASURE,108 cm,3640 mV,46 C,0 Degree,197 Times,
5791,1049876,70B3D50070001777,1594641235073,FES Receiver,2020-07-13 13:53:55.17772,"['SS', 'Standalone', 'version_184']",70001777,SENS_EVENT_MEASURE,110 cm,3640 mV,46 C,1 Degree,198 Times,
5790,1050923,70B3D50070001777,1594648434681,FES Receiver,2020-07-13 15:53:54.778176,"['SS', 'Standalone', 'version_184']",70001777,SENS_EVENT_MEASURE,110 cm,3610 mV,29 C,0 Degree,200 Times,
5789,1051398,70B3D50070001777,1594652034424,FES Receiver,2020-07-13 16:53:54.517257,"['SS', 'Standalone', 'version_184']",70001777,SENS_EVENT_MEASURE,104 cm,3610 mV,27 C,0 Degree,201 Times,
5788,1052349,70B3D50070001777,1594659234065,FES Receiver,2020-07-13 18:53:54.154455,"['SS', 'Standalone', 'version_184']",70001777,SENS_EVENT_MEASURE,104 cm,3610 mV,27 C,0 Degree,203 Times,
5787,1052813,70B3D50070001777,1594662835540,FES Receiver,2020-07-13 19:53:55.724852,"['SS', 'Standalone', 'version_184']",70001777,SENS_EVENT_MEASURE,104 cm,3600 mV,23 C,1 Degree,204 Times,
5786,1053249,70B3D50070001777,1594666435369,FES Receiver,2020-07-13 20:53:55.545887,"['SS', 'Standalone', 'version_184']",70001777,SENS_EVENT_MEASURE,104 cm,3600 mV,25 C,0 Degree,205 Times,
5785,1053720,70B3D50070001777,1594670035281,FES Receiver,2020-07-13 21:53:55.453679,"['SS', 'Standalone', 'version_184']",70001777,SENS_EVENT_MEASURE,104 cm,3590 mV,23 C,1 Degree,206 Times,
5784,1054637,70B3D50070001777,1594677234942,FES Receiver,2020-07-13 23:53:55.105476,"['SS', 'Standalone', 'version_184']",70001777,SENS_EVENT_MEASURE,108 cm,3590 mV,19 C,0 Degree,208 Times,
5783,1055090,70B3D50070001777,1594680834772,FES Receiver,2020-07-14 00:53:54.932427,"['SS', 'Standalone', 'version_184']",70001777,SENS_EVENT_MEASURE,112 cm,3580 mV,20 C,0 Degree,209 Times,
5782,1056021,70B3D50070001777,1594688034453,FES Receiver,2020-07-14 02:53:54.604329,"['SS', 'Standalone', 'version_184']",70001777,SENS_EVENT_MEASURE,106 cm,3580 mV,17 C,0 Degree,211 Times,
5781,1056484,70B3D50070001777,1594691634302,FES Receiver,2020-07-14 03:53:54.448411,"['SS', 'Standalone', 'version_184']",70001777,SENS_EVENT_MEASURE,112 cm,3580 mV,15 C,1 Degree,212 Times,
5780,1056939,70B3D50070001777,1594695234154,FES Receiver,2020-07-14 04:53:54.295753,"['SS', 'Standalone', 'version_184']",70001777,SENS_EVENT_MEASURE,112 cm,3580 mV,14 C,1 Degree,213 Times,
5779,1057413,70B3D50070001777,1594698834005,FES Receiver,2020-07-14 05:53:54.144166,"['SS', 'Standalone', 'version_184']",70001777,SENS_EVENT_MEASURE,112 cm,3580 mV,13 C,1 Degree,214 Times,
5778,1057868,70B3D50070001777,1594702433836,FES Receiver,2020-07-14 06:53:53.970866,"['SS', 'Standalone', 'version_184']",70001777,SENS_EVENT_MEASURE,112 cm,3580 mV,15 C,0 Degree,215 Times,
5777,1058384,70B3D50070001777,1594706033707,FES Receiver,2020-07-14 07:53:53.836134,"['SS', 'Standalone', 'version_184']",70001777,SENS_EVENT_MEASURE,112 cm,3590 mV,16 C,1 Degree,216 Times,
5776,1058916,70B3D50070001777,1594709633537,FES Receiver,2020-07-14 08:53:53.661991,"['SS', 'Standalone', 'version_184']",70001777,SENS_EVENT_MEASURE,102 cm,3610 mV,25 C,0 Degree,217 Times,
5775,1059421,70B3D50070001777,1594713233348,FES Receiver,2020-07-14 09:53:53.469419,"['SS', 'Standalone', 'version_184']",70001777,SENS_EVENT_MEASURE,104 cm,3640 mV,37 C,0 Degree,218 Times,
5774,1060436,70B3D50070001777,1594720433129,FES Receiver,2020-07-14 11:53:53.241158,"['SS', 'Standalone', 'version_184']",70001777,SENS_EVENT_MEASURE,100 cm,3640 mV,46 C,1 Degree,220 Times,
5773,1060939,70B3D50070001777,1594724032899,FES Receiver,2020-07-14 12:53:53.013251,"['SS', 'Standalone', 'version_184']",70001777,SENS_EVENT_MEASURE,100 cm,3640 mV,43 C,1 Degree,221 Times,
5772,1061993,70B3D50070001777,1594731232621,FES Receiver,2020-07-14 14:53:52.720561,"['SS', 'Standalone', 'version_184']",70001777,SENS_EVENT_MEASURE,98 cm,3640 mV,35 C,0 Degree,223 Times,
5771,1062981,70B3D50070001777,1594738432321,FES Receiver,2020-07-14 16:53:52.413125,"['SS', 'Standalone', 'version_184']",70001777,SENS_EVENT_MEASURE,100 cm,3620 mV,31 C,0 Degree,225 Times,
5770,1063465,70B3D50070001777,1594742032073,FES Receiver,2020-07-14 17:53:52.161087,"['SS', 'Standalone', 'version_184']",70001777,SENS_EVENT_MEASURE,100 cm,3610 mV,30 C,0 Degree,226 Times,
5769,1063917,70B3D50070001777,1594745631982,FES Receiver,2020-07-14 18:53:52.064959,"['SS', 'Standalone', 'version_184']",70001777,SENS_EVENT_MEASURE,100 cm,3610 mV,31 C,1 Degree,227 Times,
5768,1064393,70B3D50070001777,1594749233462,FES Receiver,2020-07-14 19:53:53.6447,"['SS', 'Standalone', 'version_184']",70001777,SENS_EVENT_MEASURE,100 cm,3610 mV,30 C,0 Degree,228 Times,
5767,1064846,70B3D50070001777,1594752833292,FES Receiver,2020-07-14 20:53:53.472115,"['SS', 'Standalone', 'version_184']",70001777,SENS_EVENT_MEASURE,100 cm,3610 mV,23 C,0 Degree,229 Times,
5766,1065757,70B3D50070001777,1594760032933,FES Receiver,2020-07-14 22:53:53.107984,"['SS', 'Standalone', 'version_184']",70001777,SENS_EVENT_MEASURE,96 cm,3590 mV,20 C,0 Degree,231 Times,
5765,1066225,70B3D50070001777,1594763632684,FES Receiver,2020-07-14 23:53:52.855645,"['SS', 'Standalone', 'version_184']",70001777,SENS_EVENT_MEASURE,96 cm,3580 mV,18 C,0 Degree,232 Times,
5764,1067158,70B3D50070001777,1594770832498,FES Receiver,2020-07-15 01:53:52.657176,"['SS', 'Standalone', 'version_184']",70001777,SENS_EVENT_MEASURE,96 cm,3580 mV,16 C,1 Degree,234 Times,
5763,1067637,70B3D50070001777,1594774432295,FES Receiver,2020-07-15 02:53:52.450374,"['SS', 'Standalone', 'version_184']",70001777,SENS_EVENT_MEASURE,96 cm,3580 mV,17 C,2 Degree,235 Times,
5762,1068093,70B3D50070001777,1594778032152,FES Receiver,2020-07-15 03:53:52.301203,"['SS', 'Standalone', 'version_184']",70001777,SENS_EVENT_MEASURE,96 cm,3580 mV,18 C,1 Degree,236 Times,
5761,1068536,70B3D50070001777,1594781631977,FES Receiver,2020-07-15 04:53:52.12204,"['SS', 'Standalone', 'version_184']",70001777,SENS_EVENT_MEASURE,96 cm,3580 mV,18 C,1 Degree,237 Times,
5760,1069457,70B3D50070001777,1594788831678,FES Receiver,2020-07-15 06:53:51.814313,"['SS', 'Standalone', 'version_184']",70001777,SENS_EVENT_MEASURE,96 cm,3580 mV,16 C,0 Degree,239 Times,
5759,1069954,70B3D50070001777,1594792431509,FES Receiver,2020-07-15 07:53:51.642177,"['SS', 'Standalone', 'version_184']",70001777,SENS_EVENT_MEASURE,96 cm,3590 mV,14 C,0 Degree,240 Times,
5758,1070994,70B3D50070001777,1594799631190,FES Receiver,2020-07-15 09:53:51.314381,"['SS', 'Standalone', 'version_184']",70001777,SENS_EVENT_MEASURE,100 cm,3610 mV,22 C,0 Degree,242 Times,
5757,1071467,70B3D50070001777,1594803230941,FES Receiver,2020-07-15 10:53:51.060851,"['SS', 'Standalone', 'version_184']",70001777,SENS_EVENT_MEASURE,100 cm,3620 mV,24 C,0 Degree,243 Times,
5756,1072487,70B3D50070001777,1594810446680,FES Receiver,2020-07-15 12:54:06.796664,"['SS', 'Standalone', 'version_184']",70001777,SENS_EVENT_MEASURE,98 cm,3610 mV,20 C,0 Degree,245 Times,
5755,1072927,70B3D50070001777,1594814040387,FES Receiver,2020-07-15 13:54:00.494285,"['SS', 'Standalone', 'version_184']",70001777,SENS_EVENT_MEASURE,100 cm,3630 mV,28 C,0 Degree,246 Times,
5754,1073396,70B3D50070001777,1594817631841,FES Receiver,2020-07-15 14:53:51.944766,"['SS', 'Standalone', 'version_184']",70001777,SENS_EVENT_MEASURE,98 cm,3640 mV,28 C,1 Degree,247 Times,
5753,1073916,70B3D50070001777,1594821231733,FES Receiver,2020-07-15 15:53:51.832222,"['SS', 'Standalone', 'version_184']",70001777,SENS_EVENT_MEASURE,98 cm,3630 mV,25 C,1 Degree,248 Times,
5752,1074438,70B3D50070001777,1594824831562,FES Receiver,2020-07-15 16:53:51.657421,"['SS', 'Standalone', 'version_184']",70001777,SENS_EVENT_MEASURE,98 cm,3630 mV,27 C,1 Degree,249 Times,
5751,1074966,70B3D50070001777,1594828431373,FES Receiver,2020-07-15 17:53:51.464581,"['SS', 'Standalone', 'version_184']",70001777,SENS_EVENT_MEASURE,94 cm,3640 mV,26 C,1 Degree,250 Times,
5750,1075447,70B3D50070001777,1594832031204,FES Receiver,2020-07-15 18:53:51.290978,"['SS', 'Standalone', 'version_184']",70001777,SENS_EVENT_MEASURE,94 cm,3630 mV,23 C,1 Degree,251 Times,
5749,1075891,70B3D50070001777,1594835632597,FES Receiver,2020-07-15 19:53:52.784515,"['SS', 'Standalone', 'version_184']",70001777,SENS_EVENT_MEASURE,92 cm,3630 mV,20 C,0 Degree,252 Times,
5748,1076337,70B3D50070001777,1594839232528,FES Receiver,2020-07-15 20:53:52.711225,"['SS', 'Standalone', 'version_184']",70001777,SENS_EVENT_MEASURE,86 cm,3630 mV,18 C,0 Degree,253 Times,
5747,1076799,70B3D50070001777,1594842832238,FES Receiver,2020-07-15 21:53:52.416446,"['SS', 'Standalone', 'version_184']",70001777,SENS_EVENT_MEASURE,86 cm,3620 mV,19 C,1 Degree,254 Times,
5746,1077252,70B3D50070001777,1594846432069,FES Receiver,2020-07-15 22:53:52.243097,"['SS', 'Standalone', 'version_184']",70001777,SENS_EVENT_MEASURE,86 cm,3620 mV,20 C,1 Degree,255 Times,
5745,1077726,70B3D50070001777,1594850031919,FES Receiver,2020-07-15 23:53:52.088572,"['SS', 'Standalone', 'version_184']",70001777,SENS_EVENT_MEASURE,84 cm,3620 mV,18 C,0 Degree,0 Times,
5744,1078174,70B3D50070001777,1594853631749,FES Receiver,2020-07-16 00:53:51.918245,"['SS', 'Standalone', 'version_184']",70001777,SENS_EVENT_MEASURE,84 cm,3620 mV,16 C,1 Degree,1 Times,
5743,1078635,70B3D50070001777,1594857231759,FES Receiver,2020-07-16 01:53:51.926125,"['SS', 'Standalone', 'version_184']",70001777,SENS_EVENT_MEASURE,86 cm,3620 mV,17 C,0 Degree,2 Times,
5742,1079097,70B3D50070001777,1594860830750,FES Receiver,2020-07-16 02:53:50.908909,"['SS', 'Standalone', 'version_184']",70001777,SENS_EVENT_MEASURE,84 cm,3620 mV,18 C,1 Degree,3 Times,
5741,1079537,70B3D50070001777,1594864430502,FES Receiver,2020-07-16 03:53:50.655033,"['SS', 'Standalone', 'version_184']",70001777,SENS_EVENT_MEASURE,86 cm,3620 mV,19 C,1 Degree,4 Times,
5740,1079989,70B3D50070001777,1594868030351,FES Receiver,2020-07-16 04:53:50.498921,"['SS', 'Standalone', 'version_184']",70001777,SENS_EVENT_MEASURE,86 cm,3620 mV,17 C,0 Degree,5 Times,
5739,1080458,70B3D50070001777,1594871630182,FES Receiver,2020-07-16 05:53:50.326227,"['SS', 'Standalone', 'version_184']",70001777,SENS_EVENT_MEASURE,86 cm,3630 mV,17 C,1 Degree,6 Times,
5738,1080929,70B3D50070001777,1594875230052,FES Receiver,2020-07-16 06:53:50.191289,"['SS', 'Standalone', 'version_184']",70001777,SENS_EVENT_MEASURE,88 cm,3630 mV,17 C,0 Degree,7 Times,
5737,1082007,70B3D50070001777,1594882429733,FES Receiver,2020-07-16 08:53:49.865703,"['SS', 'Standalone', 'version_184']",70001777,SENS_EVENT_MEASURE,86 cm,3630 mV,17 C,0 Degree,9 Times,
5736,1082610,70B3D50070001777,1594886029644,FES Receiver,2020-07-16 09:53:49.770979,"['SS', 'Standalone', 'version_184']",70001777,SENS_EVENT_MEASURE,86 cm,3620 mV,17 C,0 Degree,10 Times,
5735,1083152,70B3D50070001777,1594889629494,FES Receiver,2020-07-16 10:53:49.617061,"['SS', 'Standalone', 'version_184']",70001777,SENS_EVENT_MEASURE,86 cm,3630 mV,19 C,0 Degree,11 Times,
5734,1083711,70B3D50070001777,1594893229325,FES Receiver,2020-07-16 11:53:49.44369,"['SS', 'Standalone', 'version_184']",70001777,SENS_EVENT_MEASURE,86 cm,3630 mV,19 C,1 Degree,12 Times,
5733,1084239,70B3D50070001777,1594896829156,FES Receiver,2020-07-16 12:53:49.27305,"['SS', 'Standalone', 'version_184']",70001777,SENS_EVENT_MEASURE,86 cm,3630 mV,16 C,1 Degree,13 Times,
5732,1084732,70B3D50070001777,1594900428865,FES Receiver,2020-07-16 13:53:48.975198,"['SS', 'Standalone', 'version_184']",70001777,SENS_EVENT_MEASURE,86 cm,3630 mV,18 C,1 Degree,14 Times,
5731,1085222,70B3D50070001777,1594904028676,FES Receiver,2020-07-16 14:53:48.786785,"['SS', 'Standalone', 'version_184']",70001777,SENS_EVENT_MEASURE,88 cm,3630 mV,22 C,0 Degree,15 Times,
5730,1086215,70B3D50070001777,1594911227937,FES Receiver,2020-07-16 16:53:48.035385,"['SS', 'Standalone', 'version_184']",70001777,SENS_EVENT_MEASURE,86 cm,3630 mV,18 C,0 Degree,17 Times,
5729,1086684,70B3D50070001777,1594914827848,FES Receiver,2020-07-16 17:53:47.941419,"['SS', 'Standalone', 'version_184']",70001777,SENS_EVENT_MEASURE,86 cm,3630 mV,22 C,1 Degree,18 Times,
5728,1087139,70B3D50070001777,1594918427678,FES Receiver,2020-07-16 18:53:47.767554,"['SS', 'Standalone', 'version_184']",70001777,SENS_EVENT_MEASURE,84 cm,3630 mV,18 C,0 Degree,19 Times,
5727,1087593,70B3D50070001777,1594922029094,FES Receiver,2020-07-16 19:53:49.287198,"['SS', 'Standalone', 'version_184']",70001777,SENS_EVENT_MEASURE,84 cm,3630 mV,17 C,1 Degree,20 Times,
5726,1088060,70B3D50070001777,1594925629022,FES Receiver,2020-07-16 20:53:49.209035,"['SS', 'Standalone', 'version_184']",70001777,SENS_EVENT_MEASURE,86 cm,3630 mV,18 C,1 Degree,21 Times,
5725,1088514,70B3D50070001777,1594929228772,FES Receiver,2020-07-16 21:53:48.956515,"['SS', 'Standalone', 'version_184']",70001777,SENS_EVENT_MEASURE,86 cm,3620 mV,17 C,0 Degree,22 Times,
5724,1088957,70B3D50070001777,1594932828622,FES Receiver,2020-07-16 22:53:48.802492,"['SS', 'Standalone', 'version_184']",70001777,SENS_EVENT_MEASURE,86 cm,3620 mV,18 C,0 Degree,23 Times,
5723,1089861,70B3D50070001777,1594940028302,FES Receiver,2020-07-17 00:53:48.473858,"['SS', 'Standalone', 'version_184']",70001777,SENS_EVENT_MEASURE,86 cm,3620 mV,18 C,1 Degree,25 Times,
5722,1090313,70B3D50070001777,1594943628154,FES Receiver,2020-07-17 01:53:48.32309,"['SS', 'Standalone', 'version_184']",70001777,SENS_EVENT_MEASURE,86 cm,3620 mV,19 C,2 Degree,26 Times,
5721,1090772,70B3D50070001777,1594947227964,FES Receiver,2020-07-17 02:53:48.127317,"['SS', 'Standalone', 'version_184']",70001777,SENS_EVENT_MEASURE,86 cm,3620 mV,17 C,1 Degree,27 Times,
5720,1091224,70B3D50070001777,1594950827814,FES Receiver,2020-07-17 03:53:47.981608,"['SS', 'Standalone', 'version_184']",70001777,SENS_EVENT_MEASURE,86 cm,3620 mV,18 C,1 Degree,28 Times,
5719,1091686,70B3D50070001777,1594954427664,FES Receiver,2020-07-17 04:53:47.822474,"['SS', 'Standalone', 'version_184']",70001777,SENS_EVENT_MEASURE,86 cm,3620 mV,18 C,1 Degree,29 Times,
5718,1092136,70B3D50070001777,1594958027496,FES Receiver,2020-07-17 05:53:47.652826,"['SS', 'Standalone', 'version_184']",70001777,SENS_EVENT_MEASURE,86 cm,3620 mV,18 C,1 Degree,30 Times,
5717,1092603,70B3D50070001777,1594961627146,FES Receiver,2020-07-17 06:53:47.293223,"['SS', 'Standalone', 'version_184']",70001777,SENS_EVENT_MEASURE,86 cm,3620 mV,15 C,0 Degree,31 Times,
5716,1093632,70B3D50070001777,1594968826807,FES Receiver,2020-07-17 08:53:46.945185,"['SS', 'Standalone', 'version_184']",70001777,SENS_EVENT_MEASURE,86 cm,3620 mV,16 C,0 Degree,33 Times,
5715,1094167,70B3D50070001777,1594972426660,FES Receiver,2020-07-17 09:53:46.794384,"['SS', 'Standalone', 'version_184']",70001777,SENS_EVENT_MEASURE,88 cm,3630 mV,22 C,1 Degree,34 Times,
5714,1094659,70B3D50070001777,1594976026488,FES Receiver,2020-07-17 10:53:46.618994,"['SS', 'Standalone', 'version_184']",70001777,SENS_EVENT_MEASURE,86 cm,3640 mV,34 C,0 Degree,35 Times,
5713,1095144,70B3D50070001777,1594979626338,FES Receiver,2020-07-17 11:53:46.466589,"['SS', 'Standalone', 'version_184']",70001777,SENS_EVENT_MEASURE,88 cm,3650 mV,43 C,0 Degree,36 Times,
5712,1095673,70B3D50070001777,1594983231369,FES Receiver,2020-07-17 12:53:51.494232,"['SS', 'Standalone', 'version_184']",70001777,SENS_EVENT_MEASURE,84 cm,3650 mV,43 C,0 Degree,37 Times,
5711,1096174,70B3D50070001777,1594986826081,FES Receiver,2020-07-17 13:53:46.198807,"['SS', 'Standalone', 'version_184']",70001777,SENS_EVENT_MEASURE,124 cm,3650 mV,40 C,1 Degree,38 Times,
5710,1096694,70B3D50070001777,1594990425970,FES Receiver,2020-07-17 14:53:46.083322,"['SS', 'Standalone', 'version_184']",70001777,SENS_EVENT_MEASURE,124 cm,3630 mV,31 C,0 Degree,39 Times,
5709,1097154,70B3D50070001777,1594994025800,FES Receiver,2020-07-17 15:53:45.909885,"['SS', 'Standalone', 'version_184']",70001777,SENS_EVENT_MEASURE,124 cm,3640 mV,30 C,0 Degree,40 Times,
5708,1097631,70B3D50070001777,1594997625611,FES Receiver,2020-07-17 16:53:45.715711,"['SS', 'Standalone', 'version_184']",70001777,SENS_EVENT_MEASURE,122 cm,3630 mV,28 C,1 Degree,41 Times,
5707,1098543,70B3D50070001777,1595004825251,FES Receiver,2020-07-17 18:53:45.349308,"['SS', 'Standalone', 'version_184']",70001777,SENS_EVENT_MEASURE,122 cm,3630 mV,25 C,0 Degree,43 Times,
5706,1098985,70B3D50070001777,1595008424981,FES Receiver,2020-07-17 19:53:46.848065,"['SS', 'Standalone', 'version_184']",70001777,SENS_EVENT_MEASURE,122 cm,3620 mV,24 C,1 Degree,44 Times,
5705,1099445,70B3D50070001777,1595012026619,FES Receiver,2020-07-17 20:53:46.762229,"['SS', 'Standalone', 'version_184']",70001777,SENS_EVENT_MEASURE,122 cm,3610 mV,24 C,0 Degree,45 Times,
5704,1099903,70B3D50070001777,1595015626349,FES Receiver,2020-07-17 21:53:46.483254,"['SS', 'Standalone', 'version_184']",70001777,SENS_EVENT_MEASURE,122 cm,3610 mV,23 C,0 Degree,46 Times,
5703,1100357,70B3D50070001777,1595019226185,FES Receiver,2020-07-17 22:53:46.314645,"['SS', 'Standalone', 'version_184']",70001777,SENS_EVENT_MEASURE,122 cm,3610 mV,22 C,0 Degree,47 Times,
5702,1100832,70B3D50070001777,1595022825870,FES Receiver,2020-07-17 23:53:45.995311,"['SS', 'Standalone', 'version_184']",70001777,SENS_EVENT_MEASURE,122 cm,3610 mV,20 C,2 Degree,48 Times,
5701,1101299,70B3D50070001777,1595026425840,FES Receiver,2020-07-18 00:53:45.961116,"['SS', 'Standalone', 'version_184']",70001777,SENS_EVENT_MEASURE,122 cm,3610 mV,20 C,0 Degree,49 Times,
5700,1101762,70B3D50070001777,1595030025688,FES Receiver,2020-07-18 01:53:45.804433,"['SS', 'Standalone', 'version_184']",70001777,SENS_EVENT_MEASURE,122 cm,3600 mV,20 C,1 Degree,50 Times,
5699,1102211,70B3D50070001777,1595033625521,FES Receiver,2020-07-18 02:53:45.633904,"['SS', 'Standalone', 'version_184']",70001777,SENS_EVENT_MEASURE,122 cm,3600 mV,18 C,1 Degree,51 Times,
5698,1102686,70B3D50070001777,1595037225350,FES Receiver,2020-07-18 03:53:45.459077,"['SS', 'Standalone', 'version_184']",70001777,SENS_EVENT_MEASURE,122 cm,3600 mV,18 C,1 Degree,52 Times,
5697,1103157,70B3D50070001777,1595040825182,FES Receiver,2020-07-18 04:53:45.287722,"['SS', 'Standalone', 'version_184']",70001777,SENS_EVENT_MEASURE,122 cm,3600 mV,15 C,1 Degree,53 Times,
5696,1103626,70B3D50070001777,1595044425032,FES Receiver,2020-07-18 05:53:45.132544,"['SS', 'Standalone', 'version_184']",70001777,SENS_EVENT_MEASURE,122 cm,3600 mV,17 C,0 Degree,54 Times,
5695,1104072,70B3D50070001777,1595048024883,FES Receiver,2020-07-18 06:53:44.978618,"['SS', 'Standalone', 'version_184']",70001777,SENS_EVENT_MEASURE,122 cm,3600 mV,17 C,0 Degree,55 Times,
5694,1104535,70B3D50070001777,1595051624713,FES Receiver,2020-07-18 07:53:44.808735,"['SS', 'Standalone', 'version_184']",70001777,SENS_EVENT_MEASURE,122 cm,3610 mV,17 C,0 Degree,56 Times,
5693,1104993,70B3D50070001777,1595055224564,FES Receiver,2020-07-18 08:53:44.656421,"['SS', 'Standalone', 'version_184']",70001777,SENS_EVENT_MEASURE,122 cm,3620 mV,23 C,1 Degree,57 Times,
5692,1105893,70B3D50070001777,1595062424145,FES Receiver,2020-07-18 10:53:44.230948,"['SS', 'Standalone', 'version_184']",70001777,SENS_EVENT_MEASURE,124 cm,3640 mV,42 C,1 Degree,59 Times,
5691,1106385,70B3D50070001777,1595066024075,FES Receiver,2020-07-18 11:53:44.151495,"['SS', 'Standalone', 'version_184']",70001777,SENS_EVENT_MEASURE,124 cm,3640 mV,43 C,1 Degree,60 Times,
5690,1106865,70B3D50070001777,1595069628885,FES Receiver,2020-07-18 12:53:48.963093,"['SS', 'Standalone', 'version_184']",70001777,SENS_EVENT_MEASURE,126 cm,3640 mV,47 C,0 Degree,61 Times,
5689,1107319,70B3D50070001777,1595073223895,FES Receiver,2020-07-18 13:53:43.962651,"['SS', 'Standalone', 'version_184']",70001777,SENS_EVENT_MEASURE,124 cm,3640 mV,43 C,1 Degree,62 Times,
5688,1107783,70B3D50070001777,1595076823685,FES Receiver,2020-07-18 14:53:43.748454,"['SS', 'Standalone', 'version_184']",70001777,SENS_EVENT_MEASURE,122 cm,3640 mV,32 C,0 Degree,63 Times,
5687,1108703,70B3D50070001777,1595084023327,FES Receiver,2020-07-18 16:53:43.383313,"['SS', 'Standalone', 'version_184']",70001777,SENS_EVENT_MEASURE,122 cm,3620 mV,31 C,1 Degree,65 Times,
5686,1109138,70B3D50070001777,1595087623137,FES Receiver,2020-07-18 17:53:43.18921,"['SS', 'Standalone', 'version_184']",70001777,SENS_EVENT_MEASURE,122 cm,3620 mV,30 C,1 Degree,66 Times,
5685,1109586,70B3D50070001777,1595091222968,FES Receiver,2020-07-18 18:53:43.016959,"['SS', 'Standalone', 'version_184']",70001777,SENS_EVENT_MEASURE,122 cm,3620 mV,29 C,0 Degree,67 Times,
5684,1110048,70B3D50070001777,1595094824390,FES Receiver,2020-07-18 19:53:44.582477,"['SS', 'Standalone', 'version_184']",70001777,SENS_EVENT_MEASURE,122 cm,3610 mV,24 C,1 Degree,68 Times,
5683,1110944,70B3D50070001777,1595102024050,FES Receiver,2020-07-18 21:53:44.235629,"['SS', 'Standalone', 'version_184']",70001777,SENS_EVENT_MEASURE,122 cm,3600 mV,22 C,1 Degree,70 Times,
5682,1111399,70B3D50070001777,1595105623881,FES Receiver,2020-07-18 22:53:44.061353,"['SS', 'Standalone', 'version_184']",70001777,SENS_EVENT_MEASURE,122 cm,3600 mV,20 C,0 Degree,71 Times,
5681,1112334,70B3D50070001777,1595112823542,FES Receiver,2020-07-19 00:53:43.714182,"['SS', 'Standalone', 'version_184']",70001777,SENS_EVENT_MEASURE,126 cm,3590 mV,20 C,0 Degree,73 Times,
5680,1112783,70B3D50070001777,1595116423401,FES Receiver,2020-07-19 01:53:43.578567,"['SS', 'Standalone', 'version_184']",70001777,SENS_EVENT_MEASURE,124 cm,3590 mV,18 C,0 Degree,74 Times,
5679,1113220,70B3D50070001777,1595120023163,FES Receiver,2020-07-19 02:53:43.32838,"['SS', 'Standalone', 'version_184']",70001777,SENS_EVENT_MEASURE,124 cm,3590 mV,16 C,0 Degree,75 Times,
5678,1113672,70B3D50070001777,1595123623013,FES Receiver,2020-07-19 03:53:43.173737,"['SS', 'Standalone', 'version_184']",70001777,SENS_EVENT_MEASURE,124 cm,3590 mV,16 C,1 Degree,76 Times,
5677,1114135,70B3D50070001777,1595127222843,FES Receiver,2020-07-19 04:53:42.998902,"['SS', 'Standalone', 'version_184']",70001777,SENS_EVENT_MEASURE,124 cm,3590 mV,14 C,0 Degree,77 Times,
5676,1114593,70B3D50070001777,1595130822694,FES Receiver,2020-07-19 05:53:42.846236,"['SS', 'Standalone', 'version_184']",70001777,SENS_EVENT_MEASURE,126 cm,3580 mV,15 C,1 Degree,78 Times,
5675,1115059,70B3D50070001777,1595134422544,FES Receiver,2020-07-19 06:53:42.692074,"['SS', 'Standalone', 'version_184']",70001777,SENS_EVENT_MEASURE,124 cm,3590 mV,15 C,1 Degree,79 Times,
5674,1115515,70B3D50070001777,1595138022395,FES Receiver,2020-07-19 07:53:42.538826,"['SS', 'Standalone', 'version_184']",70001777,SENS_EVENT_MEASURE,126 cm,3590 mV,16 C,1 Degree,80 Times,
5673,1116428,70B3D50070001777,1595145222116,FES Receiver,2020-07-19 09:53:42.256314,"['SS', 'Standalone', 'version_184']",70001777,SENS_EVENT_MEASURE,124 cm,3640 mV,43 C,0 Degree,82 Times,
5672,1116899,70B3D50070001777,1595148821966,FES Receiver,2020-07-19 10:53:42.101794,"['SS', 'Standalone', 'version_184']",70001777,SENS_EVENT_MEASURE,124 cm,3640 mV,43 C,1 Degree,83 Times,
5671,1117366,70B3D50070001777,1595152421836,FES Receiver,2020-07-19 11:53:41.966559,"['SS', 'Standalone', 'version_184']",70001777,SENS_EVENT_MEASURE,124 cm,3650 mV,43 C,1 Degree,84 Times,
5670,1117851,70B3D50070001777,1595156021607,FES Receiver,2020-07-19 12:53:41.73579,"['SS', 'Standalone', 'version_184']",70001777,SENS_EVENT_MEASURE,126 cm,3640 mV,50 C,0 Degree,85 Times,
5669,1118321,70B3D50070001777,1595159621638,FES Receiver,2020-07-19 13:53:41.757056,"['SS', 'Standalone', 'version_184']",70001777,SENS_EVENT_MEASURE,126 cm,3650 mV,49 C,0 Degree,86 Times,
5668,1118790,70B3D50070001777,1595163221329,FES Receiver,2020-07-19 14:53:41.444576,"['SS', 'Standalone', 'version_184']",70001777,SENS_EVENT_MEASURE,124 cm,3640 mV,38 C,0 Degree,87 Times,
5667,1119632,70B3D50070001777,1595170421010,FES Receiver,2020-07-19 16:53:41.117629,"['SS', 'Standalone', 'version_184']",70001777,SENS_EVENT_MEASURE,124 cm,3630 mV,32 C,1 Degree,89 Times,
5666,1120086,70B3D50070001777,1595174020921,FES Receiver,2020-07-19 17:53:41.022863,"['SS', 'Standalone', 'version_184']",70001777,SENS_EVENT_MEASURE,124 cm,3620 mV,30 C,1 Degree,90 Times,
5665,1120554,70B3D50070001777,1595177620732,FES Receiver,2020-07-19 18:53:40.829002,"['SS', 'Standalone', 'version_184']",70001777,SENS_EVENT_MEASURE,124 cm,3610 mV,30 C,1 Degree,91 Times,
5664,1121461,70B3D50070001777,1595184822079,FES Receiver,2020-07-19 20:53:42.268039,"['SS', 'Standalone', 'version_184']",70001777,SENS_EVENT_MEASURE,122 cm,3610 mV,27 C,0 Degree,93 Times,
5663,1121927,70B3D50070001777,1595188421870,FES Receiver,2020-07-19 21:53:42.054188,"['SS', 'Standalone', 'version_184']",70001777,SENS_EVENT_MEASURE,124 cm,3600 mV,26 C,1 Degree,94 Times,
5662,1122384,70B3D50070001777,1595192021680,FES Receiver,2020-07-19 22:53:41.859251,"['SS', 'Standalone', 'version_184']",70001777,SENS_EVENT_MEASURE,118 cm,3600 mV,23 C,0 Degree,95 Times,
5661,1122848,70B3D50070001777,1595195621511,FES Receiver,2020-07-19 23:53:41.686061,"['SS', 'Standalone', 'version_184']",70001777,SENS_EVENT_MEASURE,118 cm,3590 mV,23 C,0 Degree,96 Times,
5660,1123317,70B3D50070001777,1595199221341,FES Receiver,2020-07-20 00:53:41.513377,"['SS', 'Standalone', 'version_184']",70001777,SENS_EVENT_MEASURE,118 cm,3590 mV,23 C,1 Degree,97 Times,
5659,1123771,70B3D50070001777,1595202821172,FES Receiver,2020-07-20 01:53:41.338845,"['SS', 'Standalone', 'version_184']",70001777,SENS_EVENT_MEASURE,118 cm,3590 mV,20 C,1 Degree,98 Times,
5658,1124222,70B3D50070001777,1595206421003,FES Receiver,2020-07-20 02:53:41.164869,"['SS', 'Standalone', 'version_184']",70001777,SENS_EVENT_MEASURE,118 cm,3590 mV,20 C,0 Degree,99 Times,
5657,1125148,70B3D50070001777,1595213620683,FES Receiver,2020-07-20 04:53:40.837559,"['SS', 'Standalone', 'version_184']",70001777,SENS_EVENT_MEASURE,118 cm,3590 mV,17 C,0 Degree,101 Times,
5656,1125607,70B3D50070001777,1595217220513,FES Receiver,2020-07-20 05:53:40.663868,"['SS', 'Standalone', 'version_184']",70001777,SENS_EVENT_MEASURE,118 cm,3590 mV,15 C,1 Degree,102 Times,
5655,1126074,70B3D50070001777,1595220820364,FES Receiver,2020-07-20 06:53:40.51153,"['SS', 'Standalone', 'version_184']",70001777,SENS_EVENT_MEASURE,118 cm,3590 mV,18 C,1 Degree,103 Times,
5654,1126559,70B3D50070001777,1595224420194,FES Receiver,2020-07-20 07:53:40.338078,"['SS', 'Standalone', 'version_184']",70001777,SENS_EVENT_MEASURE,118 cm,3600 mV,19 C,1 Degree,104 Times,
5653,1127068,70B3D50070001777,1595228019944,FES Receiver,2020-07-20 08:53:40.083289,"['SS', 'Standalone', 'version_184']",70001777,SENS_EVENT_MEASURE,120 cm,3620 mV,25 C,0 Degree,105 Times,
5652,1127550,70B3D50070001777,1595231619835,FES Receiver,2020-07-20 09:53:39.968692,"['SS', 'Standalone', 'version_184']",70001777,SENS_EVENT_MEASURE,120 cm,3640 mV,35 C,1 Degree,106 Times,
5651,1128008,70B3D50070001777,1595235219605,FES Receiver,2020-07-20 10:53:39.735801,"['SS', 'Standalone', 'version_184']",70001777,SENS_EVENT_MEASURE,116 cm,3640 mV,36 C,0 Degree,107 Times,
5650,1129006,70B3D50070001777,1595242419287,FES Receiver,2020-07-20 12:53:39.413226,"['SS', 'Standalone', 'version_184']",70001777,SENS_EVENT_MEASURE,116 cm,3640 mV,43 C,0 Degree,109 Times,
5649,1130045,70B3D50070001777,1595249619067,FES Receiver,2020-07-20 14:53:39.184896,"['SS', 'Standalone', 'version_184']",70001777,SENS_EVENT_MEASURE,116 cm,3630 mV,32 C,1 Degree,111 Times,
5648,1130526,70B3D50070001777,1595253218897,FES Receiver,2020-07-20 15:53:39.011331,"['SS', 'Standalone', 'version_184']",70001777,SENS_EVENT_MEASURE,122 cm,3620 mV,30 C,1 Degree,112 Times,
5647,1131005,70B3D50070001777,1595256818708,FES Receiver,2020-07-20 16:53:38.812447,"['SS', 'Standalone', 'version_184']",70001777,SENS_EVENT_MEASURE,122 cm,3610 mV,29 C,1 Degree,113 Times,
5646,1131496,70B3D50070001777,1595260418538,FES Receiver,2020-07-20 17:53:38.638082,"['SS', 'Standalone', 'version_184']",70001777,SENS_EVENT_MEASURE,116 cm,3610 mV,27 C,0 Degree,114 Times,
5645,1132355,70B3D50070001777,1595267619860,FES Receiver,2020-07-20 19:53:40.042353,"['SS', 'Standalone', 'version_184']",70001777,SENS_EVENT_MEASURE,112 cm,3600 mV,25 C,0 Degree,116 Times,
5644,1132783,70B3D50070001777,1595271219670,FES Receiver,2020-07-20 20:53:39.849131,"['SS', 'Standalone', 'version_184']",70001777,SENS_EVENT_MEASURE,108 cm,3600 mV,23 C,1 Degree,117 Times,
5643,1133686,70B3D50070001777,1595278419330,FES Receiver,2020-07-20 22:53:39.501133,"['SS', 'Standalone', 'version_184']",70001777,SENS_EVENT_MEASURE,108 cm,3590 mV,21 C,0 Degree,119 Times,
5642,1134153,70B3D50070001777,1595282019181,FES Receiver,2020-07-20 23:53:39.348793,"['SS', 'Standalone', 'version_184']",70001777,SENS_EVENT_MEASURE,108 cm,3590 mV,18 C,1 Degree,120 Times,
5641,1134590,70B3D50070001777,1595285619011,FES Receiver,2020-07-21 00:53:39.175217,"['SS', 'Standalone', 'version_184']",70001777,SENS_EVENT_MEASURE,108 cm,3580 mV,16 C,0 Degree,121 Times,
5640,1135039,70B3D50070001777,1595289218841,FES Receiver,2020-07-21 01:53:38.99936,"['SS', 'Standalone', 'version_184']",70001777,SENS_EVENT_MEASURE,108 cm,3580 mV,17 C,0 Degree,122 Times,
5639,1135917,70B3D50070001777,1595296418542,FES Receiver,2020-07-21 03:53:38.690978,"['SS', 'Standalone', 'version_184']",70001777,SENS_EVENT_MEASURE,108 cm,3580 mV,16 C,0 Degree,124 Times,
5638,1136357,70B3D50070001777,1595300018392,FES Receiver,2020-07-21 04:53:38.537636,"['SS', 'Standalone', 'version_184']",70001777,SENS_EVENT_MEASURE,108 cm,3580 mV,16 C,1 Degree,125 Times,
5637,1137689,70B3D50070001777,1595310817846,FES Receiver,2020-07-21 07:53:37.979584,"['SS', 'Standalone', 'version_184']",70001777,SENS_EVENT_MEASURE,108 cm,3590 mV,16 C,0 Degree,128 Times,
5636,1138183,70B3D50070001777,1595314417653,FES Receiver,2020-07-21 08:53:37.782856,"['SS', 'Standalone', 'version_184']",70001777,SENS_EVENT_MEASURE,114 cm,3610 mV,25 C,1 Degree,129 Times,
5635,1138679,70B3D50070001777,1595318017485,FES Receiver,2020-07-21 09:53:37.610842,"['SS', 'Standalone', 'version_184']",70001777,SENS_EVENT_MEASURE,116 cm,3640 mV,34 C,1 Degree,130 Times,
5634,1139172,70B3D50070001777,1595321617314,FES Receiver,2020-07-21 10:53:37.434185,"['SS', 'Standalone', 'version_184']",70001777,SENS_EVENT_MEASURE,116 cm,3640 mV,40 C,1 Degree,131 Times,
5633,1139745,70B3D50070001777,1595325217345,FES Receiver,2020-07-21 11:53:37.461317,"['SS', 'Standalone', 'version_184']",70001777,SENS_EVENT_MEASURE,118 cm,3640 mV,43 C,0 Degree,132 Times,
5632,1140251,70B3D50070001777,1595328817075,FES Receiver,2020-07-21 12:53:37.191042,"['SS', 'Standalone', 'version_184']",70001777,SENS_EVENT_MEASURE,108 cm,3640 mV,46 C,0 Degree,133 Times,
5631,1140805,70B3D50070001777,1595332416986,FES Receiver,2020-07-21 13:53:37.093148,"['SS', 'Standalone', 'version_184']",70001777,SENS_EVENT_MEASURE,110 cm,3640 mV,49 C,1 Degree,134 Times,
5630,1141332,70B3D50070001777,1595336016816,FES Receiver,2020-07-21 14:53:36.917027,"['SS', 'Standalone', 'version_184']",70001777,SENS_EVENT_MEASURE,108 cm,3630 mV,32 C,0 Degree,135 Times,
5629,1141828,70B3D50070001777,1595339616652,FES Receiver,2020-07-21 15:53:36.752401,"['SS', 'Standalone', 'version_184']",70001777,SENS_EVENT_MEASURE,104 cm,3610 mV,28 C,1 Degree,136 Times,
5628,1142326,70B3D50070001777,1595343216437,FES Receiver,2020-07-21 16:53:36.533425,"['SS', 'Standalone', 'version_184']",70001777,SENS_EVENT_MEASURE,106 cm,3600 mV,26 C,0 Degree,137 Times,
5627,1142786,70B3D50070001777,1595346816267,FES Receiver,2020-07-21 17:53:36.362676,"['SS', 'Standalone', 'version_184']",70001777,SENS_EVENT_MEASURE,106 cm,3610 mV,25 C,0 Degree,138 Times,
5626,1143233,70B3D50070001777,1595350416118,FES Receiver,2020-07-21 18:53:36.208708,"['SS', 'Standalone', 'version_184']",70001777,SENS_EVENT_MEASURE,104 cm,3600 mV,24 C,0 Degree,139 Times,
5625,1143667,70B3D50070001777,1595354016029,FES Receiver,2020-07-21 19:53:37.892777,"['SS', 'Standalone', 'version_184']",70001777,SENS_EVENT_MEASURE,108 cm,3600 mV,25 C,0 Degree,140 Times,
5624,1144527,70B3D50070001777,1595361197381,FES Receiver,2020-07-21 21:53:17.525485,"['SS', 'Standalone', 'version_184']",70001777,SENS_EVENT_MEASURE,108 cm,3590 mV,20 C,0 Degree,142 Times,
5623,1144973,70B3D50070001777,1595364797212,FES Receiver,2020-07-21 22:53:17.3517,"['SS', 'Standalone', 'version_184']",70001777,SENS_EVENT_MEASURE,102 cm,3590 mV,20 C,0 Degree,143 Times,
5622,1145431,70B3D50070001777,1595368397042,FES Receiver,2020-07-21 23:53:17.177646,"['SS', 'Standalone', 'version_184']",70001777,SENS_EVENT_MEASURE,100 cm,3580 mV,21 C,0 Degree,144 Times,
5621,1145896,70B3D50070001777,1595371996892,FES Receiver,2020-07-22 00:53:17.024229,"['SS', 'Standalone', 'version_184']",70001777,SENS_EVENT_MEASURE,100 cm,3580 mV,18 C,0 Degree,145 Times,
5620,1146352,70B3D50070001777,1595375596741,FES Receiver,2020-07-22 01:53:16.868131,"['SS', 'Standalone', 'version_184']",70001777,SENS_EVENT_MEASURE,110 cm,3580 mV,16 C,1 Degree,146 Times,
5619,1146818,70B3D50070001777,1595379196592,FES Receiver,2020-07-22 02:53:16.716508,"['SS', 'Standalone', 'version_184']",70001777,SENS_EVENT_MEASURE,100 cm,3580 mV,15 C,0 Degree,147 Times,
5618,1147269,70B3D50070001777,1595382796443,FES Receiver,2020-07-22 03:53:16.56338,"['SS', 'Standalone', 'version_184']",70001777,SENS_EVENT_MEASURE,100 cm,3580 mV,15 C,0 Degree,148 Times,
5617,1148182,70B3D50070001777,1595389996183,FES Receiver,2020-07-22 05:53:16.294614,"['SS', 'Standalone', 'version_184']",70001777,SENS_EVENT_MEASURE,102 cm,3580 mV,14 C,1 Degree,150 Times,
5616,1148646,70B3D50070001777,1595393596034,FES Receiver,2020-07-22 06:53:16.142613,"['SS', 'Standalone', 'version_184']",70001777,SENS_EVENT_MEASURE,110 cm,3580 mV,15 C,0 Degree,151 Times,
5615,1149109,70B3D50070001777,1595397195844,FES Receiver,2020-07-22 07:53:15.950335,"['SS', 'Standalone', 'version_184']",70001777,SENS_EVENT_MEASURE,102 cm,3580 mV,15 C,0 Degree,152 Times,
5614,1149629,70B3D50070001777,1595400795537,FES Receiver,2020-07-22 08:53:15.637132,"['SS', 'Standalone', 'version_184']",70001777,SENS_EVENT_MEASURE,102 cm,3610 mV,26 C,0 Degree,153 Times,
5613,1150121,70B3D50070001777,1595404395425,FES Receiver,2020-07-22 09:53:15.52238,"['SS', 'Standalone', 'version_184']",70001777,SENS_EVENT_MEASURE,100 cm,3640 mV,33 C,0 Degree,154 Times,
5612,1150602,70B3D50070001777,1595407995376,FES Receiver,2020-07-22 10:53:15.467195,"['SS', 'Standalone', 'version_184']",70001777,SENS_EVENT_MEASURE,104 cm,3640 mV,42 C,1 Degree,155 Times,
5611,1151085,70B3D50070001777,1595411595125,FES Receiver,2020-07-22 11:53:15.211664,"['SS', 'Standalone', 'version_184']",70001777,SENS_EVENT_MEASURE,106 cm,3640 mV,42 C,1 Degree,156 Times,
5610,1151613,70B3D50070001777,1595415194976,FES Receiver,2020-07-22 12:53:15.059403,"['SS', 'Standalone', 'version_184']",70001777,SENS_EVENT_MEASURE,98 cm,3640 mV,46 C,0 Degree,157 Times,
5609,1152130,70B3D50070001777,1595418794907,FES Receiver,2020-07-22 13:53:14.988966,"['SS', 'Standalone', 'version_184']",70001777,SENS_EVENT_MEASURE,114 cm,3640 mV,53 C,0 Degree,158 Times,
5608,1152631,70B3D50070001777,1595422394838,FES Receiver,2020-07-22 14:53:14.912332,"['SS', 'Standalone', 'version_184']",70001777,SENS_EVENT_MEASURE,112 cm,3630 mV,32 C,0 Degree,159 Times,
5607,1152775,70B3D50070001777,1595425994668,FES Receiver,2020-07-22 15:53:14.737822,"['SS', 'Standalone', 'version_184']",70001777,SENS_EVENT_MEASURE,106 cm,3610 mV,27 C,0 Degree,160 Times,
5606,1153574,70B3D50070001777,1595433194307,FES Receiver,2020-07-22 17:53:14.369219,"['SS', 'Standalone', 'version_184']",70001777,SENS_EVENT_MEASURE,100 cm,3610 mV,23 C,0 Degree,162 Times,
5605,1154037,70B3D50070001777,1595436794059,FES Receiver,2020-07-22 18:53:14.118704,"['SS', 'Standalone', 'version_184']",70001777,SENS_EVENT_MEASURE,98 cm,3610 mV,26 C,0 Degree,163 Times,
5604,1154915,70B3D50070001777,1595443995299,FES Receiver,2020-07-22 20:53:15.493463,"['SS', 'Standalone', 'version_184']",70001777,SENS_EVENT_MEASURE,100 cm,3600 mV,25 C,0 Degree,165 Times,
5603,1155348,70B3D50070001777,1595447595149,FES Receiver,2020-07-22 21:53:15.339218,"['SS', 'Standalone', 'version_184']",70001777,SENS_EVENT_MEASURE,100 cm,3600 mV,21 C,0 Degree,166 Times,
5602,1155774,70B3D50070001777,1595451194980,FES Receiver,2020-07-22 22:53:15.161883,"['SS', 'Standalone', 'version_184']",70001777,SENS_EVENT_MEASURE,98 cm,3590 mV,22 C,1 Degree,167 Times,
5601,1156239,70B3D50070001777,1595454794810,FES Receiver,2020-07-22 23:53:14.985842,"['SS', 'Standalone', 'version_184']",70001777,SENS_EVENT_MEASURE,100 cm,3590 mV,19 C,0 Degree,168 Times,
5600,1157154,70B3D50070001777,1595461994470,FES Receiver,2020-07-23 01:53:14.636998,"['SS', 'Standalone', 'version_184']",70001777,SENS_EVENT_MEASURE,100 cm,3580 mV,16 C,1 Degree,170 Times,
5599,1157626,70B3D50070001777,1595465594301,FES Receiver,2020-07-23 02:53:14.464237,"['SS', 'Standalone', 'version_184']",70001777,SENS_EVENT_MEASURE,98 cm,3580 mV,18 C,0 Degree,171 Times,
5598,1158095,70B3D50070001777,1595469194172,FES Receiver,2020-07-23 03:53:14.330292,"['SS', 'Standalone', 'version_184']",70001777,SENS_EVENT_MEASURE,100 cm,3580 mV,17 C,0 Degree,172 Times,
5597,1158552,70B3D50070001777,1595472794020,FES Receiver,2020-07-23 04:53:14.17368,"['SS', 'Standalone', 'version_184']",70001777,SENS_EVENT_MEASURE,98 cm,3580 mV,14 C,1 Degree,173 Times,
5596,1158999,70B3D50070001777,1595476393832,FES Receiver,2020-07-23 05:53:13.981601,"['SS', 'Standalone', 'version_184']",70001777,SENS_EVENT_MEASURE,98 cm,3580 mV,14 C,0 Degree,174 Times,
5595,1159496,70B3D50070001777,1595479993702,FES Receiver,2020-07-23 06:53:13.84936,"['SS', 'Standalone', 'version_184']",70001777,SENS_EVENT_MEASURE,100 cm,3580 mV,15 C,0 Degree,175 Times,
5594,1159991,70B3D50070001777,1595483593632,FES Receiver,2020-07-23 07:53:13.774002,"['SS', 'Standalone', 'version_184']",70001777,SENS_EVENT_MEASURE,100 cm,3590 mV,16 C,1 Degree,176 Times,
5593,1160499,70B3D50070001777,1595487193327,FES Receiver,2020-07-23 08:53:13.466732,"['SS', 'Standalone', 'version_184']",70001777,SENS_EVENT_MEASURE,100 cm,3610 mV,27 C,0 Degree,177 Times,
5592,1160968,70B3D50070001777,1595490793293,FES Receiver,2020-07-23 09:53:13.427807,"['SS', 'Standalone', 'version_184']",70001777,SENS_EVENT_MEASURE,96 cm,3640 mV,36 C,0 Degree,178 Times,
5591,1161485,70B3D50070001777,1595494393043,FES Receiver,2020-07-23 10:53:13.17174,"['SS', 'Standalone', 'version_184']",70001777,SENS_EVENT_MEASURE,98 cm,3640 mV,42 C,0 Degree,179 Times,
5590,1162438,70B3D50070001777,1595501592784,FES Receiver,2020-07-23 12:53:12.904649,"['SS', 'Standalone', 'version_184']",70001777,SENS_EVENT_MEASURE,98 cm,3640 mV,47 C,0 Degree,181 Times,
5589,1162932,70B3D50070001777,1595505192704,FES Receiver,2020-07-23 13:53:12.825537,"['SS', 'Standalone', 'version_184']",70001777,SENS_EVENT_MEASURE,98 cm,3640 mV,50 C,1 Degree,182 Times,
5588,1163381,70B3D50070001777,1595508792586,FES Receiver,2020-07-23 14:53:12.698219,"['SS', 'Standalone', 'version_184']",70001777,SENS_EVENT_MEASURE,96 cm,3630 mV,33 C,0 Degree,183 Times,
5587,1164285,70B3D50070001777,1595515992206,FES Receiver,2020-07-23 16:53:12.311266,"['SS', 'Standalone', 'version_184']",70001777,SENS_EVENT_MEASURE,94 cm,3600 mV,26 C,0 Degree,185 Times,
5586,1164763,70B3D50070001777,1595519592017,FES Receiver,2020-07-23 17:53:12.116032,"['SS', 'Standalone', 'version_184']",70001777,SENS_EVENT_MEASURE,92 cm,3610 mV,28 C,0 Degree,186 Times,
5585,1165186,70B3D50070001777,1595523191847,FES Receiver,2020-07-23 18:53:11.943412,"['SS', 'Standalone', 'version_184']",70001777,SENS_EVENT_MEASURE,92 cm,3610 mV,26 C,0 Degree,187 Times,
5584,1165625,70B3D50070001777,1595526793332,FES Receiver,2020-07-23 19:53:13.524101,"['SS', 'Standalone', 'version_184']",70001777,SENS_EVENT_MEASURE,92 cm,3610 mV,26 C,0 Degree,188 Times,
5583,1166083,70B3D50070001777,1595530393243,FES Receiver,2020-07-23 20:53:13.431569,"['SS', 'Standalone', 'version_184']",70001777,SENS_EVENT_MEASURE,92 cm,3600 mV,25 C,0 Degree,189 Times,
5582,1166532,70B3D50070001777,1595533992973,FES Receiver,2020-07-23 21:53:13.157507,"['SS', 'Standalone', 'version_184']",70001777,SENS_EVENT_MEASURE,94 cm,3600 mV,23 C,0 Degree,190 Times,
5581,1166967,70B3D50070001777,1595537592783,FES Receiver,2020-07-23 22:53:12.962811,"['SS', 'Standalone', 'version_184']",70001777,SENS_EVENT_MEASURE,94 cm,3600 mV,23 C,1 Degree,191 Times,
5580,1167400,70B3D50070001777,1595541192613,FES Receiver,2020-07-23 23:53:12.793575,"['SS', 'Standalone', 'version_184']",70001777,SENS_EVENT_MEASURE,94 cm,3600 mV,21 C,1 Degree,192 Times,
5579,1167837,70B3D50070001777,1595544792442,FES Receiver,2020-07-24 00:53:12.620154,"['SS', 'Standalone', 'version_184']",70001777,SENS_EVENT_MEASURE,94 cm,3590 mV,21 C,0 Degree,193 Times,
5578,1168281,70B3D50070001777,1595548392274,FES Receiver,2020-07-24 01:53:12.442688,"['SS', 'Standalone', 'version_184']",70001777,SENS_EVENT_MEASURE,94 cm,3590 mV,22 C,0 Degree,194 Times,
5577,1168726,70B3D50070001777,1595551992104,FES Receiver,2020-07-24 02:53:12.268802,"['SS', 'Standalone', 'version_184']",70001777,SENS_EVENT_MEASURE,94 cm,3590 mV,20 C,0 Degree,195 Times,
5576,1169183,70B3D50070001777,1595555591934,FES Receiver,2020-07-24 03:53:12.096422,"['SS', 'Standalone', 'version_184']",70001777,SENS_EVENT_MEASURE,94 cm,3590 mV,21 C,0 Degree,196 Times,
5575,1169637,70B3D50070001777,1595559191765,FES Receiver,2020-07-24 04:53:11.920595,"['SS', 'Standalone', 'version_184']",70001777,SENS_EVENT_MEASURE,94 cm,3590 mV,19 C,0 Degree,197 Times,
5574,1170090,70B3D50070001777,1595562791595,FES Receiver,2020-07-24 05:53:11.747456,"['SS', 'Standalone', 'version_184']",70001777,SENS_EVENT_MEASURE,94 cm,3590 mV,20 C,0 Degree,198 Times,
5573,1170559,70B3D50070001777,1595566391444,FES Receiver,2020-07-24 06:53:11.592292,"['SS', 'Standalone', 'version_184']",70001777,SENS_EVENT_MEASURE,94 cm,3590 mV,20 C,0 Degree,199 Times,
5572,1171520,70B3D50070001777,1595573591205,FES Receiver,2020-07-24 08:53:11.343728,"['SS', 'Standalone', 'version_184']",70001777,SENS_EVENT_MEASURE,86 cm,3580 mV,21 C,0 Degree,201 Times,
5571,1172044,70B3D50070001777,1595577190916,FES Receiver,2020-07-24 09:53:11.052346,"['SS', 'Standalone', 'version_184']",70001777,SENS_EVENT_MEASURE,76 cm,3630 mV,32 C,1 Degree,202 Times,
5570,1172612,70B3D50070001777,1595580790766,FES Receiver,2020-07-24 10:53:10.898479,"['SS', 'Standalone', 'version_184']",70001777,SENS_EVENT_MEASURE,84 cm,3640 mV,42 C,1 Degree,203 Times,
5569,1173125,70B3D50070001777,1595584390638,FES Receiver,2020-07-24 11:53:10.764574,"['SS', 'Standalone', 'version_184']",70001777,SENS_EVENT_MEASURE,86 cm,3640 mV,47 C,1 Degree,204 Times,
5568,1173668,70B3D50070001777,1595587990667,FES Receiver,2020-07-24 12:53:10.790519,"['SS', 'Standalone', 'version_184']",70001777,SENS_EVENT_MEASURE,84 cm,3640 mV,40 C,0 Degree,205 Times,
5567,1174230,70B3D50070001777,1595591590338,FES Receiver,2020-07-24 13:53:10.462177,"['SS', 'Standalone', 'version_184']",70001777,SENS_EVENT_MEASURE,122 cm,3630 mV,31 C,0 Degree,206 Times,
5566,1174734,70B3D50070001777,1595595190288,FES Receiver,2020-07-24 14:53:10.402995,"['SS', 'Standalone', 'version_184']",70001777,SENS_EVENT_MEASURE,124 cm,3620 mV,32 C,0 Degree,207 Times,
5565,1175246,70B3D50070001777,1595598790077,FES Receiver,2020-07-24 15:53:10.189358,"['SS', 'Standalone', 'version_184']",70001777,SENS_EVENT_MEASURE,122 cm,3620 mV,31 C,0 Degree,208 Times,
5564,1175695,70B3D50070001777,1595602389907,FES Receiver,2020-07-24 16:53:10.015243,"['SS', 'Standalone', 'version_184']",70001777,SENS_EVENT_MEASURE,122 cm,3620 mV,30 C,0 Degree,209 Times,
5563,1176612,70B3D50070001777,1595609589548,FES Receiver,2020-07-24 18:53:09.649425,"['SS', 'Standalone', 'version_184']",70001777,SENS_EVENT_MEASURE,122 cm,3620 mV,30 C,0 Degree,211 Times,
5562,1177051,70B3D50070001777,1595613191040,FES Receiver,2020-07-24 19:53:11.226575,"['SS', 'Standalone', 'version_184']",70001777,SENS_EVENT_MEASURE,122 cm,3610 mV,28 C,0 Degree,212 Times,
5561,1177474,70B3D50070001777,1595616790868,FES Receiver,2020-07-24 20:53:11.050846,"['SS', 'Standalone', 'version_184']",70001777,SENS_EVENT_MEASURE,122 cm,3600 mV,28 C,0 Degree,213 Times,
5560,1177922,70B3D50070001777,1595620390679,FES Receiver,2020-07-24 21:53:10.856537,"['SS', 'Standalone', 'version_184']",70001777,SENS_EVENT_MEASURE,122 cm,3600 mV,23 C,0 Degree,214 Times,
5559,1178842,70B3D50070001777,1595627590339,FES Receiver,2020-07-24 23:53:10.509983,"['SS', 'Standalone', 'version_184']",70001777,SENS_EVENT_MEASURE,122 cm,3600 mV,20 C,0 Degree,216 Times,
5558,1179282,70B3D50070001777,1595631190170,FES Receiver,2020-07-25 00:53:10.336578,"['SS', 'Standalone', 'version_184']",70001777,SENS_EVENT_MEASURE,122 cm,3600 mV,21 C,0 Degree,217 Times,
5557,1179715,70B3D50070001777,1595634789999,FES Receiver,2020-07-25 01:53:10.160448,"['SS', 'Standalone', 'version_184']",70001777,SENS_EVENT_MEASURE,122 cm,3600 mV,20 C,0 Degree,218 Times,
5556,1180153,70B3D50070001777,1595638389830,FES Receiver,2020-07-25 02:53:09.99383,"['SS', 'Standalone', 'version_184']",70001777,SENS_EVENT_MEASURE,122 cm,3600 mV,21 C,0 Degree,219 Times,
5555,1180608,70B3D50070001777,1595641989660,FES Receiver,2020-07-25 03:53:09.818627,"['SS', 'Standalone', 'version_184']",70001777,SENS_EVENT_MEASURE,122 cm,3600 mV,20 C,0 Degree,220 Times,
5554,1181049,70B3D50070001777,1595645589489,FES Receiver,2020-07-25 04:53:09.64112,"['SS', 'Standalone', 'version_184']",70001777,SENS_EVENT_MEASURE,122 cm,3590 mV,18 C,0 Degree,221 Times,
5553,1181503,70B3D50070001777,1595649189321,FES Receiver,2020-07-25 05:53:09.467833,"['SS', 'Standalone', 'version_184']",70001777,SENS_EVENT_MEASURE,122 cm,3590 mV,18 C,1 Degree,222 Times,
5552,1181973,70B3D50070001777,1595652789151,FES Receiver,2020-07-25 06:53:09.292919,"['SS', 'Standalone', 'version_184']",70001777,SENS_EVENT_MEASURE,122 cm,3600 mV,18 C,0 Degree,223 Times,
5551,1182447,70B3D50070001777,1595656388981,FES Receiver,2020-07-25 07:53:09.119866,"['SS', 'Standalone', 'version_184']",70001777,SENS_EVENT_MEASURE,122 cm,3610 mV,23 C,1 Degree,224 Times,
5550,1183368,70B3D50070001777,1595663588521,FES Receiver,2020-07-25 09:53:08.655109,"['SS', 'Standalone', 'version_184']",70001777,SENS_EVENT_MEASURE,124 cm,3640 mV,35 C,0 Degree,226 Times,
5549,1183837,70B3D50070001777,1595667188352,FES Receiver,2020-07-25 10:53:08.479246,"['SS', 'Standalone', 'version_184']",70001777,SENS_EVENT_MEASURE,124 cm,3640 mV,39 C,0 Degree,227 Times,
5548,1185223,70B3D50070001777,1595677988063,FES Receiver,2020-07-25 13:53:08.184191,"['SS', 'Standalone', 'version_184']",70001777,SENS_EVENT_MEASURE,124 cm,3640 mV,37 C,0 Degree,230 Times,
5547,1185674,70B3D50070001777,1595681587831,FES Receiver,2020-07-25 14:53:07.944184,"['SS', 'Standalone', 'version_184']",70001777,SENS_EVENT_MEASURE,122 cm,3630 mV,32 C,0 Degree,231 Times,
5546,1186133,70B3D50070001777,1595685187642,FES Receiver,2020-07-25 15:53:07.751515,"['SS', 'Standalone', 'version_184']",70001777,SENS_EVENT_MEASURE,122 cm,3630 mV,30 C,0 Degree,232 Times,
5545,1187014,70B3D50070001777,1595692387283,FES Receiver,2020-07-25 17:53:07.383734,"['SS', 'Standalone', 'version_184']",70001777,SENS_EVENT_MEASURE,122 cm,3610 mV,29 C,0 Degree,234 Times,
5544,1187456,70B3D50070001777,1595695987112,FES Receiver,2020-07-25 18:53:07.208293,"['SS', 'Standalone', 'version_184']",70001777,SENS_EVENT_MEASURE,122 cm,3610 mV,27 C,0 Degree,235 Times,
5543,1187901,70B3D50070001777,1595699588593,FES Receiver,2020-07-25 19:53:08.781609,"['SS', 'Standalone', 'version_184']",70001777,SENS_EVENT_MEASURE,124 cm,3610 mV,30 C,0 Degree,236 Times,
5542,1188356,70B3D50070001777,1595703188429,FES Receiver,2020-07-25 20:53:08.615485,"['SS', 'Standalone', 'version_184']",70001777,SENS_EVENT_MEASURE,120 cm,3610 mV,26 C,0 Degree,237 Times,
5541,1188818,70B3D50070001777,1595706788233,FES Receiver,2020-07-25 21:53:08.414511,"['SS', 'Standalone', 'version_184']",70001777,SENS_EVENT_MEASURE,122 cm,3610 mV,27 C,0 Degree,238 Times,
5540,1189262,70B3D50070001777,1595710388062,FES Receiver,2020-07-25 22:53:08.240159,"['SS', 'Standalone', 'version_184']",70001777,SENS_EVENT_MEASURE,126 cm,3610 mV,24 C,0 Degree,239 Times,
5539,1189728,70B3D50070001777,1595713987873,FES Receiver,2020-07-25 23:53:08.048618,"['SS', 'Standalone', 'version_184']",70001777,SENS_EVENT_MEASURE,122 cm,3610 mV,26 C,0 Degree,240 Times,
5538,1190180,70B3D50070001777,1595717587704,FES Receiver,2020-07-26 00:53:07.874506,"['SS', 'Standalone', 'version_184']",70001777,SENS_EVENT_MEASURE,126 cm,3610 mV,25 C,0 Degree,241 Times,
5537,1190636,70B3D50070001777,1595721187532,FES Receiver,2020-07-26 01:53:07.704714,"['SS', 'Standalone', 'version_184']",70001777,SENS_EVENT_MEASURE,122 cm,3610 mV,24 C,1 Degree,242 Times,
5536,1191094,70B3D50070001777,1595724787404,FES Receiver,2020-07-26 02:53:07.566818,"['SS', 'Standalone', 'version_184']",70001777,SENS_EVENT_MEASURE,120 cm,3600 mV,23 C,1 Degree,243 Times,
5535,1191564,70B3D50070001777,1595728387234,FES Receiver,2020-07-26 03:53:07.392982,"['SS', 'Standalone', 'version_184']",70001777,SENS_EVENT_MEASURE,126 cm,3600 mV,20 C,0 Degree,244 Times,
5534,1192019,70B3D50070001777,1595731987062,FES Receiver,2020-07-26 04:53:07.21883,"['SS', 'Standalone', 'version_184']",70001777,SENS_EVENT_MEASURE,122 cm,3600 mV,20 C,1 Degree,245 Times,
5533,1192473,70B3D50070001777,1595735586893,FES Receiver,2020-07-26 05:53:07.049615,"['SS', 'Standalone', 'version_184']",70001777,SENS_EVENT_MEASURE,122 cm,3600 mV,17 C,0 Degree,246 Times,
5532,1192934,70B3D50070001777,1595739186724,FES Receiver,2020-07-26 06:53:06.875258,"['SS', 'Standalone', 'version_184']",70001777,SENS_EVENT_MEASURE,124 cm,3600 mV,17 C,0 Degree,247 Times,
5531,1193395,70B3D50070001777,1595742786574,FES Receiver,2020-07-26 07:53:06.721282,"['SS', 'Standalone', 'version_184']",70001777,SENS_EVENT_MEASURE,120 cm,3600 mV,18 C,0 Degree,248 Times,
5530,1193867,70B3D50070001777,1595746386423,FES Receiver,2020-07-26 08:53:06.562849,"['SS', 'Standalone', 'version_184']",70001777,SENS_EVENT_MEASURE,126 cm,3610 mV,22 C,0 Degree,249 Times,
5529,1194336,70B3D50070001777,1595749986213,FES Receiver,2020-07-26 09:53:06.349214,"['SS', 'Standalone', 'version_184']",70001777,SENS_EVENT_MEASURE,128 cm,3620 mV,27 C,0 Degree,250 Times,
5528,1194810,70B3D50070001777,1595753586043,FES Receiver,2020-07-26 10:53:06.176052,"['SS', 'Standalone', 'version_184']",70001777,SENS_EVENT_MEASURE,122 cm,3630 mV,27 C,0 Degree,251 Times,
5527,1195277,70B3D50070001777,1595757185854,FES Receiver,2020-07-26 11:53:05.981973,"['SS', 'Standalone', 'version_184']",70001777,SENS_EVENT_MEASURE,126 cm,3630 mV,27 C,0 Degree,252 Times,
5526,1195766,70B3D50070001777,1595760785585,FES Receiver,2020-07-26 12:53:05.707474,"['SS', 'Standalone', 'version_184']",70001777,SENS_EVENT_MEASURE,122 cm,3640 mV,34 C,0 Degree,253 Times,
5525,1196243,70B3D50070001777,1595764385514,FES Receiver,2020-07-26 13:53:05.636343,"['SS', 'Standalone', 'version_184']",70001777,SENS_EVENT_MEASURE,122 cm,3640 mV,33 C,0 Degree,254 Times,
5524,1196703,70B3D50070001777,1595767985264,FES Receiver,2020-07-26 14:53:05.385455,"['SS', 'Standalone', 'version_184']",70001777,SENS_EVENT_MEASURE,122 cm,3630 mV,27 C,0 Degree,255 Times,
5523,1197158,70B3D50070001777,1595771585114,FES Receiver,2020-07-26 15:53:05.225296,"['SS', 'Standalone', 'version_184']",70001777,SENS_EVENT_MEASURE,122 cm,3630 mV,30 C,0 Degree,0 Times,
5522,1197603,70B3D50070001777,1595775184926,FES Receiver,2020-07-26 16:53:05.033936,"['SS', 'Standalone', 'version_184']",70001777,SENS_EVENT_MEASURE,124 cm,3630 mV,30 C,0 Degree,1 Times,
5521,1198063,70B3D50070001777,1595778784736,FES Receiver,2020-07-26 17:53:04.838666,"['SS', 'Standalone', 'version_184']",70001777,SENS_EVENT_MEASURE,128 cm,3630 mV,28 C,0 Degree,2 Times,
5520,1198523,70B3D50070001777,1595782384565,FES Receiver,2020-07-26 18:53:04.665549,"['SS', 'Standalone', 'version_184']",70001777,SENS_EVENT_MEASURE,126 cm,3620 mV,26 C,0 Degree,3 Times,
5519,1198989,70B3D50070001777,1595785986047,FES Receiver,2020-07-26 19:53:06.244137,"['SS', 'Standalone', 'version_184']",70001777,SENS_EVENT_MEASURE,122 cm,3620 mV,29 C,0 Degree,4 Times,
5518,1199440,70B3D50070001777,1595789585877,FES Receiver,2020-07-26 20:53:06.070606,"['SS', 'Standalone', 'version_184']",70001777,SENS_EVENT_MEASURE,122 cm,3610 mV,28 C,1 Degree,5 Times,
5517,1199896,70B3D50070001777,1595793185687,FES Receiver,2020-07-26 21:53:05.876144,"['SS', 'Standalone', 'version_184']",70001777,SENS_EVENT_MEASURE,122 cm,3610 mV,23 C,1 Degree,6 Times,
5516,1200344,70B3D50070001777,1595796785535,FES Receiver,2020-07-26 22:53:05.721334,"['SS', 'Standalone', 'version_184']",70001777,SENS_EVENT_MEASURE,120 cm,3600 mV,20 C,0 Degree,7 Times,
5515,1200803,70B3D50070001777,1595800385347,FES Receiver,2020-07-26 23:53:05.52913,"['SS', 'Standalone', 'version_184']",70001777,SENS_EVENT_MEASURE,122 cm,3600 mV,20 C,0 Degree,8 Times,
5514,1201259,70B3D50070001777,1595803985196,FES Receiver,2020-07-27 00:53:05.373841,"['SS', 'Standalone', 'version_184']",70001777,SENS_EVENT_MEASURE,120 cm,3600 mV,17 C,0 Degree,9 Times,
5513,1201725,70B3D50070001777,1595807585028,FES Receiver,2020-07-27 01:53:05.201133,"['SS', 'Standalone', 'version_184']",70001777,SENS_EVENT_MEASURE,120 cm,3600 mV,18 C,0 Degree,10 Times,
5512,1202189,70B3D50070001777,1595811184858,FES Receiver,2020-07-27 02:53:05.027634,"['SS', 'Standalone', 'version_184']",70001777,SENS_EVENT_MEASURE,120 cm,3600 mV,17 C,1 Degree,11 Times,
5511,1202662,70B3D50070001777,1595814784708,FES Receiver,2020-07-27 03:53:04.876459,"['SS', 'Standalone', 'version_184']",70001777,SENS_EVENT_MEASURE,120 cm,3590 mV,16 C,0 Degree,12 Times,
5510,1203131,70B3D50070001777,1595818384558,FES Receiver,2020-07-27 04:53:04.719632,"['SS', 'Standalone', 'version_184']",70001777,SENS_EVENT_MEASURE,120 cm,3590 mV,16 C,0 Degree,13 Times,
5509,1203589,70B3D50070001777,1595821984408,FES Receiver,2020-07-27 05:53:04.565613,"['SS', 'Standalone', 'version_184']",70001777,SENS_EVENT_MEASURE,120 cm,3590 mV,15 C,1 Degree,14 Times,
5508,1204065,70B3D50070001777,1595825584238,FES Receiver,2020-07-27 06:53:04.393065,"['SS', 'Standalone', 'version_184']",70001777,SENS_EVENT_MEASURE,120 cm,3600 mV,15 C,0 Degree,15 Times,
5507,1204556,70B3D50070001777,1595829184087,FES Receiver,2020-07-27 07:53:04.237673,"['SS', 'Standalone', 'version_184']",70001777,SENS_EVENT_MEASURE,120 cm,3600 mV,16 C,0 Degree,16 Times,
5506,1205110,70B3D50070001777,1595832783917,FES Receiver,2020-07-27 08:53:04.064629,"['SS', 'Standalone', 'version_184']",70001777,SENS_EVENT_MEASURE,120 cm,3630 mV,24 C,0 Degree,17 Times,
5505,1205649,70B3D50070001777,1595836383729,FES Receiver,2020-07-27 09:53:03.873834,"['SS', 'Standalone', 'version_184']",70001777,SENS_EVENT_MEASURE,122 cm,3630 mV,28 C,0 Degree,18 Times,
5504,1206671,70B3D50070001777,1595843583329,FES Receiver,2020-07-27 11:53:03.466113,"['SS', 'Standalone', 'version_184']",70001777,SENS_EVENT_MEASURE,122 cm,3640 mV,40 C,0 Degree,20 Times,
5503,1207224,70B3D50070001777,1595847183217,FES Receiver,2020-07-27 12:53:03.351721,"['SS', 'Standalone', 'version_184']",70001777,SENS_EVENT_MEASURE,122 cm,3640 mV,32 C,0 Degree,21 Times,
5502,1207746,70B3D50070001777,1595850782929,FES Receiver,2020-07-27 13:53:03.057445,"['SS', 'Standalone', 'version_184']",70001777,SENS_EVENT_MEASURE,122 cm,3640 mV,33 C,0 Degree,22 Times,
5501,1208741,70B3D50070001777,1595857982689,FES Receiver,2020-07-27 15:53:02.811932,"['SS', 'Standalone', 'version_184']",70001777,SENS_EVENT_MEASURE,120 cm,3630 mV,31 C,0 Degree,24 Times,
5500,1209216,70B3D50070001777,1595861582500,FES Receiver,2020-07-27 16:53:02.618686,"['SS', 'Standalone', 'version_184']",70001777,SENS_EVENT_MEASURE,120 cm,3630 mV,30 C,0 Degree,25 Times,
5499,1209682,70B3D50070001777,1595865182336,FES Receiver,2020-07-27 17:53:02.445604,"['SS', 'Standalone', 'version_184']",70001777,SENS_EVENT_MEASURE,120 cm,3630 mV,31 C,0 Degree,26 Times,
5498,1210164,70B3D50070001777,1595868782139,FES Receiver,2020-07-27 18:53:02.250704,"['SS', 'Standalone', 'version_184']",70001777,SENS_EVENT_MEASURE,120 cm,3630 mV,28 C,0 Degree,27 Times,
5497,1210629,70B3D50070001777,1595872383733,FES Receiver,2020-07-27 19:53:03.917336,"['SS', 'Standalone', 'version_184']",70001777,SENS_EVENT_MEASURE,118 cm,3620 mV,29 C,1 Degree,28 Times,
5496,1211090,70B3D50070001777,1595875983542,FES Receiver,2020-07-27 20:53:03.724283,"['SS', 'Standalone', 'version_184']",70001777,SENS_EVENT_MEASURE,122 cm,3600 mV,30 C,1 Degree,29 Times,
5495,1211542,70B3D50070001777,1595879583352,FES Receiver,2020-07-27 21:53:03.530445,"['SS', 'Standalone', 'version_184']",70001777,SENS_EVENT_MEASURE,122 cm,3620 mV,26 C,1 Degree,30 Times,
5494,1212461,70B3D50070001777,1595886782992,FES Receiver,2020-07-27 23:53:03.161898,"['SS', 'Standalone', 'version_184']",70001777,SENS_EVENT_MEASURE,120 cm,3610 mV,24 C,2 Degree,32 Times,
5493,1212913,70B3D50070001777,1595890382822,FES Receiver,2020-07-28 00:53:02.988597,"['SS', 'Standalone', 'version_184']",70001777,SENS_EVENT_MEASURE,120 cm,3610 mV,22 C,0 Degree,33 Times,
5492,1213365,70B3D50070001777,1595893982652,FES Receiver,2020-07-28 01:53:02.814146,"['SS', 'Standalone', 'version_184']",70001777,SENS_EVENT_MEASURE,122 cm,3600 mV,21 C,0 Degree,34 Times,
5491,1213827,70B3D50070001777,1595897582482,FES Receiver,2020-07-28 02:53:02.639801,"['SS', 'Standalone', 'version_184']",70001777,SENS_EVENT_MEASURE,120 cm,3610 mV,20 C,0 Degree,35 Times,
5490,1214294,70B3D50070001777,1595901182311,FES Receiver,2020-07-28 03:53:02.464958,"['SS', 'Standalone', 'version_184']",70001777,SENS_EVENT_MEASURE,120 cm,3610 mV,19 C,0 Degree,36 Times,
5489,1214761,70B3D50070001777,1595904782142,FES Receiver,2020-07-28 04:53:02.293044,"['SS', 'Standalone', 'version_184']",70001777,SENS_EVENT_MEASURE,120 cm,3610 mV,20 C,0 Degree,37 Times,
5488,1215223,70B3D50070001777,1595908381971,FES Receiver,2020-07-28 05:53:02.117557,"['SS', 'Standalone', 'version_184']",70001777,SENS_EVENT_MEASURE,120 cm,3610 mV,22 C,0 Degree,38 Times,
5487,1215700,70B3D50070001777,1595911981800,FES Receiver,2020-07-28 06:53:01.942717,"['SS', 'Standalone', 'version_184']",70001777,SENS_EVENT_MEASURE,122 cm,3610 mV,22 C,0 Degree,39 Times,
5486,1216172,70B3D50070001777,1595915581630,FES Receiver,2020-07-28 07:53:01.767564,"['SS', 'Standalone', 'version_184']",70001777,SENS_EVENT_MEASURE,112 cm,3620 mV,20 C,0 Degree,40 Times,
5485,1216674,70B3D50070001777,1595919181441,FES Receiver,2020-07-28 08:53:01.583001,"['SS', 'Standalone', 'version_184']",70001777,SENS_EVENT_MEASURE,114 cm,3640 mV,30 C,0 Degree,41 Times,
5484,1217183,70B3D50070001777,1595922781292,FES Receiver,2020-07-28 09:53:01.422155,"['SS', 'Standalone', 'version_184']",70001777,SENS_EVENT_MEASURE,118 cm,3640 mV,42 C,0 Degree,42 Times,
5483,1218225,70B3D50070001777,1595929980972,FES Receiver,2020-07-28 11:53:01.094423,"['SS', 'Standalone', 'version_184']",70001777,SENS_EVENT_MEASURE,114 cm,3640 mV,39 C,0 Degree,44 Times,
5482,1218713,70B3D50070001777,1595933580802,FES Receiver,2020-07-28 12:53:00.919354,"['SS', 'Standalone', 'version_184']",70001777,SENS_EVENT_MEASURE,116 cm,3640 mV,42 C,1 Degree,45 Times,
5481,1219235,70B3D50070001777,1595937186632,FES Receiver,2020-07-28 13:53:06.750241,"['SS', 'Standalone', 'version_184']",70001777,SENS_EVENT_MEASURE,118 cm,3640 mV,43 C,1 Degree,46 Times,
5480,1219727,70B3D50070001777,1595940780488,FES Receiver,2020-07-28 14:53:00.597716,"['SS', 'Standalone', 'version_184']",70001777,SENS_EVENT_MEASURE,110 cm,3630 mV,33 C,0 Degree,47 Times,
5479,1220200,70B3D50070001777,1595944380174,FES Receiver,2020-07-28 15:53:00.277871,"['SS', 'Standalone', 'version_184']",70001777,SENS_EVENT_MEASURE,106 cm,3630 mV,32 C,0 Degree,48 Times,
5478,1220872,70B3D50070001777,1595947980003,testON_2020_07_22_fes,2020-07-28 16:53:00.103977,"['SS', 'Standalone', 'version_184']",70001777,SENS_EVENT_MEASURE,106 cm,3630 mV,32 C,0 Degree,49 Times,
5477,1220873,70B3D50070001777,1595947980003,FES Receiver,2020-07-28 16:53:00.105021,"['SS', 'Standalone', 'version_184']",70001777,SENS_EVENT_MEASURE,106 cm,3630 mV,32 C,0 Degree,49 Times,
5476,1221763,70B3D50070001777,1595951579913,testON_2020_07_22_fes,2020-07-28 17:53:00.010256,"['SS', 'Standalone', 'version_184']",70001777,SENS_EVENT_MEASURE,108 cm,3620 mV,32 C,0 Degree,50 Times,
5475,1221764,70B3D50070001777,1595951579913,FES Receiver,2020-07-28 17:53:00.011323,"['SS', 'Standalone', 'version_184']",70001777,SENS_EVENT_MEASURE,108 cm,3620 mV,32 C,0 Degree,50 Times,
5474,1222428,70B3D50070001777,1595955179744,FES Receiver,2020-07-28 18:52:59.840181,"['SS', 'Standalone', 'version_184']",70001777,SENS_EVENT_MEASURE,108 cm,3620 mV,29 C,0 Degree,51 Times,
5473,1223358,70B3D50070001777,1595962381039,FES Receiver,2020-07-28 20:53:01.230806,"['SS', 'Standalone', 'version_184']",70001777,SENS_EVENT_MEASURE,110 cm,3610 mV,28 C,0 Degree,53 Times,
5472,1223813,70B3D50070001777,1595965980850,FES Receiver,2020-07-28 21:53:01.038613,"['SS', 'Standalone', 'version_184']",70001777,SENS_EVENT_MEASURE,108 cm,3600 mV,23 C,0 Degree,54 Times,
5471,1224267,70B3D50070001777,1595969580680,FES Receiver,2020-07-28 22:53:00.85998,"['SS', 'Standalone', 'version_184']",70001777,SENS_EVENT_MEASURE,108 cm,3590 mV,21 C,0 Degree,55 Times,
5470,1224746,70B3D50070001777,1595973180510,FES Receiver,2020-07-28 23:53:00.686803,"['SS', 'Standalone', 'version_184']",70001777,SENS_EVENT_MEASURE,106 cm,3590 mV,20 C,0 Degree,56 Times,
5469,1225659,70B3D50070001777,1595980380171,FES Receiver,2020-07-29 01:53:00.33804,"['SS', 'Standalone', 'version_184']",70001777,SENS_EVENT_MEASURE,106 cm,3590 mV,19 C,1 Degree,58 Times,
5468,1226129,70B3D50070001777,1595983980020,FES Receiver,2020-07-29 02:53:00.182111,"['SS', 'Standalone', 'version_184']",70001777,SENS_EVENT_MEASURE,106 cm,3580 mV,18 C,0 Degree,59 Times,
5467,1226594,70B3D50070001777,1595987579851,FES Receiver,2020-07-29 03:53:00.008533,"['SS', 'Standalone', 'version_184']",70001777,SENS_EVENT_MEASURE,106 cm,3580 mV,17 C,0 Degree,60 Times,
5466,1227066,70B3D50070001777,1595991179700,FES Receiver,2020-07-29 04:52:59.856196,"['SS', 'Standalone', 'version_184']",70001777,SENS_EVENT_MEASURE,106 cm,3580 mV,15 C,0 Degree,61 Times,
5465,1227522,70B3D50070001777,1595994779550,FES Receiver,2020-07-29 05:52:59.701778,"['SS', 'Standalone', 'version_184']",70001777,SENS_EVENT_MEASURE,106 cm,3580 mV,16 C,0 Degree,62 Times,
5464,1228004,70B3D50070001777,1595998379401,FES Receiver,2020-07-29 06:52:59.547321,"['SS', 'Standalone', 'version_184']",70001777,SENS_EVENT_MEASURE,106 cm,3580 mV,16 C,0 Degree,63 Times,
5463,1228498,70B3D50070001777,1596001979251,FES Receiver,2020-07-29 07:52:59.395133,"['SS', 'Standalone', 'version_184']",70001777,SENS_EVENT_MEASURE,106 cm,3590 mV,14 C,0 Degree,64 Times,
5462,1229503,70B3D50070001777,1596009178932,FES Receiver,2020-07-29 09:52:59.066496,"['SS', 'Standalone', 'version_184']",70001777,SENS_EVENT_MEASURE,106 cm,3640 mV,34 C,0 Degree,66 Times,
5461,1230473,70B3D50070001777,1596016378514,FES Receiver,2020-07-29 11:52:58.640152,"['SS', 'Standalone', 'version_184']",70001777,SENS_EVENT_MEASURE,108 cm,3640 mV,43 C,0 Degree,68 Times,
5460,1231516,70B3D50070001777,1596023578211,FES Receiver,2020-07-29 13:52:58.333006,"['SS', 'Standalone', 'version_184']",70001777,SENS_EVENT_MEASURE,102 cm,3640 mV,43 C,0 Degree,70 Times,
5459,1231997,70B3D50070001777,1596027178049,FES Receiver,2020-07-29 14:52:58.163138,"['SS', 'Standalone', 'version_184']",70001777,SENS_EVENT_MEASURE,100 cm,3630 mV,30 C,0 Degree,71 Times,
5458,1232935,70B3D50070001777,1596034377784,FES Receiver,2020-07-29 16:52:57.890908,"['SS', 'Standalone', 'version_184']",70001777,SENS_EVENT_MEASURE,94 cm,3610 mV,27 C,1 Degree,73 Times,
5457,1233417,70B3D50070001777,1596037977614,FES Receiver,2020-07-29 17:52:57.721107,"['SS', 'Standalone', 'version_184']",70001777,SENS_EVENT_MEASURE,96 cm,3610 mV,26 C,0 Degree,74 Times,
5456,1234299,70B3D50070001777,1596045178914,FES Receiver,2020-07-29 19:52:59.095537,"['SS', 'Standalone', 'version_184']",70001777,SENS_EVENT_MEASURE,96 cm,3610 mV,25 C,0 Degree,76 Times,
5455,1234761,70B3D50070001777,1596048778743,FES Receiver,2020-07-29 20:52:58.921443,"['SS', 'Standalone', 'version_184']",70001777,SENS_EVENT_MEASURE,96 cm,3610 mV,24 C,0 Degree,77 Times,
5454,1235209,70B3D50070001777,1596052378573,FES Receiver,2020-07-29 21:52:58.747188,"['SS', 'Standalone', 'version_184']",70001777,SENS_EVENT_MEASURE,96 cm,3590 mV,22 C,0 Degree,78 Times,
5453,1235675,70B3D50070001777,1596055978403,FES Receiver,2020-07-29 22:52:58.572771,"['SS', 'Standalone', 'version_184']",70001777,SENS_EVENT_MEASURE,96 cm,3600 mV,21 C,0 Degree,79 Times,
5452,1236145,70B3D50070001777,1596059578294,FES Receiver,2020-07-29 23:52:58.462202,"['SS', 'Standalone', 'version_184']",70001777,SENS_EVENT_MEASURE,94 cm,3600 mV,16 C,0 Degree,80 Times,
5451,1236600,70B3D50070001777,1596063178066,FES Receiver,2020-07-30 00:52:58.230989,"['SS', 'Standalone', 'version_184']",70001777,SENS_EVENT_MEASURE,94 cm,3590 mV,16 C,0 Degree,81 Times,
5450,1237045,70B3D50070001777,1596066777994,FES Receiver,2020-07-30 01:52:58.152355,"['SS', 'Standalone', 'version_184']",70001777,SENS_EVENT_MEASURE,96 cm,3590 mV,18 C,0 Degree,82 Times,
5449,1237506,70B3D50070001777,1596070377746,FES Receiver,2020-07-30 02:52:57.897964,"['SS', 'Standalone', 'version_184']",70001777,SENS_EVENT_MEASURE,96 cm,3590 mV,17 C,0 Degree,83 Times,
5448,1237966,70B3D50070001777,1596073977556,FES Receiver,2020-07-30 03:52:57.705172,"['SS', 'Standalone', 'version_184']",70001777,SENS_EVENT_MEASURE,94 cm,3590 mV,16 C,0 Degree,84 Times,
5447,1238420,70B3D50070001777,1596077577424,FES Receiver,2020-07-30 04:52:57.570266,"['SS', 'Standalone', 'version_184']",70001777,SENS_EVENT_MEASURE,94 cm,3590 mV,14 C,0 Degree,85 Times,
5446,1238881,70B3D50070001777,1596081177255,FES Receiver,2020-07-30 05:52:57.397543,"['SS', 'Standalone', 'version_184']",70001777,SENS_EVENT_MEASURE,96 cm,3580 mV,16 C,0 Degree,86 Times,
5445,1239360,70B3D50070001777,1596084777185,FES Receiver,2020-07-30 06:52:57.323354,"['SS', 'Standalone', 'version_184']",70001777,SENS_EVENT_MEASURE,96 cm,3590 mV,15 C,0 Degree,87 Times,
5444,1239827,70B3D50070001777,1596088377035,FES Receiver,2020-07-30 07:52:57.171385,"['SS', 'Standalone', 'version_184']",70001777,SENS_EVENT_MEASURE,96 cm,3590 mV,15 C,0 Degree,88 Times,
5443,1240307,70B3D50070001777,1596091976784,FES Receiver,2020-07-30 08:52:56.915744,"['SS', 'Standalone', 'version_184']",70001777,SENS_EVENT_MEASURE,100 cm,3620 mV,28 C,0 Degree,89 Times,
5442,1240822,70B3D50070001777,1596095576714,FES Receiver,2020-07-30 09:52:56.841945,"['SS', 'Standalone', 'version_184']",70001777,SENS_EVENT_MEASURE,58 cm,3640 mV,36 C,0 Degree,90 Times,
5441,1241331,70B3D50070001777,1596099176526,FES Receiver,2020-07-30 10:52:56.652333,"['SS', 'Standalone', 'version_184']",70001777,SENS_EVENT_MEASURE,100 cm,3640 mV,38 C,0 Degree,91 Times,
5440,1241808,70B3D50070001777,1596102776315,FES Receiver,2020-07-30 11:52:56.433696,"['SS', 'Standalone', 'version_184']",70001777,SENS_EVENT_MEASURE,98 cm,3640 mV,42 C,0 Degree,92 Times,
5439,1242337,70B3D50070001777,1596106376187,FES Receiver,2020-07-30 12:52:56.301852,"['SS', 'Standalone', 'version_184']",70001777,SENS_EVENT_MEASURE,98 cm,3640 mV,47 C,0 Degree,93 Times,
5438,1242826,70B3D50070001777,1596109976036,FES Receiver,2020-07-30 13:52:56.151529,"['SS', 'Standalone', 'version_184']",70001777,SENS_EVENT_MEASURE,100 cm,3640 mV,48 C,0 Degree,94 Times,
5437,1243811,70B3D50070001777,1596117175758,FES Receiver,2020-07-30 15:52:55.86102,"['SS', 'Standalone', 'version_184']",70001777,SENS_EVENT_MEASURE,94 cm,3620 mV,30 C,0 Degree,96 Times,
5436,1244282,70B3D50070001777,1596120775587,FES Receiver,2020-07-30 16:52:55.686111,"['SS', 'Standalone', 'version_184']",70001777,SENS_EVENT_MEASURE,94 cm,3620 mV,30 C,0 Degree,97 Times,
5435,1245184,70B3D50070001777,1596127975289,FES Receiver,2020-07-30 18:52:55.380154,"['SS', 'Standalone', 'version_184']",70001777,SENS_EVENT_MEASURE,90 cm,3620 mV,27 C,0 Degree,99 Times,
5434,1245641,70B3D50070001777,1596131576687,FES Receiver,2020-07-30 19:52:56.882191,"['SS', 'Standalone', 'version_184']",70001777,SENS_EVENT_MEASURE,88 cm,3610 mV,28 C,0 Degree,100 Times,
5433,1247394,70B3D50070001777,1596145976050,FES Receiver,2020-07-30 23:52:56.229367,"['SS', 'Standalone', 'version_184']",70001777,SENS_EVENT_MEASURE,88 cm,3600 mV,23 C,0 Degree,104 Times,
5432,1247829,70B3D50070001777,1596149575880,FES Receiver,2020-07-31 00:52:56.055411,"['SS', 'Standalone', 'version_184']",70001777,SENS_EVENT_MEASURE,88 cm,3600 mV,20 C,0 Degree,105 Times,
5431,1248719,70B3D50070001777,1596156775541,FES Receiver,2020-07-31 02:52:55.714118,"['SS', 'Standalone', 'version_184']",70001777,SENS_EVENT_MEASURE,88 cm,3600 mV,20 C,1 Degree,107 Times,
5430,1249164,70B3D50070001777,1596160375391,FES Receiver,2020-07-31 03:52:55.559183,"['SS', 'Standalone', 'version_184']",70001777,SENS_EVENT_MEASURE,88 cm,3600 mV,20 C,0 Degree,108 Times,
5429,1250971,70B3D50070001777,1596174774711,FES Receiver,2020-07-31 07:52:54.861158,"['SS', 'Standalone', 'version_184']",70001777,SENS_EVENT_MEASURE,88 cm,3600 mV,18 C,0 Degree,112 Times,
5428,1251426,70B3D50070001777,1596178374460,FES Receiver,2020-07-31 08:52:54.607696,"['SS', 'Standalone', 'version_184']",70001777,SENS_EVENT_MEASURE,84 cm,3630 mV,29 C,0 Degree,113 Times,
5427,1251898,70B3D50070001777,1596181954432,FES Receiver,2020-07-31 09:52:34.575677,"['SS', 'Standalone', 'version_184']",70001777,SENS_EVENT_MEASURE,90 cm,3640 mV,40 C,0 Degree,114 Times,
5426,1252375,70B3D50070001777,1596185554161,FES Receiver,2020-07-31 10:52:34.299816,"['SS', 'Standalone', 'version_184']",70001777,SENS_EVENT_MEASURE,88 cm,3640 mV,40 C,1 Degree,115 Times,
5425,1252859,70B3D50070001777,1596189154153,FES Receiver,2020-07-31 11:52:34.28787,"['SS', 'Standalone', 'version_184']",70001777,SENS_EVENT_MEASURE,84 cm,3640 mV,49 C,0 Degree,116 Times,
5424,1253373,70B3D50070001777,1596192754082,FES Receiver,2020-07-31 12:52:34.213048,"['SS', 'Standalone', 'version_184']",70001777,SENS_EVENT_MEASURE,84 cm,3640 mV,56 C,0 Degree,117 Times,
5423,1253872,70B3D50070001777,1596196354033,FES Receiver,2020-07-31 13:52:34.160414,"['SS', 'Standalone', 'version_184']",70001777,SENS_EVENT_MEASURE,126 cm,3640 mV,54 C,0 Degree,118 Times,
5422,1254353,70B3D50070001777,1596199957781,FES Receiver,2020-07-31 14:52:37.909517,"['SS', 'Standalone', 'version_184']",70001777,SENS_EVENT_MEASURE,124 cm,3630 mV,39 C,0 Degree,119 Times,
5421,1254808,70B3D50070001777,1596203553676,FES Receiver,2020-07-31 15:52:33.793295,"['SS', 'Standalone', 'version_184']",70001777,SENS_EVENT_MEASURE,122 cm,3620 mV,33 C,0 Degree,120 Times,
5420,1255256,70B3D50070001777,1596207153504,FES Receiver,2020-07-31 16:52:33.618814,"['SS', 'Standalone', 'version_184']",70001777,SENS_EVENT_MEASURE,122 cm,3620 mV,32 C,0 Degree,121 Times,
5419,1256157,70B3D50070001777,1596214353146,FES Receiver,2020-07-31 18:52:33.253195,"['SS', 'Standalone', 'version_184']",70001777,SENS_EVENT_MEASURE,122 cm,3620 mV,31 C,0 Degree,123 Times,
5418,1256603,70B3D50070001777,1596217954656,FES Receiver,2020-07-31 19:52:34.846843,"['SS', 'Standalone', 'version_184']",70001777,SENS_EVENT_MEASURE,122 cm,3620 mV,30 C,0 Degree,124 Times,
5417,1257056,70B3D50070001777,1596221554427,FES Receiver,2020-07-31 20:52:34.606171,"['SS', 'Standalone', 'version_184']",70001777,SENS_EVENT_MEASURE,122 cm,3610 mV,29 C,1 Degree,125 Times,
5416,1257506,70B3D50070001777,1596225154236,FES Receiver,2020-07-31 21:52:34.413538,"['SS', 'Standalone', 'version_184']",70001777,SENS_EVENT_MEASURE,122 cm,3610 mV,27 C,0 Degree,126 Times,
5415,1258409,70B3D50070001777,1596232353877,FES Receiver,2020-07-31 23:52:34.04559,"['SS', 'Standalone', 'version_184']",70001777,SENS_EVENT_MEASURE,122 cm,3600 mV,23 C,0 Degree,128 Times,
5414,1258868,70B3D50070001777,1596235953710,FES Receiver,2020-08-01 00:52:33.875741,"['SS', 'Standalone', 'version_184']",70001777,SENS_EVENT_MEASURE,122 cm,3600 mV,22 C,0 Degree,129 Times,
5413,1259326,70B3D50070001777,1596239553536,FES Receiver,2020-08-01 01:52:33.698205,"['SS', 'Standalone', 'version_184']",70001777,SENS_EVENT_MEASURE,122 cm,3600 mV,25 C,0 Degree,130 Times,
5412,1259777,70B3D50070001777,1596243153346,FES Receiver,2020-08-01 02:52:33.50575,"['SS', 'Standalone', 'version_184']",70001777,SENS_EVENT_MEASURE,122 cm,3600 mV,21 C,0 Degree,131 Times,
5411,1260682,70B3D50070001777,1596250353006,FES Receiver,2020-08-01 04:52:33.162975,"['SS', 'Standalone', 'version_184']",70001777,SENS_EVENT_MEASURE,122 cm,3600 mV,20 C,0 Degree,133 Times,
5410,1261127,70B3D50070001777,1596253952836,FES Receiver,2020-08-01 05:52:32.991297,"['SS', 'Standalone', 'version_184']",70001777,SENS_EVENT_MEASURE,122 cm,3590 mV,18 C,0 Degree,134 Times,
5409,1262039,70B3D50070001777,1596261152514,FES Receiver,2020-08-01 07:52:32.655135,"['SS', 'Standalone', 'version_184']",70001777,SENS_EVENT_MEASURE,122 cm,3610 mV,23 C,0 Degree,136 Times,
5408,1263389,70B3D50070001777,1596271951966,FES Receiver,2020-08-01 10:52:32.09498,"['SS', 'Standalone', 'version_184']",70001777,SENS_EVENT_MEASURE,124 cm,3640 mV,46 C,0 Degree,139 Times,
5407,1264294,70B3D50070001777,1596279151866,FES Receiver,2020-08-01 12:52:31.98858,"['SS', 'Standalone', 'version_184']",70001777,SENS_EVENT_MEASURE,124 cm,3640 mV,46 C,0 Degree,141 Times,
5406,1265219,70B3D50070001777,1596286355505,FES Receiver,2020-08-01 14:52:35.624173,"['SS', 'Standalone', 'version_184']",70001777,SENS_EVENT_MEASURE,122 cm,3630 mV,36 C,1 Degree,143 Times,
5405,1265675,70B3D50070001777,1596289951376,FES Receiver,2020-08-01 15:52:31.492076,"['SS', 'Standalone', 'version_184']",70001777,SENS_EVENT_MEASURE,122 cm,3620 mV,32 C,0 Degree,144 Times,
5404,1266127,70B3D50070001777,1596293551327,FES Receiver,2020-08-01 16:52:31.433712,"['SS', 'Standalone', 'version_184']",70001777,SENS_EVENT_MEASURE,122 cm,3610 mV,30 C,0 Degree,145 Times,
5403,1266566,70B3D50070001777,1596297151135,FES Receiver,2020-08-01 17:52:31.238861,"['SS', 'Standalone', 'version_184']",70001777,SENS_EVENT_MEASURE,122 cm,3620 mV,30 C,0 Degree,146 Times,
5402,1267450,70B3D50070001777,1596304352448,FES Receiver,2020-08-01 19:52:32.642312,"['SS', 'Standalone', 'version_184']",70001777,SENS_EVENT_MEASURE,122 cm,3610 mV,30 C,0 Degree,148 Times,
5401,1267897,70B3D50070001777,1596307952278,FES Receiver,2020-08-01 20:52:32.467242,"['SS', 'Standalone', 'version_184']",70001777,SENS_EVENT_MEASURE,122 cm,3610 mV,28 C,0 Degree,149 Times,
5400,1268343,70B3D50070001777,1596311552090,FES Receiver,2020-08-01 21:52:32.278113,"['SS', 'Standalone', 'version_184']",70001777,SENS_EVENT_MEASURE,122 cm,3610 mV,28 C,0 Degree,150 Times,
5399,1268795,70B3D50070001777,1596315151906,FES Receiver,2020-08-01 22:52:32.090223,"['SS', 'Standalone', 'version_184']",70001777,SENS_EVENT_MEASURE,120 cm,3610 mV,25 C,0 Degree,151 Times,
5398,1269250,70B3D50070001777,1596318751728,FES Receiver,2020-08-01 23:52:31.909408,"['SS', 'Standalone', 'version_184']",70001777,SENS_EVENT_MEASURE,122 cm,3610 mV,26 C,0 Degree,152 Times,
5397,1269693,70B3D50070001777,1596322351559,FES Receiver,2020-08-02 00:52:31.734938,"['SS', 'Standalone', 'version_184']",70001777,SENS_EVENT_MEASURE,122 cm,3610 mV,27 C,0 Degree,153 Times,
5396,1270141,70B3D50070001777,1596325951368,FES Receiver,2020-08-02 01:52:31.540802,"['SS', 'Standalone', 'version_184']",70001777,SENS_EVENT_MEASURE,122 cm,3610 mV,27 C,0 Degree,154 Times,
5395,1270582,70B3D50070001777,1596329551198,FES Receiver,2020-08-02 02:52:31.367784,"['SS', 'Standalone', 'version_184']",70001777,SENS_EVENT_MEASURE,120 cm,3610 mV,23 C,0 Degree,155 Times,
5394,1271025,70B3D50070001777,1596333151028,FES Receiver,2020-08-02 03:52:31.193945,"['SS', 'Standalone', 'version_184']",70001777,SENS_EVENT_MEASURE,120 cm,3610 mV,23 C,1 Degree,156 Times,
5393,1271466,70B3D50070001777,1596336750838,FES Receiver,2020-08-02 04:52:30.999674,"['SS', 'Standalone', 'version_184']",70001777,SENS_EVENT_MEASURE,60 cm,3610 mV,22 C,0 Degree,157 Times,
5392,1271915,70B3D50070001777,1596340350667,FES Receiver,2020-08-02 05:52:30.827303,"['SS', 'Standalone', 'version_184']",70001777,SENS_EVENT_MEASURE,60 cm,3610 mV,20 C,0 Degree,158 Times,
5391,1272353,70B3D50070001777,1596343950499,FES Receiver,2020-08-02 06:52:30.657551,"['SS', 'Standalone', 'version_184']",70001777,SENS_EVENT_MEASURE,60 cm,3610 mV,21 C,0 Degree,159 Times,
5390,1272820,70B3D50070001777,1596347550361,FES Receiver,2020-08-02 07:52:30.515873,"['SS', 'Standalone', 'version_184']",70001777,SENS_EVENT_MEASURE,120 cm,3610 mV,22 C,0 Degree,160 Times,
5389,1273275,70B3D50070001777,1596351150198,FES Receiver,2020-08-02 08:52:30.345795,"['SS', 'Standalone', 'version_184']",70001777,SENS_EVENT_MEASURE,122 cm,3620 mV,23 C,0 Degree,161 Times,
5388,1273729,70B3D50070001777,1596354749988,FES Receiver,2020-08-02 09:52:30.131353,"['SS', 'Standalone', 'version_184']",70001777,SENS_EVENT_MEASURE,60 cm,3620 mV,22 C,0 Degree,162 Times,
5387,1274639,70B3D50070001777,1596361949649,FES Receiver,2020-08-02 11:52:29.784689,"['SS', 'Standalone', 'version_184']",70001777,SENS_EVENT_MEASURE,122 cm,3620 mV,22 C,0 Degree,164 Times,
5386,1275103,70B3D50070001777,1596365549457,FES Receiver,2020-08-02 12:52:29.589978,"['SS', 'Standalone', 'version_184']",70001777,SENS_EVENT_MEASURE,122 cm,3640 mV,32 C,0 Degree,165 Times,
5385,1275589,70B3D50070001777,1596369149192,FES Receiver,2020-08-02 13:52:29.320541,"['SS', 'Standalone', 'version_184']",70001777,SENS_EVENT_MEASURE,122 cm,3640 mV,33 C,1 Degree,166 Times,
5384,1276058,70B3D50070001777,1596372748997,FES Receiver,2020-08-02 14:52:29.127178,"['SS', 'Standalone', 'version_184']",70001777,SENS_EVENT_MEASURE,122 cm,3640 mV,31 C,0 Degree,167 Times,
5383,1276974,70B3D50070001777,1596379948659,FES Receiver,2020-08-02 16:52:28.776441,"['SS', 'Standalone', 'version_184']",70001777,SENS_EVENT_MEASURE,122 cm,3630 mV,30 C,0 Degree,169 Times,
5382,1277408,70B3D50070001777,1596383548568,FES Receiver,2020-08-02 17:52:28.682116,"['SS', 'Standalone', 'version_184']",70001777,SENS_EVENT_MEASURE,124 cm,3630 mV,30 C,1 Degree,170 Times,
5381,1277857,70B3D50070001777,1596387148399,FES Receiver,2020-08-02 18:52:28.50842,"['SS', 'Standalone', 'version_184']",70001777,SENS_EVENT_MEASURE,124 cm,3630 mV,25 C,0 Degree,171 Times,
5380,1278316,70B3D50070001777,1596390749897,FES Receiver,2020-08-02 19:52:30.088689,"['SS', 'Standalone', 'version_184']",70001777,SENS_EVENT_MEASURE,120 cm,3630 mV,25 C,0 Degree,172 Times,
5379,1278763,70B3D50070001777,1596394349708,FES Receiver,2020-08-02 20:52:29.90137,"['SS', 'Standalone', 'version_184']",70001777,SENS_EVENT_MEASURE,120 cm,3620 mV,24 C,0 Degree,173 Times,
5378,1279217,70B3D50070001777,1596397949438,FES Receiver,2020-08-02 21:52:29.622524,"['SS', 'Standalone', 'version_184']",70001777,SENS_EVENT_MEASURE,120 cm,3610 mV,22 C,0 Degree,174 Times,
5377,1279671,70B3D50070001777,1596401549267,FES Receiver,2020-08-02 22:52:29.448373,"['SS', 'Standalone', 'version_184']",70001777,SENS_EVENT_MEASURE,120 cm,3610 mV,22 C,0 Degree,175 Times,
5376,1280132,70B3D50070001777,1596405149097,FES Receiver,2020-08-02 23:52:29.27332,"['SS', 'Standalone', 'version_184']",70001777,SENS_EVENT_MEASURE,120 cm,3610 mV,21 C,1 Degree,176 Times,
5375,1280585,70B3D50070001777,1596408748927,FES Receiver,2020-08-03 00:52:29.101414,"['SS', 'Standalone', 'version_184']",70001777,SENS_EVENT_MEASURE,120 cm,3610 mV,19 C,0 Degree,177 Times,
5374,1281049,70B3D50070001777,1596412348758,FES Receiver,2020-08-03 01:52:28.92674,"['SS', 'Standalone', 'version_184']",70001777,SENS_EVENT_MEASURE,120 cm,3600 mV,18 C,0 Degree,178 Times,
5373,1281509,70B3D50070001777,1596415948608,FES Receiver,2020-08-03 02:52:28.77158,"['SS', 'Standalone', 'version_184']",70001777,SENS_EVENT_MEASURE,120 cm,3600 mV,18 C,0 Degree,179 Times,
5372,1281972,70B3D50070001777,1596419548438,FES Receiver,2020-08-03 03:52:28.599211,"['SS', 'Standalone', 'version_184']",70001777,SENS_EVENT_MEASURE,120 cm,3600 mV,16 C,0 Degree,180 Times,
5371,1282416,70B3D50070001777,1596423148287,FES Receiver,2020-08-03 04:52:28.443979,"['SS', 'Standalone', 'version_184']",70001777,SENS_EVENT_MEASURE,120 cm,3600 mV,14 C,0 Degree,181 Times,
5370,1282869,70B3D50070001777,1596426748122,FES Receiver,2020-08-03 05:52:28.275057,"['SS', 'Standalone', 'version_184']",70001777,SENS_EVENT_MEASURE,120 cm,3610 mV,17 C,0 Degree,182 Times,
5369,1283328,70B3D50070001777,1596430347966,FES Receiver,2020-08-03 06:52:28.11689,"['SS', 'Standalone', 'version_184']",70001777,SENS_EVENT_MEASURE,120 cm,3610 mV,18 C,0 Degree,183 Times,
5368,1283830,70B3D50070001777,1596433947816,FES Receiver,2020-08-03 07:52:27.961815,"['SS', 'Standalone', 'version_184']",70001777,SENS_EVENT_MEASURE,120 cm,3610 mV,17 C,0 Degree,184 Times,
5367,1284335,70B3D50070001777,1596437547628,FES Receiver,2020-08-03 08:52:27.770541,"['SS', 'Standalone', 'version_184']",70001777,SENS_EVENT_MEASURE,122 cm,3620 mV,19 C,0 Degree,185 Times,
5366,1284844,70B3D50070001777,1596441147458,FES Receiver,2020-08-03 09:52:27.604942,"['SS', 'Standalone', 'version_184']",70001777,SENS_EVENT_MEASURE,122 cm,3640 mV,28 C,0 Degree,186 Times,
5365,1285319,70B3D50070001777,1596444747287,FES Receiver,2020-08-03 10:52:27.424381,"['SS', 'Standalone', 'version_184']",70001777,SENS_EVENT_MEASURE,124 cm,3640 mV,28 C,0 Degree,187 Times,
5364,1285823,70B3D50070001777,1596448347098,FES Receiver,2020-08-03 11:52:27.226868,"['SS', 'Standalone', 'version_184']",70001777,SENS_EVENT_MEASURE,124 cm,3640 mV,28 C,0 Degree,188 Times,
5363,1286346,70B3D50070001777,1596451946908,FES Receiver,2020-08-03 12:52:27.121142,"['SS', 'Standalone', 'version_184']",70001777,SENS_EVENT_MEASURE,122 cm,3640 mV,30 C,0 Degree,189 Times,
5362,1286855,70B3D50070001777,1596455546737,FES Receiver,2020-08-03 13:52:26.858755,"['SS', 'Standalone', 'version_184']",70001777,SENS_EVENT_MEASURE,118 cm,3640 mV,31 C,0 Degree,190 Times,
5361,1287347,70B3D50070001777,1596459146468,FES Receiver,2020-08-03 14:52:26.589101,"['SS', 'Standalone', 'version_184']",70001777,SENS_EVENT_MEASURE,114 cm,3640 mV,31 C,0 Degree,191 Times,
5360,1287845,70B3D50070001777,1596462746277,FES Receiver,2020-08-03 15:52:26.390941,"['SS', 'Standalone', 'version_184']",70001777,SENS_EVENT_MEASURE,116 cm,3640 mV,31 C,1 Degree,192 Times,
5359,1288361,70B3D50070001777,1596466346108,FES Receiver,2020-08-03 16:52:26.217026,"['SS', 'Standalone', 'version_184']",70001777,SENS_EVENT_MEASURE,114 cm,3630 mV,27 C,0 Degree,193 Times,
5358,1288835,70B3D50070001777,1596469946037,FES Receiver,2020-08-03 17:52:26.141644,"['SS', 'Standalone', 'version_184']",70001777,SENS_EVENT_MEASURE,122 cm,3630 mV,28 C,0 Degree,194 Times,
5357,1289305,70B3D50070001777,1596473545828,FES Receiver,2020-08-03 18:52:25.929404,"['SS', 'Standalone', 'version_184']",70001777,SENS_EVENT_MEASURE,116 cm,3630 mV,25 C,0 Degree,195 Times,
5356,1289773,70B3D50070001777,1596477147334,FES Receiver,2020-08-03 19:52:27.525247,"['SS', 'Standalone', 'version_184']",70001777,SENS_EVENT_MEASURE,116 cm,3620 mV,24 C,0 Degree,196 Times,
5355,1290213,70B3D50070001777,1596480747065,FES Receiver,2020-08-03 20:52:27.252323,"['SS', 'Standalone', 'version_184']",70001777,SENS_EVENT_MEASURE,108 cm,3620 mV,21 C,0 Degree,197 Times,
5354,1290683,70B3D50070001777,1596484346835,FES Receiver,2020-08-03 21:52:27.018754,"['SS', 'Standalone', 'version_184']",70001777,SENS_EVENT_MEASURE,110 cm,3610 mV,22 C,0 Degree,198 Times,
5353,1291147,70B3D50070001777,1596487946805,FES Receiver,2020-08-03 22:52:26.991053,"['SS', 'Standalone', 'version_184']",70001777,SENS_EVENT_MEASURE,108 cm,3610 mV,21 C,0 Degree,199 Times,
5352,1291617,70B3D50070001777,1596491546594,FES Receiver,2020-08-03 23:52:26.771053,"['SS', 'Standalone', 'version_184']",70001777,SENS_EVENT_MEASURE,110 cm,3610 mV,21 C,0 Degree,200 Times,
5351,1292072,70B3D50070001777,1596495146423,FES Receiver,2020-08-04 00:52:26.595465,"['SS', 'Standalone', 'version_184']",70001777,SENS_EVENT_MEASURE,108 cm,3610 mV,19 C,0 Degree,201 Times,
5350,1293008,70B3D50070001777,1596502346084,FES Receiver,2020-08-04 02:52:26.25378,"['SS', 'Standalone', 'version_184']",70001777,SENS_EVENT_MEASURE,108 cm,3590 mV,17 C,0 Degree,203 Times,
5349,1293486,70B3D50070001777,1596505945932,FES Receiver,2020-08-04 03:52:26.092768,"['SS', 'Standalone', 'version_184']",70001777,SENS_EVENT_MEASURE,108 cm,3600 mV,16 C,0 Degree,204 Times,
5348,1293953,70B3D50070001777,1596509545764,FES Receiver,2020-08-04 04:52:25.921801,"['SS', 'Standalone', 'version_184']",70001777,SENS_EVENT_MEASURE,110 cm,3600 mV,18 C,0 Degree,205 Times,
5347,1294433,70B3D50070001777,1596513145614,FES Receiver,2020-08-04 05:52:25.767041,"['SS', 'Standalone', 'version_184']",70001777,SENS_EVENT_MEASURE,108 cm,3600 mV,16 C,1 Degree,206 Times,
5346,1295446,70B3D50070001777,1596520345293,FES Receiver,2020-08-04 07:52:25.438696,"['SS', 'Standalone', 'version_184']",70001777,SENS_EVENT_MEASURE,112 cm,3610 mV,16 C,0 Degree,208 Times,
5345,1295976,70B3D50070001777,1596523944983,FES Receiver,2020-08-04 08:52:25.124933,"['SS', 'Standalone', 'version_184']",70001777,SENS_EVENT_MEASURE,112 cm,3630 mV,23 C,0 Degree,209 Times,
5344,1296487,70B3D50070001777,1596527544873,FES Receiver,2020-08-04 09:52:25.011506,"['SS', 'Standalone', 'version_184']",70001777,SENS_EVENT_MEASURE,110 cm,3640 mV,34 C,0 Degree,210 Times,
5343,1297081,70B3D50070001777,1596531144703,FES Receiver,2020-08-04 10:52:24.838549,"['SS', 'Standalone', 'version_184']",70001777,SENS_EVENT_MEASURE,104 cm,3650 mV,40 C,0 Degree,211 Times,
5342,1297596,70B3D50070001777,1596534744693,FES Receiver,2020-08-04 11:52:24.825074,"['SS', 'Standalone', 'version_184']",70001777,SENS_EVENT_MEASURE,104 cm,3640 mV,41 C,0 Degree,212 Times,
5341,1298117,70B3D50070001777,1596538344563,FES Receiver,2020-08-04 12:52:24.693363,"['SS', 'Standalone', 'version_184']",70001777,SENS_EVENT_MEASURE,104 cm,3640 mV,42 C,0 Degree,213 Times,
5340,1299204,70B3D50070001777,1596545544189,FES Receiver,2020-08-04 14:52:24.313879,"['SS', 'Standalone', 'version_184']",70001777,SENS_EVENT_MEASURE,110 cm,3620 mV,30 C,0 Degree,215 Times,
5339,1300636,70B3D50070001777,1596556343631,FES Receiver,2020-08-04 17:52:23.742692,"['SS', 'Standalone', 'version_184']",70001777,SENS_EVENT_MEASURE,102 cm,3610 mV,25 C,0 Degree,218 Times,
5338,1301072,70B3D50070001777,1596559943462,FES Receiver,2020-08-04 18:52:23.57062,"['SS', 'Standalone', 'version_184']",70001777,SENS_EVENT_MEASURE,102 cm,3610 mV,25 C,0 Degree,219 Times,
5337,1301508,70B3D50070001777,1596563544967,FES Receiver,2020-08-04 19:52:25.166505,"['SS', 'Standalone', 'version_184']",70001777,SENS_EVENT_MEASURE,104 cm,3610 mV,25 C,0 Degree,220 Times,
5336,1301950,70B3D50070001777,1596567144778,FES Receiver,2020-08-04 20:52:24.972092,"['SS', 'Standalone', 'version_184']",70001777,SENS_EVENT_MEASURE,100 cm,3600 mV,25 C,0 Degree,221 Times,
5335,1302812,70B3D50070001777,1596574344438,FES Receiver,2020-08-04 22:52:24.624427,"['SS', 'Standalone', 'version_184']",70001777,SENS_EVENT_MEASURE,98 cm,3590 mV,18 C,0 Degree,223 Times,
5334,1303258,70B3D50070001777,1596577944288,FES Receiver,2020-08-04 23:52:24.471419,"['SS', 'Standalone', 'version_184']",70001777,SENS_EVENT_MEASURE,98 cm,3590 mV,17 C,0 Degree,224 Times,
5333,1304145,70B3D50070001777,1596585143967,FES Receiver,2020-08-05 01:52:24.143421,"['SS', 'Standalone', 'version_184']",70001777,SENS_EVENT_MEASURE,98 cm,3590 mV,15 C,0 Degree,226 Times,
5332,1304581,70B3D50070001777,1596588743798,FES Receiver,2020-08-05 02:52:23.969472,"['SS', 'Standalone', 'version_184']",70001777,SENS_EVENT_MEASURE,98 cm,3580 mV,16 C,0 Degree,227 Times,
5331,1305033,70B3D50070001777,1596592343648,FES Receiver,2020-08-05 03:52:23.816184,"['SS', 'Standalone', 'version_184']",70001777,SENS_EVENT_MEASURE,98 cm,3590 mV,15 C,0 Degree,228 Times,
5330,1305487,70B3D50070001777,1596595943418,FES Receiver,2020-08-05 04:52:23.581756,"['SS', 'Standalone', 'version_184']",70001777,SENS_EVENT_MEASURE,98 cm,3580 mV,14 C,0 Degree,229 Times,
5329,1305932,70B3D50070001777,1596599543347,FES Receiver,2020-08-05 05:52:23.50815,"['SS', 'Standalone', 'version_184']",70001777,SENS_EVENT_MEASURE,98 cm,3580 mV,15 C,0 Degree,230 Times,
5328,1306367,70B3D50070001777,1596603143197,FES Receiver,2020-08-05 06:52:23.355897,"['SS', 'Standalone', 'version_184']",70001777,SENS_EVENT_MEASURE,98 cm,3590 mV,14 C,0 Degree,231 Times,
5327,1306831,70B3D50070001777,1596606743047,FES Receiver,2020-08-05 07:52:23.204274,"['SS', 'Standalone', 'version_184']",70001777,SENS_EVENT_MEASURE,96 cm,3590 mV,15 C,1 Degree,232 Times,
5326,1307755,70B3D50070001777,1596613942707,FES Receiver,2020-08-05 09:52:22.854064,"['SS', 'Standalone', 'version_184']",70001777,SENS_EVENT_MEASURE,98 cm,3640 mV,31 C,0 Degree,234 Times,
5325,1308223,70B3D50070001777,1596617542577,FES Receiver,2020-08-05 10:52:22.720443,"['SS', 'Standalone', 'version_184']",70001777,SENS_EVENT_MEASURE,100 cm,3640 mV,37 C,0 Degree,235 Times,
5324,1308676,70B3D50070001777,1596621142307,FES Receiver,2020-08-05 11:52:22.448068,"['SS', 'Standalone', 'version_184']",70001777,SENS_EVENT_MEASURE,100 cm,3650 mV,43 C,0 Degree,236 Times,
5323,1309154,70B3D50070001777,1596624742195,FES Receiver,2020-08-05 12:52:22.331462,"['SS', 'Standalone', 'version_184']",70001777,SENS_EVENT_MEASURE,98 cm,3650 mV,42 C,0 Degree,237 Times,
5322,1309625,70B3D50070001777,1596628342047,FES Receiver,2020-08-05 13:52:22.180252,"['SS', 'Standalone', 'version_184']",70001777,SENS_EVENT_MEASURE,100 cm,3640 mV,43 C,0 Degree,238 Times,
5321,1310096,70B3D50070001777,1596631941855,FES Receiver,2020-08-05 14:52:21.988353,"['SS', 'Standalone', 'version_184']",70001777,SENS_EVENT_MEASURE,100 cm,3630 mV,32 C,0 Degree,239 Times,
5320,1310973,70B3D50070001777,1596639141597,FES Receiver,2020-08-05 16:52:21.717414,"['SS', 'Standalone', 'version_184']",70001777,SENS_EVENT_MEASURE,100 cm,3610 mV,28 C,0 Degree,241 Times,
5319,1311387,70B3D50070001777,1596642741326,FES Receiver,2020-08-05 17:52:21.441961,"['SS', 'Standalone', 'version_184']",70001777,SENS_EVENT_MEASURE,94 cm,3610 mV,27 C,0 Degree,242 Times,
5318,1311807,70B3D50070001777,1596646341154,FES Receiver,2020-08-05 18:52:21.266807,"['SS', 'Standalone', 'version_184']",70001777,SENS_EVENT_MEASURE,94 cm,3610 mV,28 C,0 Degree,243 Times,
5317,1312242,70B3D50070001777,1596649942753,FES Receiver,2020-08-05 19:52:22.946478,"['SS', 'Standalone', 'version_184']",70001777,SENS_EVENT_MEASURE,94 cm,3610 mV,27 C,0 Degree,244 Times,
5316,1312679,70B3D50070001777,1596653542581,FES Receiver,2020-08-05 20:52:22.774804,"['SS', 'Standalone', 'version_184']",70001777,SENS_EVENT_MEASURE,94 cm,3610 mV,27 C,0 Degree,245 Times,
5315,1313110,70B3D50070001777,1596657142391,FES Receiver,2020-08-05 21:52:22.580635,"['SS', 'Standalone', 'version_184']",70001777,SENS_EVENT_MEASURE,94 cm,3610 mV,22 C,0 Degree,246 Times,
5314,1313545,70B3D50070001777,1596660742221,FES Receiver,2020-08-05 22:52:22.40989,"['SS', 'Standalone', 'version_184']",70001777,SENS_EVENT_MEASURE,94 cm,3600 mV,23 C,0 Degree,247 Times,
5313,1313977,70B3D50070001777,1596664342112,FES Receiver,2020-08-05 23:52:22.291169,"['SS', 'Standalone', 'version_184']",70001777,SENS_EVENT_MEASURE,94 cm,3600 mV,20 C,0 Degree,248 Times,
5312,1314407,70B3D50070001777,1596667941921,FES Receiver,2020-08-06 00:52:22.095093,"['SS', 'Standalone', 'version_184']",70001777,SENS_EVENT_MEASURE,94 cm,3590 mV,20 C,0 Degree,249 Times,
5311,1314835,70B3D50070001777,1596671541752,FES Receiver,2020-08-06 01:52:21.921856,"['SS', 'Standalone', 'version_184']",70001777,SENS_EVENT_MEASURE,94 cm,3580 mV,20 C,1 Degree,250 Times,
5310,1315278,70B3D50070001777,1596675141584,FES Receiver,2020-08-06 02:52:21.753646,"['SS', 'Standalone', 'version_184']",70001777,SENS_EVENT_MEASURE,94 cm,3590 mV,19 C,0 Degree,251 Times,
5309,1315720,70B3D50070001777,1596678741432,FES Receiver,2020-08-06 03:52:21.592455,"['SS', 'Standalone', 'version_184']",70001777,SENS_EVENT_MEASURE,94 cm,3590 mV,19 C,0 Degree,252 Times,
5308,1316142,70B3D50070001777,1596682341280,FES Receiver,2020-08-06 04:52:21.437637,"['SS', 'Standalone', 'version_184']",70001777,SENS_EVENT_MEASURE,94 cm,3590 mV,15 C,0 Degree,253 Times,
5307,1316578,70B3D50070001777,1596685941110,FES Receiver,2020-08-06 05:52:21.263532,"['SS', 'Standalone', 'version_184']",70001777,SENS_EVENT_MEASURE,94 cm,3590 mV,16 C,1 Degree,254 Times,
5306,1317021,70B3D50070001777,1596689540941,FES Receiver,2020-08-06 06:52:21.091743,"['SS', 'Standalone', 'version_184']",70001777,SENS_EVENT_MEASURE,94 cm,3590 mV,16 C,0 Degree,255 Times,
5305,1317480,70B3D50070001777,1596693140791,FES Receiver,2020-08-06 07:52:20.938218,"['SS', 'Standalone', 'version_184']",70001777,SENS_EVENT_MEASURE,90 cm,3600 mV,15 C,0 Degree,0 Times,
5304,1317952,70B3D50070001777,1596696740621,FES Receiver,2020-08-06 08:52:20.763701,"['SS', 'Standalone', 'version_184']",70001777,SENS_EVENT_MEASURE,94 cm,3630 mV,26 C,0 Degree,1 Times,
5303,1318414,70B3D50070001777,1596700340450,FES Receiver,2020-08-06 09:52:20.589706,"['SS', 'Standalone', 'version_184']",70001777,SENS_EVENT_MEASURE,96 cm,3640 mV,38 C,0 Degree,2 Times,
5302,1318855,70B3D50070001777,1596703940239,FES Receiver,2020-08-06 10:52:20.374281,"['SS', 'Standalone', 'version_184']",70001777,SENS_EVENT_MEASURE,100 cm,3650 mV,45 C,0 Degree,3 Times,
5301,1319331,70B3D50070001777,1596707540050,FES Receiver,2020-08-06 11:52:20.188819,"['SS', 'Standalone', 'version_184']",70001777,SENS_EVENT_MEASURE,96 cm,3650 mV,47 C,0 Degree,4 Times,
5300,1319820,70B3D50070001777,1596711140099,FES Receiver,2020-08-06 12:52:20.225277,"['SS', 'Standalone', 'version_184']",70001777,SENS_EVENT_MEASURE,96 cm,3650 mV,48 C,0 Degree,5 Times,
5299,1320325,70B3D50070001777,1596714739990,FES Receiver,2020-08-06 13:52:20.1136,"['SS', 'Standalone', 'version_184']",70001777,SENS_EVENT_MEASURE,94 cm,3650 mV,49 C,0 Degree,6 Times,
5298,1320839,70B3D50070001777,1596718339980,FES Receiver,2020-08-06 14:52:20.102237,"['SS', 'Standalone', 'version_184']",70001777,SENS_EVENT_MEASURE,92 cm,3630 mV,32 C,0 Degree,7 Times,
5297,1321331,70B3D50070001777,1596721939748,FES Receiver,2020-08-06 15:52:19.86358,"['SS', 'Standalone', 'version_184']",70001777,SENS_EVENT_MEASURE,92 cm,3620 mV,30 C,0 Degree,8 Times,
5296,1321778,70B3D50070001777,1596725539560,FES Receiver,2020-08-06 16:52:19.671325,"['SS', 'Standalone', 'version_184']",70001777,SENS_EVENT_MEASURE,90 cm,3620 mV,30 C,0 Degree,9 Times,
5295,1322199,70B3D50070001777,1596729139389,FES Receiver,2020-08-06 17:52:19.497525,"['SS', 'Standalone', 'version_184']",70001777,SENS_EVENT_MEASURE,90 cm,3620 mV,29 C,0 Degree,10 Times,
5294,1322654,70B3D50070001777,1596732739206,FES Receiver,2020-08-06 18:52:19.309181,"['SS', 'Standalone', 'version_184']",70001777,SENS_EVENT_MEASURE,90 cm,3620 mV,30 C,0 Degree,11 Times,
5293,1323530,70B3D50070001777,1596739940485,FES Receiver,2020-08-06 20:52:20.641663,"['SS', 'Standalone', 'version_184']",70001777,SENS_EVENT_MEASURE,94 cm,3610 mV,28 C,0 Degree,13 Times,
5292,1323968,70B3D50070001777,1596743540435,FES Receiver,2020-08-06 21:52:20.588004,"['SS', 'Standalone', 'version_184']",70001777,SENS_EVENT_MEASURE,92 cm,3610 mV,27 C,0 Degree,14 Times,
5291,1324396,70B3D50070001777,1596747140223,FES Receiver,2020-08-06 22:52:20.372602,"['SS', 'Standalone', 'version_184']",70001777,SENS_EVENT_MEASURE,92 cm,3610 mV,25 C,0 Degree,15 Times,
5290,1324825,70B3D50070001777,1596750740075,FES Receiver,2020-08-06 23:52:20.219898,"['SS', 'Standalone', 'version_184']",70001777,SENS_EVENT_MEASURE,94 cm,3610 mV,25 C,0 Degree,16 Times,
5289,1325266,70B3D50070001777,1596754339864,FES Receiver,2020-08-07 00:52:20.010302,"['SS', 'Standalone', 'version_184']",70001777,SENS_EVENT_MEASURE,92 cm,3610 mV,21 C,0 Degree,17 Times,
5288,1325696,70B3D50070001777,1596757939714,FES Receiver,2020-08-07 01:52:19.857455,"['SS', 'Standalone', 'version_184']",70001777,SENS_EVENT_MEASURE,92 cm,3610 mV,20 C,0 Degree,18 Times,
5287,1326137,70B3D50070001777,1596761539543,FES Receiver,2020-08-07 02:52:19.676085,"['SS', 'Standalone', 'version_184']",70001777,SENS_EVENT_MEASURE,92 cm,3610 mV,20 C,0 Degree,19 Times,
5286,1326564,70B3D50070001777,1596765139333,FES Receiver,2020-08-07 03:52:19.462799,"['SS', 'Standalone', 'version_184']",70001777,SENS_EVENT_MEASURE,92 cm,3610 mV,19 C,0 Degree,20 Times,
5285,1327010,70B3D50070001777,1596768739184,FES Receiver,2020-08-07 04:52:19.311166,"['SS', 'Standalone', 'version_184']",70001777,SENS_EVENT_MEASURE,92 cm,3600 mV,18 C,0 Degree,21 Times,
5284,1327438,70B3D50070001777,1596772339014,FES Receiver,2020-08-07 05:52:19.135836,"['SS', 'Standalone', 'version_184']",70001777,SENS_EVENT_MEASURE,92 cm,3610 mV,18 C,0 Degree,22 Times,
5283,1327875,70B3D50070001777,1596775938863,FES Receiver,2020-08-07 06:52:18.980865,"['SS', 'Standalone', 'version_184']",70001777,SENS_EVENT_MEASURE,92 cm,3610 mV,16 C,0 Degree,23 Times,
5282,1328276,70B3D50070001777,1596779538693,FES Receiver,2020-08-07 07:52:18.80727,"['SS', 'Standalone', 'version_184']",70001777,SENS_EVENT_MEASURE,92 cm,3610 mV,19 C,0 Degree,24 Times,
5281,1329185,70B3D50070001777,1596786738413,FES Receiver,2020-08-07 09:52:18.520043,"['SS', 'Standalone', 'version_184']",70001777,SENS_EVENT_MEASURE,126 cm,3640 mV,38 C,0 Degree,26 Times,
5280,1329641,70B3D50070001777,1596790338263,FES Receiver,2020-08-07 10:52:18.366702,"['SS', 'Standalone', 'version_184']",70001777,SENS_EVENT_MEASURE,126 cm,3650 mV,44 C,0 Degree,27 Times,
5279,1330117,70B3D50070001777,1596793938152,FES Receiver,2020-08-07 11:52:18.252929,"['SS', 'Standalone', 'version_184']",70001777,SENS_EVENT_MEASURE,126 cm,3650 mV,50 C,0 Degree,28 Times,
5278,1330664,70B3D50070001777,1596797538063,FES Receiver,2020-08-07 12:52:18.15954,"['SS', 'Standalone', 'version_184']",70001777,SENS_EVENT_MEASURE,126 cm,3650 mV,53 C,0 Degree,29 Times,
5277,1331172,70B3D50070001777,1596801137993,FES Receiver,2020-08-07 13:52:18.084788,"['SS', 'Standalone', 'version_184']",70001777,SENS_EVENT_MEASURE,126 cm,3650 mV,55 C,0 Degree,30 Times,
5276,1331693,70B3D50070001777,1596804737889,FES Receiver,2020-08-07 14:52:17.980576,"['SS', 'Standalone', 'version_184']",70001777,SENS_EVENT_MEASURE,124 cm,3640 mV,39 C,0 Degree,31 Times,
5275,1332193,70B3D50070001777,1596808337672,FES Receiver,2020-08-07 15:52:17.75854,"['SS', 'Standalone', 'version_184']",70001777,SENS_EVENT_MEASURE,122 cm,3620 mV,34 C,0 Degree,32 Times,
5274,1332698,70B3D50070001777,1596811937482,FES Receiver,2020-08-07 16:52:17.56166,"['SS', 'Standalone', 'version_184']",70001777,SENS_EVENT_MEASURE,122 cm,3620 mV,31 C,0 Degree,33 Times,
5273,1333208,70B3D50070001777,1596815537294,FES Receiver,2020-08-07 17:52:17.370648,"['SS', 'Standalone', 'version_184']",70001777,SENS_EVENT_MEASURE,122 cm,3620 mV,32 C,0 Degree,34 Times,
5272,1333692,70B3D50070001777,1596819137123,FES Receiver,2020-08-07 18:52:17.194078,"['SS', 'Standalone', 'version_184']",70001777,SENS_EVENT_MEASURE,122 cm,3620 mV,30 C,0 Degree,35 Times,
5271,1334194,70B3D50070001777,1596822738595,FES Receiver,2020-08-07 19:52:18.786393,"['SS', 'Standalone', 'version_184']",70001777,SENS_EVENT_MEASURE,122 cm,3620 mV,30 C,0 Degree,36 Times,
5270,1334674,70B3D50070001777,1596826338405,FES Receiver,2020-08-07 20:52:18.591561,"['SS', 'Standalone', 'version_184']",70001777,SENS_EVENT_MEASURE,122 cm,3620 mV,30 C,0 Degree,37 Times,
5269,1335154,70B3D50070001777,1596829938222,FES Receiver,2020-08-07 21:52:18.404136,"['SS', 'Standalone', 'version_184']",70001777,SENS_EVENT_MEASURE,122 cm,3610 mV,28 C,0 Degree,38 Times,
5268,1335657,70B3D50070001777,1596833538046,FES Receiver,2020-08-07 22:52:18.224277,"['SS', 'Standalone', 'version_184']",70001777,SENS_EVENT_MEASURE,122 cm,3610 mV,26 C,0 Degree,39 Times,
5267,1336158,70B3D50070001777,1596837137857,FES Receiver,2020-08-07 23:52:18.032348,"['SS', 'Standalone', 'version_184']",70001777,SENS_EVENT_MEASURE,122 cm,3610 mV,24 C,0 Degree,40 Times,
5266,1336661,70B3D50070001777,1596840737667,FES Receiver,2020-08-08 00:52:17.838965,"['SS', 'Standalone', 'version_184']",70001777,SENS_EVENT_MEASURE,122 cm,3610 mV,27 C,0 Degree,41 Times,
5265,1337176,70B3D50070001777,1596844337496,FES Receiver,2020-08-08 01:52:17.663179,"['SS', 'Standalone', 'version_184']",70001777,SENS_EVENT_MEASURE,122 cm,3610 mV,22 C,0 Degree,42 Times,
5264,1337671,70B3D50070001777,1596847937187,FES Receiver,2020-08-08 02:52:17.350401,"['SS', 'Standalone', 'version_184']",70001777,SENS_EVENT_MEASURE,122 cm,3610 mV,24 C,0 Degree,43 Times,
5263,1338172,70B3D50070001777,1596851537156,FES Receiver,2020-08-08 03:52:17.320959,"['SS', 'Standalone', 'version_184']",70001777,SENS_EVENT_MEASURE,122 cm,3610 mV,24 C,0 Degree,44 Times,
5262,1338671,70B3D50070001777,1596855137006,FES Receiver,2020-08-08 04:52:17.168275,"['SS', 'Standalone', 'version_184']",70001777,SENS_EVENT_MEASURE,122 cm,3610 mV,24 C,0 Degree,45 Times,
5261,1339659,70B3D50070001777,1596862336545,FES Receiver,2020-08-08 06:52:16.694476,"['SS', 'Standalone', 'version_184']",70001777,SENS_EVENT_MEASURE,122 cm,3610 mV,21 C,0 Degree,47 Times,
5260,1340153,70B3D50070001777,1596865936363,FES Receiver,2020-08-08 07:52:16.508327,"['SS', 'Standalone', 'version_184']",70001777,SENS_EVENT_MEASURE,122 cm,3610 mV,20 C,0 Degree,48 Times,
5259,1340636,70B3D50070001777,1596869536086,FES Receiver,2020-08-08 08:52:16.227225,"['SS', 'Standalone', 'version_184']",70001777,SENS_EVENT_MEASURE,122 cm,3630 mV,31 C,0 Degree,49 Times,
5258,1341143,70B3D50070001777,1596873136075,FES Receiver,2020-08-08 09:52:16.213851,"['SS', 'Standalone', 'version_184']",70001777,SENS_EVENT_MEASURE,124 cm,3640 mV,43 C,0 Degree,50 Times,
5257,1342149,70B3D50070001777,1596880335676,FES Receiver,2020-08-08 11:52:15.805729,"['SS', 'Standalone', 'version_184']",70001777,SENS_EVENT_MEASURE,124 cm,3650 mV,52 C,0 Degree,52 Times,
5256,1343671,70B3D50070001777,1596891135486,FES Receiver,2020-08-08 14:52:15.608407,"['SS', 'Standalone', 'version_184']",70001777,SENS_EVENT_MEASURE,124 cm,3630 mV,42 C,0 Degree,55 Times,
5255,1344188,70B3D50070001777,1596894735476,FES Receiver,2020-08-08 15:52:15.590859,"['SS', 'Standalone', 'version_184']",70001777,SENS_EVENT_MEASURE,122 cm,3620 mV,39 C,0 Degree,56 Times,
5254,1344691,70B3D50070001777,1596898335286,FES Receiver,2020-08-08 16:52:15.397151,"['SS', 'Standalone', 'version_184']",70001777,SENS_EVENT_MEASURE,122 cm,3620 mV,35 C,0 Degree,57 Times,
5253,1345180,70B3D50070001777,1596901935056,FES Receiver,2020-08-08 17:52:15.163454,"['SS', 'Standalone', 'version_184']",70001777,SENS_EVENT_MEASURE,120 cm,3620 mV,33 C,0 Degree,58 Times,
5252,1345666,70B3D50070001777,1596905534906,FES Receiver,2020-08-08 18:52:15.008889,"['SS', 'Standalone', 'version_184']",70001777,SENS_EVENT_MEASURE,120 cm,3620 mV,34 C,0 Degree,59 Times,
5251,1346155,70B3D50070001777,1596909136310,FES Receiver,2020-08-08 19:52:16.503307,"['SS', 'Standalone', 'version_184']",70001777,SENS_EVENT_MEASURE,120 cm,3610 mV,32 C,0 Degree,60 Times,
5250,1346649,70B3D50070001777,1596912736139,FES Receiver,2020-08-08 20:52:16.327742,"['SS', 'Standalone', 'version_184']",70001777,SENS_EVENT_MEASURE,122 cm,3610 mV,30 C,0 Degree,61 Times,
5249,1347147,70B3D50070001777,1596916335949,FES Receiver,2020-08-08 21:52:16.142944,"['SS', 'Standalone', 'version_184']",70001777,SENS_EVENT_MEASURE,124 cm,3610 mV,29 C,0 Degree,62 Times,
5248,1347634,70B3D50070001777,1596919935720,FES Receiver,2020-08-08 22:52:15.901081,"['SS', 'Standalone', 'version_184']",70001777,SENS_EVENT_MEASURE,122 cm,3610 mV,27 C,1 Degree,63 Times,
5247,1348128,70B3D50070001777,1596923535589,FES Receiver,2020-08-08 23:52:15.767048,"['SS', 'Standalone', 'version_184']",70001777,SENS_EVENT_MEASURE,124 cm,3600 mV,28 C,0 Degree,64 Times,
5246,1348640,70B3D50070001777,1596927135439,FES Receiver,2020-08-09 00:52:15.613544,"['SS', 'Standalone', 'version_184']",70001777,SENS_EVENT_MEASURE,122 cm,3600 mV,25 C,0 Degree,65 Times,
5245,1349128,70B3D50070001777,1596930735172,FES Receiver,2020-08-09 01:52:15.341774,"['SS', 'Standalone', 'version_184']",70001777,SENS_EVENT_MEASURE,122 cm,3600 mV,24 C,1 Degree,66 Times,
5244,1349637,70B3D50070001777,1596934334978,FES Receiver,2020-08-09 02:52:15.144783,"['SS', 'Standalone', 'version_184']",70001777,SENS_EVENT_MEASURE,122 cm,3600 mV,25 C,0 Degree,67 Times,
5243,1350145,70B3D50070001777,1596937934809,FES Receiver,2020-08-09 03:52:14.971133,"['SS', 'Standalone', 'version_184']",70001777,SENS_EVENT_MEASURE,122 cm,3610 mV,24 C,0 Degree,68 Times,
5242,1351140,70B3D50070001777,1596945134452,FES Receiver,2020-08-09 05:52:14.614634,"['SS', 'Standalone', 'version_184']",70001777,SENS_EVENT_MEASURE,122 cm,3600 mV,21 C,1 Degree,70 Times,
5241,1351645,70B3D50070001777,1596948734299,FES Receiver,2020-08-09 06:52:14.463406,"['SS', 'Standalone', 'version_184']",70001777,SENS_EVENT_MEASURE,122 cm,3600 mV,23 C,0 Degree,71 Times,
5240,1352145,70B3D50070001777,1596952334128,FES Receiver,2020-08-09 07:52:14.276599,"['SS', 'Standalone', 'version_184']",70001777,SENS_EVENT_MEASURE,122 cm,3610 mV,23 C,1 Degree,72 Times,
5239,1352646,70B3D50070001777,1596955933878,FES Receiver,2020-08-09 08:52:14.022767,"['SS', 'Standalone', 'version_184']",70001777,SENS_EVENT_MEASURE,94 cm,3630 mV,30 C,1 Degree,73 Times,
5238,1353137,70B3D50070001777,1596959533926,FES Receiver,2020-08-09 09:52:14.066691,"['SS', 'Standalone', 'version_184']",70001777,SENS_EVENT_MEASURE,124 cm,3640 mV,41 C,0 Degree,74 Times,
5237,1353651,70B3D50070001777,1596963133778,FES Receiver,2020-08-09 10:52:13.915055,"['SS', 'Standalone', 'version_184']",70001777,SENS_EVENT_MEASURE,122 cm,3640 mV,46 C,0 Degree,75 Times,
5236,1355690,70B3D50070001777,1596977538458,FES Receiver,2020-08-09 14:52:18.662988,"['SS', 'Standalone', 'version_184']",70001777,SENS_EVENT_MEASURE,124 cm,3630 mV,42 C,0 Degree,79 Times,
5235,1356198,70B3D50070001777,1596981133308,FES Receiver,2020-08-09 15:52:13.425878,"['SS', 'Standalone', 'version_184']",70001777,SENS_EVENT_MEASURE,118 cm,3620 mV,41 C,0 Degree,80 Times,
5234,1357689,70B3D50070001777,1596991932757,FES Receiver,2020-08-09 18:52:12.865485,"['SS', 'Standalone', 'version_184']",70001777,SENS_EVENT_MEASURE,116 cm,3590 mV,30 C,0 Degree,83 Times,
5233,1358209,70B3D50070001777,1596995534249,FES Receiver,2020-08-09 19:52:14.443122,"['SS', 'Standalone', 'version_184']",70001777,SENS_EVENT_MEASURE,116 cm,3590 mV,25 C,0 Degree,84 Times,
5232,1358691,70B3D50070001777,1596999114079,FES Receiver,2020-08-09 20:51:54.269911,"['SS', 'Standalone', 'version_184']",70001777,SENS_EVENT_MEASURE,116 cm,3600 mV,25 C,1 Degree,85 Times,
5231,1359195,70B3D50070001777,1597002713911,FES Receiver,2020-08-09 21:51:54.097724,"['SS', 'Standalone', 'version_184']",70001777,SENS_EVENT_MEASURE,116 cm,3600 mV,28 C,0 Degree,86 Times,
5230,1360202,70B3D50070001777,1597009913549,FES Receiver,2020-08-09 23:51:53.729745,"['SS', 'Standalone', 'version_184']",70001777,SENS_EVENT_MEASURE,116 cm,3600 mV,27 C,0 Degree,88 Times,
5229,1360690,70B3D50070001777,1597013513359,FES Receiver,2020-08-10 00:51:53.533296,"['SS', 'Standalone', 'version_184']",70001777,SENS_EVENT_MEASURE,116 cm,3600 mV,21 C,0 Degree,89 Times,
5228,1361182,70B3D50070001777,1597017113169,FES Receiver,2020-08-10 01:51:53.34006,"['SS', 'Standalone', 'version_184']",70001777,SENS_EVENT_MEASURE,116 cm,3600 mV,21 C,0 Degree,90 Times,
5227,1361688,70B3D50070001777,1597020713018,FES Receiver,2020-08-10 02:51:53.186529,"['SS', 'Standalone', 'version_184']",70001777,SENS_EVENT_MEASURE,114 cm,3600 mV,20 C,0 Degree,91 Times,
5226,1362196,70B3D50070001777,1597024312847,FES Receiver,2020-08-10 03:51:53.012321,"['SS', 'Standalone', 'version_184']",70001777,SENS_EVENT_MEASURE,116 cm,3600 mV,22 C,0 Degree,92 Times,
5225,1362682,70B3D50070001777,1597027912658,FES Receiver,2020-08-10 04:51:52.817728,"['SS', 'Standalone', 'version_184']",70001777,SENS_EVENT_MEASURE,116 cm,3600 mV,23 C,0 Degree,93 Times,
5224,1363190,70B3D50070001777,1597031512488,FES Receiver,2020-08-10 05:51:52.643679,"['SS', 'Standalone', 'version_184']",70001777,SENS_EVENT_MEASURE,116 cm,3610 mV,23 C,2 Degree,94 Times,
5223,1363687,70B3D50070001777,1597035112317,FES Receiver,2020-08-10 06:51:52.480587,"['SS', 'Standalone', 'version_184']",70001777,SENS_EVENT_MEASURE,116 cm,3610 mV,26 C,1 Degree,95 Times,
5222,1364226,70B3D50070001777,1597038712235,FES Receiver,2020-08-10 07:51:52.383736,"['SS', 'Standalone', 'version_184']",70001777,SENS_EVENT_MEASURE,124 cm,3610 mV,24 C,0 Degree,96 Times,
5221,1364803,70B3D50070001777,1597042312117,FES Receiver,2020-08-10 08:51:52.266905,"['SS', 'Standalone', 'version_184']",70001777,SENS_EVENT_MEASURE,114 cm,3630 mV,29 C,0 Degree,97 Times,
5220,1365877,70B3D50070001777,1597049511840,FES Receiver,2020-08-10 10:51:51.98113,"['SS', 'Standalone', 'version_184']",70001777,SENS_EVENT_MEASURE,116 cm,3640 mV,42 C,0 Degree,99 Times,
5219,1366431,70B3D50070001777,1597053111586,FES Receiver,2020-08-10 11:51:51.72343,"['SS', 'Standalone', 'version_184']",70001777,SENS_EVENT_MEASURE,114 cm,3640 mV,46 C,0 Degree,100 Times,
5218,1366994,70B3D50070001777,1597056711617,FES Receiver,2020-08-10 12:51:51.749615,"['SS', 'Standalone', 'version_184']",70001777,SENS_EVENT_MEASURE,118 cm,3640 mV,50 C,0 Degree,101 Times,
5217,1367552,70B3D50070001777,1597060311313,FES Receiver,2020-08-10 13:51:51.437625,"['SS', 'Standalone', 'version_184']",70001777,SENS_EVENT_MEASURE,116 cm,3640 mV,45 C,0 Degree,102 Times,
5216,1368698,70B3D50070001777,1597067511188,FES Receiver,2020-08-10 15:51:51.307125,"['SS', 'Standalone', 'version_184']",70001777,SENS_EVENT_MEASURE,118 cm,3620 mV,35 C,0 Degree,104 Times,
5215,1369211,70B3D50070001777,1597071110998,FES Receiver,2020-08-10 16:51:51.109328,"['SS', 'Standalone', 'version_184']",70001777,SENS_EVENT_MEASURE,114 cm,3620 mV,34 C,1 Degree,105 Times,
5214,1369715,70B3D50070001777,1597074710727,FES Receiver,2020-08-10 17:51:50.83418,"['SS', 'Standalone', 'version_184']",70001777,SENS_EVENT_MEASURE,114 cm,3620 mV,33 C,0 Degree,106 Times,
5213,1370219,70B3D50070001777,1597078310618,FES Receiver,2020-08-10 18:51:50.721937,"['SS', 'Standalone', 'version_184']",70001777,SENS_EVENT_MEASURE,120 cm,3620 mV,32 C,1 Degree,107 Times,
5212,1370714,70B3D50070001777,1597081912141,FES Receiver,2020-08-10 19:51:52.304657,"['SS', 'Standalone', 'version_184']",70001777,SENS_EVENT_MEASURE,120 cm,3620 mV,32 C,0 Degree,108 Times,
5211,1371205,70B3D50070001777,1597085511970,FES Receiver,2020-08-10 20:51:52.129483,"['SS', 'Standalone', 'version_184']",70001777,SENS_EVENT_MEASURE,110 cm,3620 mV,29 C,1 Degree,109 Times,
5210,1371724,70B3D50070001777,1597089111781,FES Receiver,2020-08-10 21:51:51.93887,"['SS', 'Standalone', 'version_184']",70001777,SENS_EVENT_MEASURE,112 cm,3590 mV,28 C,0 Degree,110 Times,
5209,1372242,70B3D50070001777,1597092711609,FES Receiver,2020-08-10 22:51:51.76107,"['SS', 'Standalone', 'version_184']",70001777,SENS_EVENT_MEASURE,112 cm,3610 mV,28 C,0 Degree,111 Times,
5208,1372750,70B3D50070001777,1597096311420,FES Receiver,2020-08-10 23:51:51.567608,"['SS', 'Standalone', 'version_184']",70001777,SENS_EVENT_MEASURE,110 cm,3610 mV,25 C,0 Degree,112 Times,
5207,1373249,70B3D50070001777,1597099911250,FES Receiver,2020-08-11 00:51:51.393891,"['SS', 'Standalone', 'version_184']",70001777,SENS_EVENT_MEASURE,110 cm,3610 mV,27 C,0 Degree,113 Times,
5206,1373742,70B3D50070001777,1597103511073,FES Receiver,2020-08-11 01:51:51.212146,"['SS', 'Standalone', 'version_184']",70001777,SENS_EVENT_MEASURE,110 cm,3610 mV,26 C,0 Degree,114 Times,
5205,1374256,70B3D50070001777,1597107110890,FES Receiver,2020-08-11 02:51:51.026081,"['SS', 'Standalone', 'version_184']",70001777,SENS_EVENT_MEASURE,110 cm,3610 mV,23 C,0 Degree,115 Times,
5204,1374759,70B3D50070001777,1597110710719,FES Receiver,2020-08-11 03:51:50.852138,"['SS', 'Standalone', 'version_184']",70001777,SENS_EVENT_MEASURE,110 cm,3610 mV,24 C,0 Degree,116 Times,
5203,1375254,70B3D50070001777,1597114310547,FES Receiver,2020-08-11 04:51:50.674907,"['SS', 'Standalone', 'version_184']",70001777,SENS_EVENT_MEASURE,110 cm,3610 mV,23 C,0 Degree,117 Times,
5202,1375756,70B3D50070001777,1597117910358,FES Receiver,2020-08-11 05:51:50.482145,"['SS', 'Standalone', 'version_184']",70001777,SENS_EVENT_MEASURE,110 cm,3610 mV,22 C,0 Degree,118 Times,
5201,1376253,70B3D50070001777,1597121510088,FES Receiver,2020-08-11 06:51:50.20832,"['SS', 'Standalone', 'version_184']",70001777,SENS_EVENT_MEASURE,112 cm,3610 mV,22 C,1 Degree,119 Times,
5200,1376777,70B3D50070001777,1597125109916,FES Receiver,2020-08-11 07:51:50.033101,"['SS', 'Standalone', 'version_184']",70001777,SENS_EVENT_MEASURE,112 cm,3620 mV,23 C,0 Degree,120 Times,
5199,1377327,70B3D50070001777,1597128709847,FES Receiver,2020-08-11 08:51:49.959703,"['SS', 'Standalone', 'version_184']",70001777,SENS_EVENT_MEASURE,108 cm,3640 mV,30 C,0 Degree,121 Times,
5198,1377864,70B3D50070001777,1597132309737,FES Receiver,2020-08-11 09:51:49.844425,"['SS', 'Standalone', 'version_184']",70001777,SENS_EVENT_MEASURE,114 cm,3640 mV,39 C,0 Degree,122 Times,
5197,1378410,70B3D50070001777,1597135909427,FES Receiver,2020-08-11 10:51:49.534572,"['SS', 'Standalone', 'version_184']",70001777,SENS_EVENT_MEASURE,116 cm,3640 mV,42 C,0 Degree,123 Times,
5196,1378942,70B3D50070001777,1597139509318,FES Receiver,2020-08-11 11:51:49.418667,"['SS', 'Standalone', 'version_184']",70001777,SENS_EVENT_MEASURE,114 cm,3650 mV,45 C,0 Degree,124 Times,
5195,1379527,70B3D50070001777,1597143109327,FES Receiver,2020-08-11 12:51:49.423625,"['SS', 'Standalone', 'version_184']",70001777,SENS_EVENT_MEASURE,116 cm,3650 mV,49 C,0 Degree,125 Times,
5194,1380065,70B3D50070001777,1597146710471,FES Receiver,2020-08-11 13:51:49.351762,"['SS', 'Standalone', 'version_184']",70001777,SENS_EVENT_MEASURE,122 cm,3640 mV,49 C,1 Degree,126 Times,
5193,1380573,70B3D50070001777,1597150310213,FES Receiver,2020-08-11 14:51:49.078052,"['SS', 'Standalone', 'version_184']",70001777,SENS_EVENT_MEASURE,114 cm,3640 mV,42 C,0 Degree,127 Times,
5192,1381067,70B3D50070001777,1597153910096,FES Receiver,2020-08-11 15:51:48.944586,"['SS', 'Standalone', 'version_184']",70001777,SENS_EVENT_MEASURE,112 cm,3630 mV,37 C,1 Degree,128 Times,
5191,1381542,70B3D50070001777,1597157510037,FES Receiver,2020-08-11 16:51:48.865268,"['SS', 'Standalone', 'version_184']",70001777,SENS_EVENT_MEASURE,112 cm,3630 mV,37 C,0 Degree,129 Times,
5190,1381985,70B3D50070001777,1597161109817,FES Receiver,2020-08-11 17:51:48.6319,"['SS', 'Standalone', 'version_184']",70001777,SENS_EVENT_MEASURE,112 cm,3620 mV,35 C,1 Degree,130 Times,
5189,1382409,70B3D50070001777,1597164709576,FES Receiver,2020-08-11 18:51:48.378134,"['SS', 'Standalone', 'version_184']",70001777,SENS_EVENT_MEASURE,112 cm,3600 mV,26 C,0 Degree,131 Times,
5188,1382843,70B3D50070001777,1597168309381,FES Receiver,2020-08-11 19:51:49.950977,"['SS', 'Standalone', 'version_184']",70001777,SENS_EVENT_MEASURE,110 cm,3600 mV,25 C,1 Degree,132 Times,
5187,1383279,70B3D50070001777,1597171909374,FES Receiver,2020-08-11 20:51:49.930378,"['SS', 'Standalone', 'version_184']",70001777,SENS_EVENT_MEASURE,116 cm,3600 mV,25 C,0 Degree,133 Times,
5186,1383713,70B3D50070001777,1597175509073,FES Receiver,2020-08-11 21:51:49.61543,"['SS', 'Standalone', 'version_184']",70001777,SENS_EVENT_MEASURE,114 cm,3610 mV,24 C,0 Degree,134 Times,
5185,1384150,70B3D50070001777,1597179108993,FES Receiver,2020-08-11 22:51:49.521077,"['SS', 'Standalone', 'version_184']",70001777,SENS_EVENT_MEASURE,114 cm,3610 mV,24 C,0 Degree,135 Times,
5184,1384595,70B3D50070001777,1597182708814,FES Receiver,2020-08-11 23:51:49.32906,"['SS', 'Standalone', 'version_184']",70001777,SENS_EVENT_MEASURE,114 cm,3610 mV,23 C,1 Degree,136 Times,
5183,1385040,70B3D50070001777,1597186308572,FES Receiver,2020-08-12 00:51:49.072912,"['SS', 'Standalone', 'version_184']",70001777,SENS_EVENT_MEASURE,114 cm,3610 mV,23 C,0 Degree,137 Times,
5182,1385484,70B3D50070001777,1597189908491,FES Receiver,2020-08-12 01:51:48.97866,"['SS', 'Standalone', 'version_184']",70001777,SENS_EVENT_MEASURE,116 cm,3610 mV,25 C,0 Degree,138 Times,
5181,1385915,70B3D50070001777,1597193508330,FES Receiver,2020-08-12 02:51:48.80474,"['SS', 'Standalone', 'version_184']",70001777,SENS_EVENT_MEASURE,114 cm,3610 mV,23 C,0 Degree,139 Times,
5180,1386358,70B3D50070001777,1597197108149,FES Receiver,2020-08-12 03:51:48.61072,"['SS', 'Standalone', 'version_184']",70001777,SENS_EVENT_MEASURE,114 cm,3610 mV,23 C,0 Degree,140 Times,
5179,1386800,70B3D50070001777,1597200707909,FES Receiver,2020-08-12 04:51:48.355835,"['SS', 'Standalone', 'version_184']",70001777,SENS_EVENT_MEASURE,114 cm,3610 mV,22 C,1 Degree,141 Times,
5178,1387235,70B3D50070001777,1597204307669,FES Receiver,2020-08-12 05:51:48.103814,"['SS', 'Standalone', 'version_184']",70001777,SENS_EVENT_MEASURE,116 cm,3610 mV,24 C,0 Degree,142 Times,
5177,1387664,70B3D50070001777,1597207907647,FES Receiver,2020-08-12 06:51:48.068587,"['SS', 'Standalone', 'version_184']",70001777,SENS_EVENT_MEASURE,114 cm,3610 mV,22 C,0 Degree,143 Times,
5176,1388124,70B3D50070001777,1597211507506,FES Receiver,2020-08-12 07:51:47.912871,"['SS', 'Standalone', 'version_184']",70001777,SENS_EVENT_MEASURE,116 cm,3620 mV,24 C,0 Degree,144 Times,
5175,1388633,70B3D50070001777,1597215107325,FES Receiver,2020-08-12 08:51:47.718123,"['SS', 'Standalone', 'version_184']",70001777,SENS_EVENT_MEASURE,116 cm,3630 mV,29 C,0 Degree,145 Times,
5174,1389093,70B3D50070001777,1597218707046,FES Receiver,2020-08-12 09:51:47.426386,"['SS', 'Standalone', 'version_184']",70001777,SENS_EVENT_MEASURE,106 cm,3640 mV,35 C,0 Degree,146 Times,
5173,1389574,70B3D50070001777,1597222306943,FES Receiver,2020-08-12 10:51:47.311923,"['SS', 'Standalone', 'version_184']",70001777,SENS_EVENT_MEASURE,112 cm,3640 mV,41 C,0 Degree,147 Times,
5172,1390035,70B3D50070001777,1597225906781,FES Receiver,2020-08-12 11:51:47.135589,"['SS', 'Standalone', 'version_184']",70001777,SENS_EVENT_MEASURE,112 cm,3650 mV,45 C,0 Degree,148 Times,
5171,1390573,70B3D50070001777,1597229506661,FES Receiver,2020-08-12 12:51:47.00444,"['SS', 'Standalone', 'version_184']",70001777,SENS_EVENT_MEASURE,112 cm,3650 mV,47 C,0 Degree,149 Times,
5170,1391036,70B3D50070001777,1597233106559,FES Receiver,2020-08-12 13:51:46.889922,"['SS', 'Standalone', 'version_184']",70001777,SENS_EVENT_MEASURE,112 cm,3640 mV,47 C,0 Degree,150 Times,
5169,1391524,70B3D50070001777,1597236706438,FES Receiver,2020-08-12 14:51:46.753407,"['SS', 'Standalone', 'version_184']",70001777,SENS_EVENT_MEASURE,112 cm,3640 mV,40 C,0 Degree,151 Times,
5168,1392018,70B3D50070001777,1597240306375,FES Receiver,2020-08-12 15:51:46.683432,"['SS', 'Standalone', 'version_184']",70001777,SENS_EVENT_MEASURE,110 cm,3630 mV,34 C,0 Degree,152 Times,
5167,1392479,70B3D50070001777,1597243906154,FES Receiver,2020-08-12 16:51:46.449905,"['SS', 'Standalone', 'version_184']",70001777,SENS_EVENT_MEASURE,112 cm,3630 mV,32 C,0 Degree,153 Times,
5166,1392958,70B3D50070001777,1597247506091,FES Receiver,2020-08-12 17:51:46.369877,"['SS', 'Standalone', 'version_184']",70001777,SENS_EVENT_MEASURE,108 cm,3630 mV,32 C,1 Degree,154 Times,
5165,1393389,70B3D50070001777,1597251105791,FES Receiver,2020-08-12 18:51:46.058291,"['SS', 'Standalone', 'version_184']",70001777,SENS_EVENT_MEASURE,106 cm,3630 mV,30 C,1 Degree,155 Times,
5164,1393816,70B3D50070001777,1597254707540,FES Receiver,2020-08-12 19:51:47.734054,"['SS', 'Standalone', 'version_184']",70001777,SENS_EVENT_MEASURE,106 cm,3630 mV,30 C,0 Degree,156 Times,
5163,1394243,70B3D50070001777,1597258307288,FES Receiver,2020-08-12 20:51:47.467877,"['SS', 'Standalone', 'version_184']",70001777,SENS_EVENT_MEASURE,108 cm,3620 mV,30 C,0 Degree,157 Times,
5162,1394681,70B3D50070001777,1597261907187,FES Receiver,2020-08-12 21:51:47.35318,"['SS', 'Standalone', 'version_184']",70001777,SENS_EVENT_MEASURE,108 cm,3610 mV,28 C,0 Degree,158 Times,
5161,1395109,70B3D50070001777,1597265506945,FES Receiver,2020-08-12 22:51:47.098395,"['SS', 'Standalone', 'version_184']",70001777,SENS_EVENT_MEASURE,106 cm,3610 mV,23 C,0 Degree,159 Times,
5160,1395555,70B3D50070001777,1597269106785,FES Receiver,2020-08-12 23:51:46.925032,"['SS', 'Standalone', 'version_184']",70001777,SENS_EVENT_MEASURE,108 cm,3610 mV,26 C,0 Degree,160 Times,
5159,1395991,70B3D50070001777,1597272706604,FES Receiver,2020-08-13 00:51:46.732709,"['SS', 'Standalone', 'version_184']",70001777,SENS_EVENT_MEASURE,110 cm,3610 mV,25 C,0 Degree,161 Times,
5158,1396423,70B3D50070001777,1597276306523,FES Receiver,2020-08-13 01:51:46.633198,"['SS', 'Standalone', 'version_184']",70001777,SENS_EVENT_MEASURE,108 cm,3610 mV,23 C,0 Degree,162 Times,
5157,1396859,70B3D50070001777,1597279906341,FES Receiver,2020-08-13 02:51:46.44004,"['SS', 'Standalone', 'version_184']",70001777,SENS_EVENT_MEASURE,110 cm,3610 mV,23 C,0 Degree,163 Times,
5156,1397291,70B3D50070001777,1597283506199,FES Receiver,2020-08-13 03:51:46.283754,"['SS', 'Standalone', 'version_184']",70001777,SENS_EVENT_MEASURE,108 cm,3610 mV,23 C,1 Degree,164 Times,
5155,1397720,70B3D50070001777,1597287106038,FES Receiver,2020-08-13 04:51:46.110889,"['SS', 'Standalone', 'version_184']",70001777,SENS_EVENT_MEASURE,110 cm,3620 mV,21 C,0 Degree,165 Times,
5154,1398170,70B3D50070001777,1597290705856,FES Receiver,2020-08-13 05:51:45.91479,"['SS', 'Standalone', 'version_184']",70001777,SENS_EVENT_MEASURE,110 cm,3620 mV,21 C,0 Degree,166 Times,
5153,1398637,70B3D50070001777,1597294305694,FES Receiver,2020-08-13 06:51:45.740376,"['SS', 'Standalone', 'version_184']",70001777,SENS_EVENT_MEASURE,110 cm,3620 mV,25 C,0 Degree,167 Times,
5152,1399142,70B3D50070001777,1597297905531,FES Receiver,2020-08-13 07:51:46.509164,"['SS', 'Standalone', 'version_184']",70001777,SENS_EVENT_MEASURE,108 cm,3630 mV,25 C,1 Degree,168 Times,
5151,1399622,70B3D50070001777,1597301505351,FES Receiver,2020-08-13 08:51:46.328105,"['SS', 'Standalone', 'version_184']",70001777,SENS_EVENT_MEASURE,110 cm,3620 mV,25 C,0 Degree,169 Times,
5150,1400139,70B3D50070001777,1597305105110,FES Receiver,2020-08-13 09:51:46.087918,"['SS', 'Standalone', 'version_184']",70001777,SENS_EVENT_MEASURE,104 cm,3620 mV,22 C,0 Degree,170 Times,
5149,1400600,70B3D50070001777,1597308705027,FES Receiver,2020-08-13 10:51:46.004432,"['SS', 'Standalone', 'version_184']",70001777,SENS_EVENT_MEASURE,108 cm,3620 mV,22 C,0 Degree,171 Times,
5148,1401077,70B3D50070001777,1597312304766,FES Receiver,2020-08-13 11:51:45.743073,"['SS', 'Standalone', 'version_184']",70001777,SENS_EVENT_MEASURE,110 cm,3620 mV,23 C,0 Degree,172 Times,
5147,1401599,70B3D50070001777,1597315905739,FES Receiver,2020-08-13 12:51:45.46747,"['SS', 'Standalone', 'version_184']",70001777,SENS_EVENT_MEASURE,108 cm,3640 mV,29 C,0 Degree,173 Times,
5146,1402541,70B3D50070001777,1597323105386,FES Receiver,2020-08-13 14:51:45.120295,"['SS', 'Standalone', 'version_184']",70001777,SENS_EVENT_MEASURE,100 cm,3640 mV,28 C,0 Degree,175 Times,
5145,1403037,70B3D50070001777,1597326705040,FES Receiver,2020-08-13 15:51:44.770559,"['SS', 'Standalone', 'version_184']",70001777,SENS_EVENT_MEASURE,100 cm,3640 mV,29 C,0 Degree,176 Times,
5144,1403962,70B3D50070001777,1597333904747,FES Receiver,2020-08-13 17:51:44.475944,"['SS', 'Standalone', 'version_184']",70001777,SENS_EVENT_MEASURE,102 cm,3630 mV,28 C,0 Degree,178 Times,
5143,1404388,70B3D50070001777,1597337504581,FES Receiver,2020-08-13 18:51:44.312545,"['SS', 'Standalone', 'version_184']",70001777,SENS_EVENT_MEASURE,108 cm,3630 mV,27 C,0 Degree,179 Times,
5142,1404820,70B3D50070001777,1597341104415,FES Receiver,2020-08-13 19:51:44.146815,"['SS', 'Standalone', 'version_184']",70001777,SENS_EVENT_MEASURE,102 cm,3630 mV,27 C,0 Degree,180 Times,
5141,1405244,70B3D50070001777,1597344704229,FES Receiver,2020-08-13 20:51:43.956614,"['SS', 'Standalone', 'version_184']",70001777,SENS_EVENT_MEASURE,98 cm,3620 mV,23 C,0 Degree,181 Times,
5140,1405669,70B3D50070001777,1597348304043,FES Receiver,2020-08-13 21:51:43.771333,"['SS', 'Standalone', 'version_184']",70001777,SENS_EVENT_MEASURE,98 cm,3620 mV,23 C,0 Degree,182 Times,
5139,1406099,70B3D50070001777,1597351903875,FES Receiver,2020-08-13 22:51:43.604615,"['SS', 'Standalone', 'version_184']",70001777,SENS_EVENT_MEASURE,98 cm,3620 mV,25 C,0 Degree,183 Times,
5138,1406518,70B3D50070001777,1597355503710,FES Receiver,2020-08-13 23:51:43.436012,"['SS', 'Standalone', 'version_184']",70001777,SENS_EVENT_MEASURE,98 cm,3620 mV,24 C,0 Degree,184 Times,
5137,1406956,70B3D50070001777,1597359103524,FES Receiver,2020-08-14 00:51:43.250917,"['SS', 'Standalone', 'version_184']",70001777,SENS_EVENT_MEASURE,98 cm,3620 mV,24 C,0 Degree,185 Times,
5136,1407391,70B3D50070001777,1597362703357,FES Receiver,2020-08-14 01:51:43.084366,"['SS', 'Standalone', 'version_184']",70001777,SENS_EVENT_MEASURE,98 cm,3620 mV,25 C,0 Degree,186 Times,
5135,1407818,70B3D50070001777,1597366303191,FES Receiver,2020-08-14 02:51:42.918982,"['SS', 'Standalone', 'version_184']",70001777,SENS_EVENT_MEASURE,98 cm,3620 mV,21 C,0 Degree,187 Times,
5134,1408682,70B3D50070001777,1597373502859,FES Receiver,2020-08-14 04:51:42.586589,"['SS', 'Standalone', 'version_184']",70001777,SENS_EVENT_MEASURE,98 cm,3620 mV,22 C,0 Degree,189 Times,
5133,1409137,70B3D50070001777,1597377102673,FES Receiver,2020-08-14 05:51:42.615509,"['SS', 'Standalone', 'version_184']",70001777,SENS_EVENT_MEASURE,98 cm,3620 mV,23 C,1 Degree,190 Times,
5132,1409567,70B3D50070001777,1597380702466,FES Receiver,2020-08-14 06:51:42.193526,"['SS', 'Standalone', 'version_184']",70001777,SENS_EVENT_MEASURE,98 cm,3620 mV,21 C,0 Degree,191 Times,
5131,1410032,70B3D50070001777,1597384302280,FES Receiver,2020-08-14 07:51:42.00747,"['SS', 'Standalone', 'version_184']",70001777,SENS_EVENT_MEASURE,102 cm,3620 mV,22 C,0 Degree,192 Times,
5130,1410974,70B3D50070001777,1597391501868,FES Receiver,2020-08-14 09:51:41.596764,"['SS', 'Standalone', 'version_184']",70001777,SENS_EVENT_MEASURE,100 cm,3630 mV,24 C,0 Degree,194 Times,
5129,1411458,70B3D50070001777,1597395101682,FES Receiver,2020-08-14 10:51:41.408739,"['SS', 'Standalone', 'version_184']",70001777,SENS_EVENT_MEASURE,96 cm,3630 mV,24 C,0 Degree,195 Times,
5128,1412407,70B3D50070001777,1597402301329,FES Receiver,2020-08-14 12:51:41.056663,"['SS', 'Standalone', 'version_184']",70001777,SENS_EVENT_MEASURE,94 cm,3630 mV,26 C,0 Degree,197 Times,
5127,1412903,70B3D50070001777,1597405901143,FES Receiver,2020-08-14 13:51:40.870614,"['SS', 'Standalone', 'version_184']",70001777,SENS_EVENT_MEASURE,94 cm,3630 mV,24 C,0 Degree,198 Times,
5126,1413391,70B3D50070001777,1597409500977,FES Receiver,2020-08-14 14:51:40.70452,"['SS', 'Standalone', 'version_184']",70001777,SENS_EVENT_MEASURE,96 cm,3640 mV,28 C,1 Degree,199 Times,
5125,1413878,70B3D50070001777,1597413105871,FES Receiver,2020-08-14 15:51:45.601621,"['SS', 'Standalone', 'version_184']",70001777,SENS_EVENT_MEASURE,96 cm,3630 mV,25 C,0 Degree,200 Times,
5124,1414764,70B3D50070001777,1597420300438,FES Receiver,2020-08-14 17:51:40.165883,"['SS', 'Standalone', 'version_184']",70001777,SENS_EVENT_MEASURE,88 cm,3630 mV,23 C,0 Degree,202 Times,
5123,1415180,70B3D50070001777,1597423900252,FES Receiver,2020-08-14 18:51:39.98,"['SS', 'Standalone', 'version_184']",70001777,SENS_EVENT_MEASURE,88 cm,3620 mV,24 C,0 Degree,203 Times,
5122,1415603,70B3D50070001777,1597427502193,FES Receiver,2020-08-14 19:51:42.366858,"['SS', 'Standalone', 'version_184']",70001777,SENS_EVENT_MEASURE,88 cm,3620 mV,23 C,3 Degree,204 Times,
5121,1416466,70B3D50070001777,1597434701821,FES Receiver,2020-08-14 21:51:41.998898,"['SS', 'Standalone', 'version_184']",70001777,SENS_EVENT_MEASURE,88 cm,3620 mV,22 C,0 Degree,206 Times,
5120,1416896,70B3D50070001777,1597438301654,FES Receiver,2020-08-14 22:51:41.835709,"['SS', 'Standalone', 'version_184']",70001777,SENS_EVENT_MEASURE,88 cm,3620 mV,19 C,0 Degree,207 Times,
5119,1417331,70B3D50070001777,1597441901488,FES Receiver,2020-08-14 23:51:41.662519,"['SS', 'Standalone', 'version_184']",70001777,SENS_EVENT_MEASURE,88 cm,3620 mV,21 C,0 Degree,208 Times,
5118,1418166,70B3D50070001777,1597449101155,FES Receiver,2020-08-15 01:51:41.329699,"['SS', 'Standalone', 'version_184']",70001777,SENS_EVENT_MEASURE,88 cm,3620 mV,22 C,0 Degree,210 Times,
5117,1418592,70B3D50070001777,1597452700989,FES Receiver,2020-08-15 02:51:41.162521,"['SS', 'Standalone', 'version_184']",70001777,SENS_EVENT_MEASURE,88 cm,3620 mV,22 C,0 Degree,211 Times,
5116,1419029,70B3D50070001777,1597456300823,FES Receiver,2020-08-15 03:51:40.99713,"['SS', 'Standalone', 'version_184']",70001777,SENS_EVENT_MEASURE,88 cm,3620 mV,18 C,0 Degree,212 Times,
5115,1419458,70B3D50070001777,1597459900657,FES Receiver,2020-08-15 04:51:40.830765,"['SS', 'Standalone', 'version_184']",70001777,SENS_EVENT_MEASURE,88 cm,3610 mV,21 C,0 Degree,213 Times,
5114,1419895,70B3D50070001777,1597463500489,FES Receiver,2020-08-15 05:51:40.663758,"['SS', 'Standalone', 'version_184']",70001777,SENS_EVENT_MEASURE,88 cm,3620 mV,19 C,0 Degree,214 Times,
5113,1420325,70B3D50070001777,1597467100323,FES Receiver,2020-08-15 06:51:40.497886,"['SS', 'Standalone', 'version_184']",70001777,SENS_EVENT_MEASURE,88 cm,3620 mV,19 C,0 Degree,215 Times,
5112,1420758,70B3D50070001777,1597470700258,FES Receiver,2020-08-15 07:51:40.432117,"['SS', 'Standalone', 'version_184']",70001777,SENS_EVENT_MEASURE,86 cm,3620 mV,20 C,0 Degree,216 Times,
5111,1421186,70B3D50070001777,1597474300092,FES Receiver,2020-08-15 08:51:40.266164,"['SS', 'Standalone', 'version_184']",70001777,SENS_EVENT_MEASURE,86 cm,3620 mV,22 C,0 Degree,217 Times,
5110,1422050,70B3D50070001777,1597481499665,FES Receiver,2020-08-15 10:51:39.838668,"['SS', 'Standalone', 'version_184']",70001777,SENS_EVENT_MEASURE,84 cm,3640 mV,30 C,0 Degree,219 Times,
5109,1422928,70B3D50070001777,1597488699387,FES Receiver,2020-08-15 12:51:39.560424,"['SS', 'Standalone', 'version_184']",70001777,SENS_EVENT_MEASURE,90 cm,3650 mV,45 C,0 Degree,221 Times,
5108,1423783,70B3D50070001777,1597495899254,FES Receiver,2020-08-15 14:51:39.427975,"['SS', 'Standalone', 'version_184']",70001777,SENS_EVENT_MEASURE,86 cm,3640 mV,34 C,0 Degree,223 Times,
5107,1424221,70B3D50070001777,1597499499008,FES Receiver,2020-08-15 15:51:39.187511,"['SS', 'Standalone', 'version_184']",70001777,SENS_EVENT_MEASURE,84 cm,3630 mV,30 C,0 Degree,224 Times,
5106,1424626,70B3D50070001777,1597503098742,FES Receiver,2020-08-15 16:51:38.915601,"['SS', 'Standalone', 'version_184']",70001777,SENS_EVENT_MEASURE,80 cm,3620 mV,30 C,0 Degree,225 Times,
5105,1425050,70B3D50070001777,1597506698558,FES Receiver,2020-08-15 17:51:38.731757,"['SS', 'Standalone', 'version_184']",70001777,SENS_EVENT_MEASURE,80 cm,3620 mV,30 C,0 Degree,226 Times,
5104,1425481,70B3D50070001777,1597510298389,FES Receiver,2020-08-15 18:51:38.565058,"['SS', 'Standalone', 'version_184']",70001777,SENS_EVENT_MEASURE,80 cm,3620 mV,29 C,0 Degree,227 Times,
5103,1425906,70B3D50070001777,1597513899764,FES Receiver,2020-08-15 19:51:39.95241,"['SS', 'Standalone', 'version_184']",70001777,SENS_EVENT_MEASURE,80 cm,3610 mV,25 C,1 Degree,228 Times,
5102,1426339,70B3D50070001777,1597517499598,FES Receiver,2020-08-15 20:51:39.785042,"['SS', 'Standalone', 'version_184']",70001777,SENS_EVENT_MEASURE,80 cm,3600 mV,24 C,0 Degree,229 Times,
5101,1426762,70B3D50070001777,1597521099412,FES Receiver,2020-08-15 21:51:39.599768,"['SS', 'Standalone', 'version_184']",70001777,SENS_EVENT_MEASURE,80 cm,3600 mV,23 C,0 Degree,230 Times,
5100,1428906,70B3D50070001777,1597539098600,FES Receiver,2020-08-16 02:51:38.791284,"['SS', 'Standalone', 'version_184']",70001777,SENS_EVENT_MEASURE,82 cm,3600 mV,20 C,0 Degree,235 Times,
5099,1429341,70B3D50070001777,1597542698434,FES Receiver,2020-08-16 03:51:38.62658,"['SS', 'Standalone', 'version_184']",70001777,SENS_EVENT_MEASURE,82 cm,3600 mV,20 C,0 Degree,236 Times,
5098,1429767,70B3D50070001777,1597546298275,FES Receiver,2020-08-16 04:51:38.462118,"['SS', 'Standalone', 'version_184']",70001777,SENS_EVENT_MEASURE,82 cm,3600 mV,18 C,1 Degree,237 Times,
5097,1430200,70B3D50070001777,1597549898181,FES Receiver,2020-08-16 05:51:38.367985,"['SS', 'Standalone', 'version_184']",70001777,SENS_EVENT_MEASURE,82 cm,3600 mV,18 C,0 Degree,238 Times,
5096,1430633,70B3D50070001777,1597553498015,FES Receiver,2020-08-16 06:51:38.20168,"['SS', 'Standalone', 'version_184']",70001777,SENS_EVENT_MEASURE,82 cm,3600 mV,19 C,0 Degree,239 Times,
5095,1431497,70B3D50070001777,1597560697602,FES Receiver,2020-08-16 08:51:37.790047,"['SS', 'Standalone', 'version_184']",70001777,SENS_EVENT_MEASURE,86 cm,3630 mV,29 C,0 Degree,241 Times,
5094,1431925,70B3D50070001777,1597564297416,FES Receiver,2020-08-16 09:51:37.608158,"['SS', 'Standalone', 'version_184']",70001777,SENS_EVENT_MEASURE,86 cm,3640 mV,33 C,1 Degree,242 Times,
5093,1432354,70B3D50070001777,1597567897470,FES Receiver,2020-08-16 10:51:37.657811,"['SS', 'Standalone', 'version_184']",70001777,SENS_EVENT_MEASURE,80 cm,3650 mV,41 C,0 Degree,243 Times,
5092,1432794,70B3D50070001777,1597571497164,FES Receiver,2020-08-16 11:51:37.35208,"['SS', 'Standalone', 'version_184']",70001777,SENS_EVENT_MEASURE,78 cm,3650 mV,42 C,0 Degree,244 Times,
5091,1433666,70B3D50070001777,1597578697111,FES Receiver,2020-08-16 13:51:37.29812,"['SS', 'Standalone', 'version_184']",70001777,SENS_EVENT_MEASURE,80 cm,3640 mV,42 C,0 Degree,246 Times,
5090,1434087,70B3D50070001777,1597582296767,FES Receiver,2020-08-16 14:51:36.955885,"['SS', 'Standalone', 'version_184']",70001777,SENS_EVENT_MEASURE,78 cm,3630 mV,35 C,1 Degree,247 Times,
5089,1434550,70B3D50070001777,1597585896658,FES Receiver,2020-08-16 15:51:36.848283,"['SS', 'Standalone', 'version_184']",70001777,SENS_EVENT_MEASURE,78 cm,3620 mV,31 C,0 Degree,248 Times,
5088,1434987,70B3D50070001777,1597589496512,FES Receiver,2020-08-16 16:51:36.698896,"['SS', 'Standalone', 'version_184']",70001777,SENS_EVENT_MEASURE,76 cm,3620 mV,30 C,0 Degree,249 Times,
5087,1436684,70B3D50070001777,1597603897312,FES Receiver,2020-08-16 20:51:37.491813,"['SS', 'Standalone', 'version_184']",70001777,SENS_EVENT_MEASURE,74 cm,3620 mV,29 C,0 Degree,253 Times,
5086,1437116,70B3D50070001777,1597607497126,FES Receiver,2020-08-16 21:51:37.30523,"['SS', 'Standalone', 'version_184']",70001777,SENS_EVENT_MEASURE,74 cm,3610 mV,28 C,0 Degree,254 Times,
5085,1437532,70B3D50070001777,1597611096959,FES Receiver,2020-08-16 22:51:37.137808,"['SS', 'Standalone', 'version_184']",70001777,SENS_EVENT_MEASURE,74 cm,3610 mV,29 C,0 Degree,255 Times,
5084,1437970,70B3D50070001777,1597614696773,FES Receiver,2020-08-16 23:51:36.951693,"['SS', 'Standalone', 'version_184']",70001777,SENS_EVENT_MEASURE,74 cm,3610 mV,26 C,0 Degree,0 Times,
5083,1438400,70B3D50070001777,1597618296626,FES Receiver,2020-08-17 00:51:36.80618,"['SS', 'Standalone', 'version_184']",70001777,SENS_EVENT_MEASURE,74 cm,3610 mV,25 C,0 Degree,1 Times,
5082,1438826,70B3D50070001777,1597621896440,FES Receiver,2020-08-17 01:51:36.618968,"['SS', 'Standalone', 'version_184']",70001777,SENS_EVENT_MEASURE,74 cm,3610 mV,22 C,0 Degree,2 Times,
5081,1439262,70B3D50070001777,1597625496274,FES Receiver,2020-08-17 02:51:36.458591,"['SS', 'Standalone', 'version_184']",70001777,SENS_EVENT_MEASURE,74 cm,3600 mV,18 C,0 Degree,3 Times,
5080,1439705,70B3D50070001777,1597629096246,FES Receiver,2020-08-17 03:51:36.426238,"['SS', 'Standalone', 'version_184']",70001777,SENS_EVENT_MEASURE,74 cm,3600 mV,20 C,5 Degree,4 Times,
5079,1440140,70B3D50070001777,1597632696040,FES Receiver,2020-08-17 04:51:36.218727,"['SS', 'Standalone', 'version_184']",70001777,SENS_EVENT_MEASURE,74 cm,3600 mV,20 C,0 Degree,5 Times,
5078,1440588,70B3D50070001777,1597636295875,FES Receiver,2020-08-17 05:51:36.059196,"['SS', 'Standalone', 'version_184']",70001777,SENS_EVENT_MEASURE,76 cm,3600 mV,18 C,0 Degree,6 Times,
5077,1441070,70B3D50070001777,1597639895847,FES Receiver,2020-08-17 06:51:36.03433,"['SS', 'Standalone', 'version_184']",70001777,SENS_EVENT_MEASURE,74 cm,3600 mV,19 C,0 Degree,7 Times,
5076,1441560,70B3D50070001777,1597643495564,FES Receiver,2020-08-17 07:51:35.743753,"['SS', 'Standalone', 'version_184']",70001777,SENS_EVENT_MEASURE,74 cm,3610 mV,18 C,0 Degree,8 Times,
5075,1442090,70B3D50070001777,1597647095375,FES Receiver,2020-08-17 08:51:35.555359,"['SS', 'Standalone', 'version_184']",70001777,SENS_EVENT_MEASURE,74 cm,3610 mV,20 C,1 Degree,9 Times,
5074,1442580,70B3D50070001777,1597650695209,FES Receiver,2020-08-17 09:51:35.388437,"['SS', 'Standalone', 'version_184']",70001777,SENS_EVENT_MEASURE,74 cm,3610 mV,19 C,0 Degree,10 Times,
5073,1443122,70B3D50070001777,1597654295048,FES Receiver,2020-08-17 10:51:35.22837,"['SS', 'Standalone', 'version_184']",70001777,SENS_EVENT_MEASURE,74 cm,3610 mV,22 C,1 Degree,11 Times,
5072,1443634,70B3D50070001777,1597657894995,FES Receiver,2020-08-17 11:51:35.17495,"['SS', 'Standalone', 'version_184']",70001777,SENS_EVENT_MEASURE,122 cm,3620 mV,22 C,1 Degree,12 Times,
5071,1444201,70B3D50070001777,1597661494810,FES Receiver,2020-08-17 12:51:34.987781,"['SS', 'Standalone', 'version_184']",70001777,SENS_EVENT_MEASURE,122 cm,3630 mV,28 C,0 Degree,13 Times,
5070,1444748,70B3D50070001777,1597665094543,FES Receiver,2020-08-17 13:51:34.722421,"['SS', 'Standalone', 'version_184']",70001777,SENS_EVENT_MEASURE,122 cm,3640 mV,34 C,0 Degree,14 Times,
5069,1445131,70B3D50070001777,1597668694457,FES Receiver,2020-08-17 14:51:34.636961,"['SS', 'Standalone', 'version_184']",70001777,SENS_EVENT_MEASURE,122 cm,3640 mV,31 C,0 Degree,15 Times,
5068,1445676,70B3D50070001777,1597672294290,FES Receiver,2020-08-17 15:51:34.475658,"['SS', 'Standalone', 'version_184']",70001777,SENS_EVENT_MEASURE,122 cm,3630 mV,25 C,1 Degree,16 Times,
5067,1446198,70B3D50070001777,1597675894344,FES Receiver,2020-08-17 16:51:34.52335,"['SS', 'Standalone', 'version_184']",70001777,SENS_EVENT_MEASURE,122 cm,3630 mV,25 C,0 Degree,17 Times,
5066,1446651,70B3D50070001777,1597679494078,FES Receiver,2020-08-17 17:51:34.257191,"['SS', 'Standalone', 'version_184']",70001777,SENS_EVENT_MEASURE,122 cm,3630 mV,26 C,0 Degree,18 Times,
5065,1447594,70B3D50070001777,1597686695310,FES Receiver,2020-08-17 19:51:35.5092,"['SS', 'Standalone', 'version_184']",70001777,SENS_EVENT_MEASURE,122 cm,3630 mV,23 C,0 Degree,20 Times,
5064,1448041,70B3D50070001777,1597690295223,FES Receiver,2020-08-17 20:51:35.422039,"['SS', 'Standalone', 'version_184']",70001777,SENS_EVENT_MEASURE,122 cm,3620 mV,23 C,0 Degree,21 Times,
5063,1448485,70B3D50070001777,1597693894978,FES Receiver,2020-08-17 21:51:35.176488,"['SS', 'Standalone', 'version_184']",70001777,SENS_EVENT_MEASURE,122 cm,3620 mV,20 C,0 Degree,22 Times,
5062,1448904,70B3D50070001777,1597697494890,FES Receiver,2020-08-17 22:51:35.088638,"['SS', 'Standalone', 'version_184']",70001777,SENS_EVENT_MEASURE,120 cm,3620 mV,18 C,1 Degree,23 Times,
5061,1449372,70B3D50070001777,1597701094724,FES Receiver,2020-08-17 23:51:34.923292,"['SS', 'Standalone', 'version_184']",70001777,SENS_EVENT_MEASURE,122 cm,3620 mV,18 C,0 Degree,24 Times,
5060,1449818,70B3D50070001777,1597704694557,FES Receiver,2020-08-18 00:51:34.75644,"['SS', 'Standalone', 'version_184']",70001777,SENS_EVENT_MEASURE,122 cm,3620 mV,18 C,1 Degree,25 Times,
5059,1450252,70B3D50070001777,1597708294392,FES Receiver,2020-08-18 01:51:34.59134,"['SS', 'Standalone', 'version_184']",70001777,SENS_EVENT_MEASURE,122 cm,3620 mV,18 C,1 Degree,26 Times,
5058,1450692,70B3D50070001777,1597711894225,FES Receiver,2020-08-18 02:51:34.423575,"['SS', 'Standalone', 'version_184']",70001777,SENS_EVENT_MEASURE,120 cm,3620 mV,17 C,0 Degree,27 Times,
5057,1451122,70B3D50070001777,1597715494059,FES Receiver,2020-08-18 03:51:34.257438,"['SS', 'Standalone', 'version_184']",70001777,SENS_EVENT_MEASURE,122 cm,3620 mV,20 C,0 Degree,28 Times,
5056,1451563,70B3D50070001777,1597719093911,FES Receiver,2020-08-18 04:51:34.109972,"['SS', 'Standalone', 'version_184']",70001777,SENS_EVENT_MEASURE,122 cm,3620 mV,19 C,1 Degree,29 Times,
5055,1452000,70B3D50070001777,1597722693744,FES Receiver,2020-08-18 05:51:35.350248,"['SS', 'Standalone', 'version_184']",70001777,SENS_EVENT_MEASURE,122 cm,3620 mV,19 C,0 Degree,30 Times,
5054,1452444,70B3D50070001777,1597726293378,FES Receiver,2020-08-18 06:51:33.57809,"['SS', 'Standalone', 'version_184']",70001777,SENS_EVENT_MEASURE,122 cm,3620 mV,19 C,0 Degree,31 Times,
5053,1452918,70B3D50070001777,1597729893192,FES Receiver,2020-08-18 07:51:33.395534,"['SS', 'Standalone', 'version_184']",70001777,SENS_EVENT_MEASURE,122 cm,3620 mV,20 C,0 Degree,32 Times,
5052,1453424,70B3D50070001777,1597733493046,FES Receiver,2020-08-18 08:51:33.247489,"['SS', 'Standalone', 'version_184']",70001777,SENS_EVENT_MEASURE,122 cm,3630 mV,25 C,0 Degree,33 Times,
5051,1453915,70B3D50070001777,1597737092860,FES Receiver,2020-08-18 09:51:33.060744,"['SS', 'Standalone', 'version_184']",70001777,SENS_EVENT_MEASURE,124 cm,3640 mV,32 C,0 Degree,34 Times,
5050,1454859,70B3D50070001777,1597744292466,FES Receiver,2020-08-18 11:51:32.665122,"['SS', 'Standalone', 'version_184']",70001777,SENS_EVENT_MEASURE,124 cm,3650 mV,41 C,0 Degree,36 Times,
5049,1455364,70B3D50070001777,1597747892366,FES Receiver,2020-08-18 12:51:32.565977,"['SS', 'Standalone', 'version_184']",70001777,SENS_EVENT_MEASURE,122 cm,3640 mV,30 C,2 Degree,37 Times,
5048,1455899,70B3D50070001777,1597751492273,FES Receiver,2020-08-18 13:51:32.472946,"['SS', 'Standalone', 'version_184']",70001777,SENS_EVENT_MEASURE,124 cm,3640 mV,40 C,0 Degree,38 Times,
5047,1456386,70B3D50070001777,1597755092027,FES Receiver,2020-08-18 14:51:32.22561,"['SS', 'Standalone', 'version_184']",70001777,SENS_EVENT_MEASURE,122 cm,3640 mV,28 C,0 Degree,39 Times,
5046,1456915,70B3D50070001777,1597758691860,FES Receiver,2020-08-18 15:51:32.062917,"['SS', 'Standalone', 'version_184']",70001777,SENS_EVENT_MEASURE,122 cm,3630 mV,30 C,0 Degree,40 Times,
5045,1457414,70B3D50070001777,1597762291681,FES Receiver,2020-08-18 16:51:31.880196,"['SS', 'Standalone', 'version_184']",70001777,SENS_EVENT_MEASURE,122 cm,3640 mV,29 C,0 Degree,41 Times,
5044,1458328,70B3D50070001777,1597769491322,FES Receiver,2020-08-18 18:51:31.520703,"['SS', 'Standalone', 'version_184']",70001777,SENS_EVENT_MEASURE,122 cm,3610 mV,21 C,0 Degree,43 Times,
5043,1458758,70B3D50070001777,1597773092688,FES Receiver,2020-08-18 19:51:32.88963,"['SS', 'Standalone', 'version_184']",70001777,SENS_EVENT_MEASURE,122 cm,3610 mV,19 C,0 Degree,44 Times,
5042,1459200,70B3D50070001777,1597776692602,FES Receiver,2020-08-18 20:51:32.809514,"['SS', 'Standalone', 'version_184']",70001777,SENS_EVENT_MEASURE,122 cm,3610 mV,20 C,0 Degree,45 Times,
5041,1459652,70B3D50070001777,1597780292336,FES Receiver,2020-08-18 21:51:32.536454,"['SS', 'Standalone', 'version_184']",70001777,SENS_EVENT_MEASURE,122 cm,3610 mV,18 C,0 Degree,46 Times,
5040,1460106,70B3D50070001777,1597783892169,FES Receiver,2020-08-18 22:51:32.368718,"['SS', 'Standalone', 'version_184']",70001777,SENS_EVENT_MEASURE,120 cm,3610 mV,15 C,0 Degree,47 Times,
5039,1460548,70B3D50070001777,1597787492021,FES Receiver,2020-08-18 23:51:32.22272,"['SS', 'Standalone', 'version_184']",70001777,SENS_EVENT_MEASURE,120 cm,3600 mV,16 C,0 Degree,48 Times,
5038,1460977,70B3D50070001777,1597791091855,FES Receiver,2020-08-19 00:51:32.055679,"['SS', 'Standalone', 'version_184']",70001777,SENS_EVENT_MEASURE,122 cm,3600 mV,16 C,0 Degree,49 Times,
5037,1461428,70B3D50070001777,1597794691709,FES Receiver,2020-08-19 01:51:31.908953,"['SS', 'Standalone', 'version_184']",70001777,SENS_EVENT_MEASURE,122 cm,3610 mV,17 C,0 Degree,50 Times,
5036,1461869,70B3D50070001777,1597798291544,FES Receiver,2020-08-19 02:51:31.744024,"['SS', 'Standalone', 'version_184']",70001777,SENS_EVENT_MEASURE,122 cm,3600 mV,16 C,2 Degree,51 Times,
5035,1462763,70B3D50070001777,1597805491249,FES Receiver,2020-08-19 04:51:31.449638,"['SS', 'Standalone', 'version_184']",70001777,SENS_EVENT_MEASURE,122 cm,3610 mV,17 C,0 Degree,53 Times,
5034,1463222,70B3D50070001777,1597809091084,FES Receiver,2020-08-19 05:51:31.286574,"['SS', 'Standalone', 'version_184']",70001777,SENS_EVENT_MEASURE,122 cm,3600 mV,16 C,0 Degree,54 Times,
5033,1463675,70B3D50070001777,1597812690937,FES Receiver,2020-08-19 06:51:31.136567,"['SS', 'Standalone', 'version_184']",70001777,SENS_EVENT_MEASURE,122 cm,3600 mV,16 C,0 Degree,55 Times,
5032,1464183,70B3D50070001777,1597816290797,FES Receiver,2020-08-19 07:51:30.997042,"['SS', 'Standalone', 'version_184']",70001777,SENS_EVENT_MEASURE,122 cm,3610 mV,17 C,0 Degree,56 Times,
5031,1464758,70B3D50070001777,1597819870625,FES Receiver,2020-08-19 08:51:10.825893,"['SS', 'Standalone', 'version_184']",70001777,SENS_EVENT_MEASURE,122 cm,3630 mV,23 C,0 Degree,57 Times,
5030,1465257,70B3D50070001777,1597823470457,FES Receiver,2020-08-19 09:51:10.658927,"['SS', 'Standalone', 'version_184']",70001777,SENS_EVENT_MEASURE,122 cm,3640 mV,31 C,0 Degree,58 Times,
5029,1465758,70B3D50070001777,1597827070293,FES Receiver,2020-08-19 10:51:10.500089,"['SS', 'Standalone', 'version_184']",70001777,SENS_EVENT_MEASURE,122 cm,3650 mV,37 C,0 Degree,59 Times,
5028,1467233,70B3D50070001777,1597837869951,FES Receiver,2020-08-19 13:51:10.16335,"['SS', 'Standalone', 'version_184']",70001777,SENS_EVENT_MEASURE,120 cm,3650 mV,44 C,0 Degree,62 Times,
5027,1467683,70B3D50070001777,1597841469746,FES Receiver,2020-08-19 14:51:09.950333,"['SS', 'Standalone', 'version_184']",70001777,SENS_EVENT_MEASURE,120 cm,3640 mV,34 C,0 Degree,63 Times,
5026,1468225,70B3D50070001777,1597845069578,FES Receiver,2020-08-19 15:51:09.779769,"['SS', 'Standalone', 'version_184']",70001777,SENS_EVENT_MEASURE,120 cm,3630 mV,32 C,0 Degree,64 Times,
5025,1468800,70B3D50070001777,1597848669393,FES Receiver,2020-08-19 16:51:09.597682,"['SS', 'Standalone', 'version_184']",70001777,SENS_EVENT_MEASURE,120 cm,3620 mV,30 C,0 Degree,65 Times,
5024,1469326,70B3D50070001777,1597852269227,FES Receiver,2020-08-19 17:51:09.426893,"['SS', 'Standalone', 'version_184']",70001777,SENS_EVENT_MEASURE,122 cm,3620 mV,28 C,0 Degree,66 Times,
5023,1469774,70B3D50070001777,1597855869040,FES Receiver,2020-08-19 18:51:09.240933,"['SS', 'Standalone', 'version_184']",70001777,SENS_EVENT_MEASURE,122 cm,3620 mV,27 C,0 Degree,67 Times,
5022,1470231,70B3D50070001777,1597859470481,FES Receiver,2020-08-19 19:51:10.679377,"['SS', 'Standalone', 'version_184']",70001777,SENS_EVENT_MEASURE,122 cm,3610 mV,27 C,0 Degree,68 Times,
5021,1470677,70B3D50070001777,1597863070296,FES Receiver,2020-08-19 20:51:10.500155,"['SS', 'Standalone', 'version_184']",70001777,SENS_EVENT_MEASURE,122 cm,3610 mV,24 C,0 Degree,69 Times,
5020,1471121,70B3D50070001777,1597866670048,FES Receiver,2020-08-19 21:51:10.246148,"['SS', 'Standalone', 'version_184']",70001777,SENS_EVENT_MEASURE,120 cm,3610 mV,22 C,0 Degree,70 Times,
5019,1471561,70B3D50070001777,1597870269942,FES Receiver,2020-08-19 22:51:10.13996,"['SS', 'Standalone', 'version_184']",70001777,SENS_EVENT_MEASURE,122 cm,3610 mV,23 C,0 Degree,71 Times,
5018,1472014,70B3D50070001777,1597873869776,FES Receiver,2020-08-19 23:51:09.973915,"['SS', 'Standalone', 'version_184']",70001777,SENS_EVENT_MEASURE,120 cm,3600 mV,21 C,0 Degree,72 Times,
5017,1472455,70B3D50070001777,1597877469488,FES Receiver,2020-08-20 00:51:09.68608,"['SS', 'Standalone', 'version_184']",70001777,SENS_EVENT_MEASURE,122 cm,3610 mV,22 C,0 Degree,73 Times,
5016,1472915,70B3D50070001777,1597881069442,FES Receiver,2020-08-20 01:51:09.64516,"['SS', 'Standalone', 'version_184']",70001777,SENS_EVENT_MEASURE,122 cm,3610 mV,22 C,0 Degree,74 Times,
5015,1473350,70B3D50070001777,1597884669395,FES Receiver,2020-08-20 02:51:09.593257,"['SS', 'Standalone', 'version_184']",70001777,SENS_EVENT_MEASURE,122 cm,3600 mV,21 C,0 Degree,75 Times,
5014,1474209,70B3D50070001777,1597891869042,FES Receiver,2020-08-20 04:51:09.240696,"['SS', 'Standalone', 'version_184']",70001777,SENS_EVENT_MEASURE,122 cm,3610 mV,21 C,0 Degree,77 Times,
5013,1474656,70B3D50070001777,1597895468855,FES Receiver,2020-08-20 05:51:09.053631,"['SS', 'Standalone', 'version_184']",70001777,SENS_EVENT_MEASURE,120 cm,3610 mV,21 C,0 Degree,78 Times,
5012,1475089,70B3D50070001777,1597899068707,FES Receiver,2020-08-20 06:51:08.905644,"['SS', 'Standalone', 'version_184']",70001777,SENS_EVENT_MEASURE,122 cm,3610 mV,21 C,0 Degree,79 Times,
5011,1475559,70B3D50070001777,1597902668460,FES Receiver,2020-08-20 07:51:08.656819,"['SS', 'Standalone', 'version_184']",70001777,SENS_EVENT_MEASURE,114 cm,3610 mV,19 C,0 Degree,80 Times,
5010,1476095,70B3D50070001777,1597906268375,FES Receiver,2020-08-20 08:51:08.572338,"['SS', 'Standalone', 'version_184']",70001777,SENS_EVENT_MEASURE,122 cm,3620 mV,24 C,0 Degree,81 Times,
5009,1476645,70B3D50070001777,1597909868208,FES Receiver,2020-08-20 09:51:08.404725,"['SS', 'Standalone', 'version_184']",70001777,SENS_EVENT_MEASURE,122 cm,3630 mV,27 C,0 Degree,82 Times,
5008,1477125,70B3D50070001777,1597913467861,FES Receiver,2020-08-20 10:51:08.058727,"['SS', 'Standalone', 'version_184']",70001777,SENS_EVENT_MEASURE,122 cm,3640 mV,34 C,0 Degree,83 Times,
5007,1478090,70B3D50070001777,1597920667668,FES Receiver,2020-08-20 12:51:07.866618,"['SS', 'Standalone', 'version_184']",70001777,SENS_EVENT_MEASURE,128 cm,3650 mV,46 C,0 Degree,85 Times,
5006,1478585,70B3D50070001777,1597924267682,FES Receiver,2020-08-20 13:51:07.881975,"['SS', 'Standalone', 'version_184']",70001777,SENS_EVENT_MEASURE,128 cm,3650 mV,50 C,0 Degree,86 Times,
5005,1479054,70B3D50070001777,1597927867414,FES Receiver,2020-08-20 14:51:07.613427,"['SS', 'Standalone', 'version_184']",70001777,SENS_EVENT_MEASURE,118 cm,3630 mV,36 C,0 Degree,87 Times,
5004,1479573,70B3D50070001777,1597931467229,FES Receiver,2020-08-20 15:51:07.426606,"['SS', 'Standalone', 'version_184']",70001777,SENS_EVENT_MEASURE,128 cm,3630 mV,30 C,0 Degree,88 Times,
5003,1480086,70B3D50070001777,1597935067142,FES Receiver,2020-08-20 16:51:07.344552,"['SS', 'Standalone', 'version_184']",70001777,SENS_EVENT_MEASURE,118 cm,3630 mV,30 C,0 Degree,89 Times,
5002,1480945,70B3D50070001777,1597942266609,FES Receiver,2020-08-20 18:51:06.810358,"['SS', 'Standalone', 'version_184']",70001777,SENS_EVENT_MEASURE,114 cm,3620 mV,31 C,0 Degree,91 Times,
5001,1481381,70B3D50070001777,1597945868147,FES Receiver,2020-08-20 19:51:08.323821,"['SS', 'Standalone', 'version_184']",70001777,SENS_EVENT_MEASURE,114 cm,3620 mV,28 C,0 Degree,92 Times,
5000,1481816,70B3D50070001777,1597949468000,FES Receiver,2020-08-20 20:51:08.175011,"['SS', 'Standalone', 'version_184']",70001777,SENS_EVENT_MEASURE,116 cm,3620 mV,28 C,0 Degree,93 Times,
4999,1482259,70B3D50070001777,1597953067694,FES Receiver,2020-08-20 21:51:07.866995,"['SS', 'Standalone', 'version_184']",70001777,SENS_EVENT_MEASURE,116 cm,3610 mV,28 C,0 Degree,94 Times,
4998,1482674,70B3D50070001777,1597956667607,FES Receiver,2020-08-20 22:51:07.780875,"['SS', 'Standalone', 'version_184']",70001777,SENS_EVENT_MEASURE,116 cm,3610 mV,25 C,0 Degree,95 Times,
4997,1483111,70B3D50070001777,1597960267439,FES Receiver,2020-08-20 23:51:07.614035,"['SS', 'Standalone', 'version_184']",70001777,SENS_EVENT_MEASURE,118 cm,3610 mV,27 C,0 Degree,96 Times,
4996,1483550,70B3D50070001777,1597963867254,FES Receiver,2020-08-21 00:51:07.42871,"['SS', 'Standalone', 'version_184']",70001777,SENS_EVENT_MEASURE,116 cm,3610 mV,25 C,0 Degree,97 Times,
4995,1483987,70B3D50070001777,1597967467087,FES Receiver,2020-08-21 01:51:07.261803,"['SS', 'Standalone', 'version_184']",70001777,SENS_EVENT_MEASURE,118 cm,3610 mV,24 C,0 Degree,98 Times,
4994,1484430,70B3D50070001777,1597971066921,FES Receiver,2020-08-21 02:51:07.094783,"['SS', 'Standalone', 'version_184']",70001777,SENS_EVENT_MEASURE,116 cm,3610 mV,22 C,0 Degree,99 Times,
4993,1484872,70B3D50070001777,1597974666754,FES Receiver,2020-08-21 03:51:06.927988,"['SS', 'Standalone', 'version_184']",70001777,SENS_EVENT_MEASURE,118 cm,3610 mV,24 C,0 Degree,100 Times,
4992,1485313,70B3D50070001777,1597978266568,FES Receiver,2020-08-21 04:51:06.742533,"['SS', 'Standalone', 'version_184']",70001777,SENS_EVENT_MEASURE,116 cm,3610 mV,21 C,0 Degree,101 Times,
4991,1485761,70B3D50070001777,1597981866401,FES Receiver,2020-08-21 05:51:06.574937,"['SS', 'Standalone', 'version_184']",70001777,SENS_EVENT_MEASURE,116 cm,3610 mV,20 C,0 Degree,102 Times,
4990,1486199,70B3D50070001777,1597985466235,FES Receiver,2020-08-21 06:51:06.415724,"['SS', 'Standalone', 'version_184']",70001777,SENS_EVENT_MEASURE,116 cm,3610 mV,21 C,0 Degree,103 Times,
4989,1486679,70B3D50070001777,1597989065929,FES Receiver,2020-08-21 07:51:06.103094,"['SS', 'Standalone', 'version_184']",70001777,SENS_EVENT_MEASURE,118 cm,3610 mV,24 C,0 Degree,104 Times,
4988,1487226,70B3D50070001777,1597992665842,FES Receiver,2020-08-21 08:51:06.016023,"['SS', 'Standalone', 'version_184']",70001777,SENS_EVENT_MEASURE,118 cm,3630 mV,28 C,0 Degree,105 Times,
4987,1487679,70B3D50070001777,1597996265736,FES Receiver,2020-08-21 09:51:05.909563,"['SS', 'Standalone', 'version_184']",70001777,SENS_EVENT_MEASURE,120 cm,3640 mV,35 C,0 Degree,106 Times,
4986,1489110,70B3D50070001777,1598007065296,FES Receiver,2020-08-21 12:51:05.469443,"['SS', 'Standalone', 'version_184']",70001777,SENS_EVENT_MEASURE,122 cm,3640 mV,43 C,0 Degree,109 Times,
4985,1489592,70B3D50070001777,1598010665169,FES Receiver,2020-08-21 13:51:05.342158,"['SS', 'Standalone', 'version_184']",70001777,SENS_EVENT_MEASURE,120 cm,3640 mV,43 C,0 Degree,110 Times,
4984,1490039,70B3D50070001777,1598014265023,FES Receiver,2020-08-21 14:51:05.195939,"['SS', 'Standalone', 'version_184']",70001777,SENS_EVENT_MEASURE,120 cm,3640 mV,39 C,0 Degree,111 Times,
4983,1490952,70B3D50070001777,1598021464550,FES Receiver,2020-08-21 16:51:04.727664,"['SS', 'Standalone', 'version_184']",70001777,SENS_EVENT_MEASURE,114 cm,3630 mV,35 C,1 Degree,113 Times,
4982,1491383,70B3D50070001777,1598025064464,FES Receiver,2020-08-21 17:51:04.637699,"['SS', 'Standalone', 'version_184']",70001777,SENS_EVENT_MEASURE,110 cm,3630 mV,32 C,0 Degree,114 Times,
4981,1491807,70B3D50070001777,1598028664197,FES Receiver,2020-08-21 18:51:04.370407,"['SS', 'Standalone', 'version_184']",70001777,SENS_EVENT_MEASURE,120 cm,3630 mV,31 C,0 Degree,115 Times,
4980,1492669,70B3D50070001777,1598035865508,FES Receiver,2020-08-21 20:51:05.707243,"['SS', 'Standalone', 'version_184']",70001777,SENS_EVENT_MEASURE,108 cm,3620 mV,30 C,0 Degree,117 Times,
4979,1493106,70B3D50070001777,1598039465321,FES Receiver,2020-08-21 21:51:05.524093,"['SS', 'Standalone', 'version_184']",70001777,SENS_EVENT_MEASURE,112 cm,3610 mV,27 C,0 Degree,118 Times,
4978,1493958,70B3D50070001777,1598046664869,FES Receiver,2020-08-21 23:51:05.070725,"['SS', 'Standalone', 'version_184']",70001777,SENS_EVENT_MEASURE,104 cm,3610 mV,28 C,0 Degree,120 Times,
4977,1494388,70B3D50070001777,1598050264702,FES Receiver,2020-08-22 00:51:04.906374,"['SS', 'Standalone', 'version_184']",70001777,SENS_EVENT_MEASURE,106 cm,3610 mV,28 C,0 Degree,121 Times,
4976,1495250,70B3D50070001777,1598057464349,FES Receiver,2020-08-22 02:51:04.547635,"['SS', 'Standalone', 'version_184']",70001777,SENS_EVENT_MEASURE,104 cm,3600 mV,25 C,0 Degree,123 Times,
4975,1496102,70B3D50070001777,1598064664016,FES Receiver,2020-08-22 04:51:04.215266,"['SS', 'Standalone', 'version_184']",70001777,SENS_EVENT_MEASURE,104 cm,3600 mV,21 C,0 Degree,125 Times,
4974,1496523,70B3D50070001777,1598068263809,FES Receiver,2020-08-22 05:51:04.007972,"['SS', 'Standalone', 'version_184']",70001777,SENS_EVENT_MEASURE,106 cm,3600 mV,20 C,0 Degree,126 Times,
4973,1496951,70B3D50070001777,1598071863643,FES Receiver,2020-08-22 06:51:03.841554,"['SS', 'Standalone', 'version_184']",70001777,SENS_EVENT_MEASURE,106 cm,3600 mV,20 C,0 Degree,127 Times,
4972,1497401,70B3D50070001777,1598075463595,FES Receiver,2020-08-22 07:51:03.793004,"['SS', 'Standalone', 'version_184']",70001777,SENS_EVENT_MEASURE,104 cm,3600 mV,20 C,0 Degree,128 Times,
4971,1497843,70B3D50070001777,1598079063430,FES Receiver,2020-08-22 08:51:03.628524,"['SS', 'Standalone', 'version_184']",70001777,SENS_EVENT_MEASURE,104 cm,3610 mV,20 C,0 Degree,129 Times,
4970,1498727,70B3D50070001777,1598086263077,FES Receiver,2020-08-22 10:51:03.274903,"['SS', 'Standalone', 'version_184']",70001777,SENS_EVENT_MEASURE,100 cm,3610 mV,22 C,0 Degree,131 Times,
4969,1499162,70B3D50070001777,1598089862909,FES Receiver,2020-08-22 11:51:03.107195,"['SS', 'Standalone', 'version_184']",70001777,SENS_EVENT_MEASURE,100 cm,3620 mV,24 C,0 Degree,132 Times,
4968,1499600,70B3D50070001777,1598093462764,FES Receiver,2020-08-22 12:51:02.961902,"['SS', 'Standalone', 'version_184']",70001777,SENS_EVENT_MEASURE,98 cm,3640 mV,32 C,1 Degree,133 Times,
4967,1500922,70B3D50070001777,1598104262204,FES Receiver,2020-08-22 15:51:02.404058,"['SS', 'Standalone', 'version_184']",70001777,SENS_EVENT_MEASURE,94 cm,3630 mV,26 C,0 Degree,136 Times,
4966,1501363,70B3D50070001777,1598107861957,FES Receiver,2020-08-22 16:51:02.160445,"['SS', 'Standalone', 'version_184']",70001777,SENS_EVENT_MEASURE,92 cm,3630 mV,28 C,0 Degree,137 Times,
4965,1501796,70B3D50070001777,1598111461771,FES Receiver,2020-08-22 17:51:01.970066,"['SS', 'Standalone', 'version_184']",70001777,SENS_EVENT_MEASURE,92 cm,3620 mV,29 C,0 Degree,138 Times,
4964,1502215,70B3D50070001777,1598115061685,FES Receiver,2020-08-22 18:51:01.885953,"['SS', 'Standalone', 'version_184']",70001777,SENS_EVENT_MEASURE,92 cm,3620 mV,29 C,0 Degree,139 Times,
4963,1502646,70B3D50070001777,1598118663017,FES Receiver,2020-08-22 19:51:03.212533,"['SS', 'Standalone', 'version_184']",70001777,SENS_EVENT_MEASURE,92 cm,3620 mV,25 C,0 Degree,140 Times,
4962,1503074,70B3D50070001777,1598122262931,FES Receiver,2020-08-22 20:51:03.124885,"['SS', 'Standalone', 'version_184']",70001777,SENS_EVENT_MEASURE,94 cm,3600 mV,25 C,0 Degree,141 Times,
4961,1503510,70B3D50070001777,1598125862763,FES Receiver,2020-08-22 21:51:02.958201,"['SS', 'Standalone', 'version_184']",70001777,SENS_EVENT_MEASURE,94 cm,3610 mV,22 C,0 Degree,142 Times,
4960,1503937,70B3D50070001777,1598129462560,FES Receiver,2020-08-22 22:51:02.754456,"['SS', 'Standalone', 'version_184']",70001777,SENS_EVENT_MEASURE,94 cm,3610 mV,24 C,0 Degree,143 Times,
4959,1504376,70B3D50070001777,1598133062412,FES Receiver,2020-08-22 23:51:02.606443,"['SS', 'Standalone', 'version_184']",70001777,SENS_EVENT_MEASURE,94 cm,3610 mV,22 C,0 Degree,144 Times,
4958,1504802,70B3D50070001777,1598136662246,FES Receiver,2020-08-23 00:51:02.439429,"['SS', 'Standalone', 'version_184']",70001777,SENS_EVENT_MEASURE,94 cm,3610 mV,24 C,0 Degree,145 Times,
4957,1505239,70B3D50070001777,1598140261959,FES Receiver,2020-08-23 01:51:02.156413,"['SS', 'Standalone', 'version_184']",70001777,SENS_EVENT_MEASURE,88 cm,3610 mV,24 C,0 Degree,146 Times,
4956,1505671,70B3D50070001777,1598143861792,FES Receiver,2020-08-23 02:51:01.991924,"['SS', 'Standalone', 'version_184']",70001777,SENS_EVENT_MEASURE,88 cm,3610 mV,20 C,0 Degree,147 Times,
4955,1506108,70B3D50070001777,1598147461646,FES Receiver,2020-08-23 03:51:01.839709,"['SS', 'Standalone', 'version_184']",70001777,SENS_EVENT_MEASURE,88 cm,3600 mV,20 C,0 Degree,148 Times,
4954,1506556,70B3D50070001777,1598151061480,FES Receiver,2020-08-23 04:51:01.673607,"['SS', 'Standalone', 'version_184']",70001777,SENS_EVENT_MEASURE,88 cm,3610 mV,20 C,0 Degree,149 Times,
4953,1506995,70B3D50070001777,1598154661313,FES Receiver,2020-08-23 05:51:01.507355,"['SS', 'Standalone', 'version_184']",70001777,SENS_EVENT_MEASURE,88 cm,3600 mV,19 C,0 Degree,150 Times,
4952,1507439,70B3D50070001777,1598158261145,FES Receiver,2020-08-23 06:51:01.338911,"['SS', 'Standalone', 'version_184']",70001777,SENS_EVENT_MEASURE,88 cm,3610 mV,19 C,0 Degree,151 Times,
4951,1508327,70B3D50070001777,1598165460916,FES Receiver,2020-08-23 08:51:01.113503,"['SS', 'Standalone', 'version_184']",70001777,SENS_EVENT_MEASURE,90 cm,3610 mV,21 C,0 Degree,153 Times,
4950,1508777,70B3D50070001777,1598169060727,FES Receiver,2020-08-23 09:51:00.921283,"['SS', 'Standalone', 'version_184']",70001777,SENS_EVENT_MEASURE,92 cm,3610 mV,23 C,0 Degree,154 Times,
4949,1509221,70B3D50070001777,1598172660581,FES Receiver,2020-08-23 10:51:00.777757,"['SS', 'Standalone', 'version_184']",70001777,SENS_EVENT_MEASURE,92 cm,3640 mV,30 C,0 Degree,155 Times,
4948,1510110,70B3D50070001777,1598179860228,FES Receiver,2020-08-23 12:51:00.422151,"['SS', 'Standalone', 'version_184']",70001777,SENS_EVENT_MEASURE,92 cm,3640 mV,40 C,0 Degree,157 Times,
4947,1510993,70B3D50070001777,1598187059855,FES Receiver,2020-08-23 14:51:00.049945,"['SS', 'Standalone', 'version_184']",70001777,SENS_EVENT_MEASURE,92 cm,3640 mV,32 C,0 Degree,159 Times,
4946,1511434,70B3D50070001777,1598190659769,FES Receiver,2020-08-23 15:50:59.962865,"['SS', 'Standalone', 'version_184']",70001777,SENS_EVENT_MEASURE,92 cm,3620 mV,27 C,0 Degree,160 Times,
4945,1511881,70B3D50070001777,1598194264563,FES Receiver,2020-08-23 16:51:04.75979,"['SS', 'Standalone', 'version_184']",70001777,SENS_EVENT_MEASURE,92 cm,3620 mV,26 C,0 Degree,161 Times,
4944,1512739,70B3D50070001777,1598201459230,FES Receiver,2020-08-23 18:50:59.423528,"['SS', 'Standalone', 'version_184']",70001777,SENS_EVENT_MEASURE,92 cm,3610 mV,25 C,0 Degree,163 Times,
4943,1513178,70B3D50070001777,1598205060671,FES Receiver,2020-08-23 19:51:00.858324,"['SS', 'Standalone', 'version_184']",70001777,SENS_EVENT_MEASURE,88 cm,3610 mV,25 C,0 Degree,164 Times,
4942,1514462,70B3D50070001777,1598215860148,FES Receiver,2020-08-23 22:51:00.334807,"['SS', 'Standalone', 'version_184']",70001777,SENS_EVENT_MEASURE,90 cm,3600 mV,18 C,0 Degree,167 Times,
4941,1514894,70B3D50070001777,1598219460001,FES Receiver,2020-08-23 23:51:00.188036,"['SS', 'Standalone', 'version_184']",70001777,SENS_EVENT_MEASURE,92 cm,3600 mV,18 C,0 Degree,168 Times,
4940,1515330,70B3D50070001777,1598223059835,FES Receiver,2020-08-24 00:51:00.023576,"['SS', 'Standalone', 'version_184']",70001777,SENS_EVENT_MEASURE,90 cm,3600 mV,15 C,0 Degree,169 Times,
4939,1515775,70B3D50070001777,1598226659668,FES Receiver,2020-08-24 01:50:59.854908,"['SS', 'Standalone', 'version_184']",70001777,SENS_EVENT_MEASURE,90 cm,3580 mV,19 C,0 Degree,170 Times,
4938,1516626,70B3D50070001777,1598233859355,FES Receiver,2020-08-24 03:50:59.542665,"['SS', 'Standalone', 'version_184']",70001777,SENS_EVENT_MEASURE,90 cm,3600 mV,16 C,0 Degree,172 Times,
4937,1517069,70B3D50070001777,1598237459189,FES Receiver,2020-08-24 04:50:59.380646,"['SS', 'Standalone', 'version_184']",70001777,SENS_EVENT_MEASURE,90 cm,3600 mV,16 C,0 Degree,173 Times,
4936,1517504,70B3D50070001777,1598241059043,FES Receiver,2020-08-24 05:50:59.235038,"['SS', 'Standalone', 'version_184']",70001777,SENS_EVENT_MEASURE,90 cm,3600 mV,16 C,0 Degree,174 Times,
4935,1517948,70B3D50070001777,1598244658877,FES Receiver,2020-08-24 06:50:59.065851,"['SS', 'Standalone', 'version_184']",70001777,SENS_EVENT_MEASURE,90 cm,3600 mV,17 C,0 Degree,175 Times,
4934,1518418,70B3D50070001777,1598248258630,FES Receiver,2020-08-24 07:50:58.816938,"['SS', 'Standalone', 'version_184']",70001777,SENS_EVENT_MEASURE,86 cm,3610 mV,19 C,0 Degree,176 Times,
4933,1518884,70B3D50070001777,1598251858464,FES Receiver,2020-08-24 08:50:58.651396,"['SS', 'Standalone', 'version_184']",70001777,SENS_EVENT_MEASURE,86 cm,3610 mV,20 C,1 Degree,177 Times,
4932,1519344,70B3D50070001777,1598255458238,FES Receiver,2020-08-24 09:50:58.425624,"['SS', 'Standalone', 'version_184']",70001777,SENS_EVENT_MEASURE,86 cm,3620 mV,20 C,0 Degree,178 Times,
4931,1519807,70B3D50070001777,1598259058210,FES Receiver,2020-08-24 10:50:58.396485,"['SS', 'Standalone', 'version_184']",70001777,SENS_EVENT_MEASURE,86 cm,3630 mV,27 C,0 Degree,179 Times,
4930,1520267,70B3D50070001777,1598262657885,FES Receiver,2020-08-24 11:50:58.072472,"['SS', 'Standalone', 'version_184']",70001777,SENS_EVENT_MEASURE,84 cm,3640 mV,27 C,0 Degree,180 Times,
4929,1520726,70B3D50070001777,1598266257758,FES Receiver,2020-08-24 12:50:57.945007,"['SS', 'Standalone', 'version_184']",70001777,SENS_EVENT_MEASURE,84 cm,3630 mV,29 C,0 Degree,181 Times,
4928,1521205,70B3D50070001777,1598269857593,FES Receiver,2020-08-24 13:50:57.780614,"['SS', 'Standalone', 'version_184']",70001777,SENS_EVENT_MEASURE,84 cm,3630 mV,30 C,0 Degree,182 Times,
4927,1521661,70B3D50070001777,1598273457405,FES Receiver,2020-08-24 14:50:57.592758,"['SS', 'Standalone', 'version_184']",70001777,SENS_EVENT_MEASURE,84 cm,3640 mV,30 C,0 Degree,183 Times,
4926,1522155,70B3D50070001777,1598277057219,FES Receiver,2020-08-24 15:50:57.405239,"['SS', 'Standalone', 'version_184']",70001777,SENS_EVENT_MEASURE,86 cm,3640 mV,29 C,0 Degree,184 Times,
4925,1522660,70B3D50070001777,1598280657038,FES Receiver,2020-08-24 16:50:57.231696,"['SS', 'Standalone', 'version_184']",70001777,SENS_EVENT_MEASURE,86 cm,3630 mV,28 C,0 Degree,185 Times,
4924,1523120,70B3D50070001777,1598284256925,FES Receiver,2020-08-24 17:50:57.11338,"['SS', 'Standalone', 'version_184']",70001777,SENS_EVENT_MEASURE,86 cm,3630 mV,24 C,0 Degree,186 Times,
4923,1523562,70B3D50070001777,1598287856740,FES Receiver,2020-08-24 18:50:56.926633,"['SS', 'Standalone', 'version_184']",70001777,SENS_EVENT_MEASURE,86 cm,3620 mV,23 C,1 Degree,187 Times,
4922,1524006,70B3D50070001777,1598291458183,FES Receiver,2020-08-24 19:50:58.378369,"['SS', 'Standalone', 'version_184']",70001777,SENS_EVENT_MEASURE,86 cm,3620 mV,23 C,0 Degree,188 Times,
4921,1524450,70B3D50070001777,1598295057995,FES Receiver,2020-08-24 20:50:58.191857,"['SS', 'Standalone', 'version_184']",70001777,SENS_EVENT_MEASURE,86 cm,3610 mV,20 C,0 Degree,189 Times,
4920,1524894,70B3D50070001777,1598298657930,FES Receiver,2020-08-24 21:50:58.12672,"['SS', 'Standalone', 'version_184']",70001777,SENS_EVENT_MEASURE,86 cm,3610 mV,19 C,0 Degree,190 Times,
4919,1525347,70B3D50070001777,1598302257764,FES Receiver,2020-08-24 22:50:57.961223,"['SS', 'Standalone', 'version_184']",70001777,SENS_EVENT_MEASURE,86 cm,3610 mV,18 C,0 Degree,191 Times,
4918,1525805,70B3D50070001777,1598305857603,FES Receiver,2020-08-24 23:50:57.799987,"['SS', 'Standalone', 'version_184']",70001777,SENS_EVENT_MEASURE,86 cm,3610 mV,18 C,0 Degree,192 Times,
4917,1526246,70B3D50070001777,1598309457431,FES Receiver,2020-08-25 00:50:57.627705,"['SS', 'Standalone', 'version_184']",70001777,SENS_EVENT_MEASURE,86 cm,3610 mV,19 C,0 Degree,193 Times,
4916,1526711,70B3D50070001777,1598313057284,FES Receiver,2020-08-25 01:50:57.481053,"['SS', 'Standalone', 'version_184']",70001777,SENS_EVENT_MEASURE,88 cm,3610 mV,18 C,0 Degree,194 Times,
4915,1527163,70B3D50070001777,1598316657118,FES Receiver,2020-08-25 02:50:57.314769,"['SS', 'Standalone', 'version_184']",70001777,SENS_EVENT_MEASURE,86 cm,3600 mV,17 C,0 Degree,195 Times,
4914,1527622,70B3D50070001777,1598320256971,FES Receiver,2020-08-25 03:50:57.169098,"['SS', 'Standalone', 'version_184']",70001777,SENS_EVENT_MEASURE,86 cm,3610 mV,17 C,0 Degree,196 Times,
4913,1528077,70B3D50070001777,1598323856805,FES Receiver,2020-08-25 04:50:57.001185,"['SS', 'Standalone', 'version_184']",70001777,SENS_EVENT_MEASURE,86 cm,3600 mV,17 C,0 Degree,197 Times,
4912,1528522,70B3D50070001777,1598327456639,FES Receiver,2020-08-25 05:50:56.846739,"['SS', 'Standalone', 'version_184']",70001777,SENS_EVENT_MEASURE,86 cm,3610 mV,16 C,0 Degree,198 Times,
4911,1529000,70B3D50070001777,1598331056613,FES Receiver,2020-08-25 06:50:56.810397,"['SS', 'Standalone', 'version_184']",70001777,SENS_EVENT_MEASURE,86 cm,3610 mV,17 C,0 Degree,199 Times,
4910,1529483,70B3D50070001777,1598334656427,FES Receiver,2020-08-25 07:50:56.628158,"['SS', 'Standalone', 'version_184']",70001777,SENS_EVENT_MEASURE,80 cm,3610 mV,15 C,1 Degree,200 Times,
4909,1530008,70B3D50070001777,1598338256141,FES Receiver,2020-08-25 08:50:56.340203,"['SS', 'Standalone', 'version_184']",70001777,SENS_EVENT_MEASURE,80 cm,3630 mV,23 C,0 Degree,201 Times,
4908,1530959,70B3D50070001777,1598345455827,FES Receiver,2020-08-25 10:50:56.022901,"['SS', 'Standalone', 'version_184']",70001777,SENS_EVENT_MEASURE,78 cm,3630 mV,27 C,0 Degree,203 Times,
4907,1531449,70B3D50070001777,1598349055640,FES Receiver,2020-08-25 11:50:55.836563,"['SS', 'Standalone', 'version_184']",70001777,SENS_EVENT_MEASURE,78 cm,3640 mV,29 C,0 Degree,204 Times,
4906,1532458,70B3D50070001777,1598356255289,FES Receiver,2020-08-25 13:50:55.484479,"['SS', 'Standalone', 'version_184']",70001777,SENS_EVENT_MEASURE,78 cm,3640 mV,28 C,0 Degree,206 Times,
4905,1532908,70B3D50070001777,1598359855121,FES Receiver,2020-08-25 14:50:55.317072,"['SS', 'Standalone', 'version_184']",70001777,SENS_EVENT_MEASURE,76 cm,3640 mV,25 C,0 Degree,207 Times,
4904,1533423,70B3D50070001777,1598363454936,FES Receiver,2020-08-25 15:50:55.132039,"['SS', 'Standalone', 'version_184']",70001777,SENS_EVENT_MEASURE,76 cm,3630 mV,27 C,0 Degree,208 Times,
4903,1533921,70B3D50070001777,1598367054710,FES Receiver,2020-08-25 16:50:54.90921,"['SS', 'Standalone', 'version_184']",70001777,SENS_EVENT_MEASURE,76 cm,3630 mV,24 C,0 Degree,209 Times,
4902,1534423,70B3D50070001777,1598370654585,FES Receiver,2020-08-25 17:50:54.781463,"['SS', 'Standalone', 'version_184']",70001777,SENS_EVENT_MEASURE,76 cm,3630 mV,20 C,0 Degree,210 Times,
4901,1534874,70B3D50070001777,1598374254398,FES Receiver,2020-08-25 18:50:54.593454,"['SS', 'Standalone', 'version_184']",70001777,SENS_EVENT_MEASURE,78 cm,3630 mV,22 C,0 Degree,211 Times,
4900,1535775,70B3D50070001777,1598381455596,FES Receiver,2020-08-25 20:50:55.793222,"['SS', 'Standalone', 'version_184']",70001777,SENS_EVENT_MEASURE,76 cm,3620 mV,20 C,0 Degree,213 Times,
4899,1536220,70B3D50070001777,1598385055590,FES Receiver,2020-08-25 21:50:55.788797,"['SS', 'Standalone', 'version_184']",70001777,SENS_EVENT_MEASURE,66 cm,3620 mV,19 C,0 Degree,214 Times,
4898,1536650,70B3D50070001777,1598388655404,FES Receiver,2020-08-25 22:50:55.599915,"['SS', 'Standalone', 'version_184']",70001777,SENS_EVENT_MEASURE,66 cm,3610 mV,19 C,0 Degree,215 Times,
4897,1537109,70B3D50070001777,1598392255263,FES Receiver,2020-08-25 23:50:55.459351,"['SS', 'Standalone', 'version_184']",70001777,SENS_EVENT_MEASURE,66 cm,3610 mV,18 C,0 Degree,216 Times,
4896,1537548,70B3D50070001777,1598395855110,FES Receiver,2020-08-26 00:50:55.306902,"['SS', 'Standalone', 'version_184']",70001777,SENS_EVENT_MEASURE,68 cm,3610 mV,20 C,0 Degree,217 Times,
4895,1537989,70B3D50070001777,1598399454945,FES Receiver,2020-08-26 01:50:55.141187,"['SS', 'Standalone', 'version_184']",70001777,SENS_EVENT_MEASURE,66 cm,3610 mV,16 C,0 Degree,218 Times,
4894,1538426,70B3D50070001777,1598403054779,FES Receiver,2020-08-26 02:50:54.976908,"['SS', 'Standalone', 'version_184']",70001777,SENS_EVENT_MEASURE,66 cm,3610 mV,16 C,0 Degree,219 Times,
4893,1538875,70B3D50070001777,1598406654632,FES Receiver,2020-08-26 03:50:54.828331,"['SS', 'Standalone', 'version_184']",70001777,SENS_EVENT_MEASURE,66 cm,3620 mV,19 C,0 Degree,220 Times,
4892,1539308,70B3D50070001777,1598410254325,FES Receiver,2020-08-26 04:50:54.52297,"['SS', 'Standalone', 'version_184']",70001777,SENS_EVENT_MEASURE,66 cm,3620 mV,18 C,0 Degree,221 Times,
4891,1539733,70B3D50070001777,1598413854219,FES Receiver,2020-08-26 05:50:54.416083,"['SS', 'Standalone', 'version_184']",70001777,SENS_EVENT_MEASURE,68 cm,3620 mV,20 C,0 Degree,222 Times,
4890,1540190,70B3D50070001777,1598417454134,FES Receiver,2020-08-26 06:50:54.330925,"['SS', 'Standalone', 'version_184']",70001777,SENS_EVENT_MEASURE,66 cm,3620 mV,19 C,0 Degree,223 Times,
4889,1540653,70B3D50070001777,1598421053888,FES Receiver,2020-08-26 07:50:54.08388,"['SS', 'Standalone', 'version_184']",70001777,SENS_EVENT_MEASURE,76 cm,3630 mV,19 C,0 Degree,224 Times,
4888,1541129,70B3D50070001777,1598424653720,FES Receiver,2020-08-26 08:50:53.917426,"['SS', 'Standalone', 'version_184']",70001777,SENS_EVENT_MEASURE,78 cm,3630 mV,20 C,0 Degree,225 Times,
4887,1541627,70B3D50070001777,1598428253515,FES Receiver,2020-08-26 09:50:53.715208,"['SS', 'Standalone', 'version_184']",70001777,SENS_EVENT_MEASURE,76 cm,3640 mV,25 C,0 Degree,226 Times,
4886,1543090,70B3D50070001777,1598439052997,FES Receiver,2020-08-26 12:50:53.198882,"['SS', 'Standalone', 'version_184']",70001777,SENS_EVENT_MEASURE,76 cm,3640 mV,21 C,0 Degree,229 Times,
4885,1543555,70B3D50070001777,1598442652690,FES Receiver,2020-08-26 13:50:52.89124,"['SS', 'Standalone', 'version_184']",70001777,SENS_EVENT_MEASURE,76 cm,3630 mV,22 C,0 Degree,230 Times,
4884,1544552,70B3D50070001777,1598449852359,FES Receiver,2020-08-26 15:50:52.556155,"['SS', 'Standalone', 'version_184']",70001777,SENS_EVENT_MEASURE,72 cm,3630 mV,26 C,0 Degree,232 Times,
4883,1545037,70B3D50070001777,1598453457177,FES Receiver,2020-08-26 16:50:57.377288,"['SS', 'Standalone', 'version_184']",70001777,SENS_EVENT_MEASURE,72 cm,3640 mV,25 C,0 Degree,233 Times,
4882,1545539,70B3D50070001777,1598457051944,FES Receiver,2020-08-26 17:50:52.141731,"['SS', 'Standalone', 'version_184']",70001777,SENS_EVENT_MEASURE,70 cm,3630 mV,22 C,0 Degree,234 Times,
4881,1545986,70B3D50070001777,1598460651779,FES Receiver,2020-08-26 18:50:51.97594,"['SS', 'Standalone', 'version_184']",70001777,SENS_EVENT_MEASURE,72 cm,3630 mV,23 C,0 Degree,235 Times,
4880,1546433,70B3D50070001777,1598464253378,FES Receiver,2020-08-26 19:50:53.561528,"['SS', 'Standalone', 'version_184']",70001777,SENS_EVENT_MEASURE,66 cm,3630 mV,23 C,0 Degree,236 Times,
4879,1546916,70B3D50070001777,1598467853112,FES Receiver,2020-08-26 20:50:53.294547,"['SS', 'Standalone', 'version_184']",70001777,SENS_EVENT_MEASURE,66 cm,3630 mV,20 C,0 Degree,237 Times,
4878,1547378,70B3D50070001777,1598471453025,FES Receiver,2020-08-26 21:50:53.207563,"['SS', 'Standalone', 'version_184']",70001777,SENS_EVENT_MEASURE,66 cm,3620 mV,20 C,0 Degree,238 Times,
4877,1547841,70B3D50070001777,1598475052860,FES Receiver,2020-08-26 22:50:53.046927,"['SS', 'Standalone', 'version_184']",70001777,SENS_EVENT_MEASURE,66 cm,3620 mV,20 C,0 Degree,239 Times,
4876,1548284,70B3D50070001777,1598478652693,FES Receiver,2020-08-26 23:50:52.875264,"['SS', 'Standalone', 'version_184']",70001777,SENS_EVENT_MEASURE,66 cm,3620 mV,20 C,0 Degree,240 Times,
4875,1549159,70B3D50070001777,1598485852360,FES Receiver,2020-08-27 01:50:52.543526,"['SS', 'Standalone', 'version_184']",70001777,SENS_EVENT_MEASURE,66 cm,3610 mV,18 C,0 Degree,242 Times,
4874,1549596,70B3D50070001777,1598489452214,FES Receiver,2020-08-27 02:50:52.396131,"['SS', 'Standalone', 'version_184']",70001777,SENS_EVENT_MEASURE,66 cm,3610 mV,17 C,0 Degree,243 Times,
4873,1550043,70B3D50070001777,1598493052066,FES Receiver,2020-08-27 03:50:52.251744,"['SS', 'Standalone', 'version_184']",70001777,SENS_EVENT_MEASURE,66 cm,3610 mV,15 C,0 Degree,244 Times,
4872,1550945,70B3D50070001777,1598500251753,FES Receiver,2020-08-27 05:50:51.936025,"['SS', 'Standalone', 'version_184']",70001777,SENS_EVENT_MEASURE,66 cm,3610 mV,16 C,0 Degree,246 Times,
4871,1551386,70B3D50070001777,1598503851608,FES Receiver,2020-08-27 06:50:51.7909,"['SS', 'Standalone', 'version_184']",70001777,SENS_EVENT_MEASURE,66 cm,3610 mV,18 C,0 Degree,247 Times,
4870,1551867,70B3D50070001777,1598507451442,FES Receiver,2020-08-27 07:50:51.624956,"['SS', 'Standalone', 'version_184']",70001777,SENS_EVENT_MEASURE,64 cm,3610 mV,15 C,0 Degree,248 Times,
4869,1552869,70B3D50070001777,1598514650970,FES Receiver,2020-08-27 09:50:51.151805,"['SS', 'Standalone', 'version_184']",70001777,SENS_EVENT_MEASURE,72 cm,3640 mV,28 C,0 Degree,250 Times,
4868,1553420,70B3D50070001777,1598518250923,FES Receiver,2020-08-27 10:50:51.10548,"['SS', 'Standalone', 'version_184']",70001777,SENS_EVENT_MEASURE,66 cm,3640 mV,27 C,0 Degree,251 Times,
4867,1553899,70B3D50070001777,1598521850757,FES Receiver,2020-08-27 11:50:50.940966,"['SS', 'Standalone', 'version_184']",70001777,SENS_EVENT_MEASURE,66 cm,3640 mV,31 C,0 Degree,252 Times,
4866,1554469,70B3D50070001777,1598525450571,FES Receiver,2020-08-27 12:50:50.753439,"['SS', 'Standalone', 'version_184']",70001777,SENS_EVENT_MEASURE,66 cm,3640 mV,26 C,0 Degree,253 Times,
4865,1555007,70B3D50070001777,1598529050262,FES Receiver,2020-08-27 13:50:50.445527,"['SS', 'Standalone', 'version_184']",70001777,SENS_EVENT_MEASURE,66 cm,3640 mV,30 C,0 Degree,254 Times,
4864,1555524,70B3D50070001777,1598532650137,FES Receiver,2020-08-27 14:50:50.325165,"['SS', 'Standalone', 'version_184']",70001777,SENS_EVENT_MEASURE,66 cm,3640 mV,27 C,0 Degree,255 Times,
4863,1556603,70B3D50070001777,1598539858785,FES Receiver,2020-08-27 16:50:58.971265,"['SS', 'Standalone', 'version_184']",70001777,SENS_EVENT_MEASURE,62 cm,3630 mV,24 C,0 Degree,1 Times,
4862,1557070,70B3D50070001777,1598543449658,FES Receiver,2020-08-27 17:50:49.846157,"['SS', 'Standalone', 'version_184']",70001777,SENS_EVENT_MEASURE,60 cm,3630 mV,23 C,0 Degree,2 Times,
4861,1558404,70B3D50070001777,1598554250687,FES Receiver,2020-08-27 20:50:50.885284,"['SS', 'Standalone', 'version_184']",70001777,SENS_EVENT_MEASURE,58 cm,3620 mV,19 C,0 Degree,5 Times,
4860,1558862,70B3D50070001777,1598557850541,FES Receiver,2020-08-27 21:50:50.746159,"['SS', 'Standalone', 'version_184']",70001777,SENS_EVENT_MEASURE,58 cm,3620 mV,17 C,0 Degree,6 Times,
4859,1559304,70B3D50070001777,1598561450274,FES Receiver,2020-08-27 22:50:50.473203,"['SS', 'Standalone', 'version_184']",70001777,SENS_EVENT_MEASURE,58 cm,3620 mV,18 C,0 Degree,7 Times,
4858,1560678,70B3D50070001777,1598572249775,FES Receiver,2020-08-28 01:50:49.973819,"['SS', 'Standalone', 'version_184']",70001777,SENS_EVENT_MEASURE,58 cm,3620 mV,17 C,0 Degree,10 Times,
4857,1561113,70B3D50070001777,1598575849608,FES Receiver,2020-08-28 02:50:49.806384,"['SS', 'Standalone', 'version_184']",70001777,SENS_EVENT_MEASURE,58 cm,3620 mV,18 C,0 Degree,11 Times,
4856,1561990,70B3D50070001777,1598583049295,FES Receiver,2020-08-28 04:50:49.493069,"['SS', 'Standalone', 'version_184']",70001777,SENS_EVENT_MEASURE,58 cm,3610 mV,17 C,0 Degree,13 Times,
4855,1562439,70B3D50070001777,1598586649149,FES Receiver,2020-08-28 05:50:49.346836,"['SS', 'Standalone', 'version_184']",70001777,SENS_EVENT_MEASURE,58 cm,3610 mV,18 C,1 Degree,14 Times,
4854,1562892,70B3D50070001777,1598590248982,FES Receiver,2020-08-28 06:50:49.18166,"['SS', 'Standalone', 'version_184']",70001777,SENS_EVENT_MEASURE,58 cm,3610 mV,16 C,0 Degree,15 Times,
4853,1563853,70B3D50070001777,1598597448669,FES Receiver,2020-08-28 08:50:48.867899,"['SS', 'Standalone', 'version_184']",70001777,SENS_EVENT_MEASURE,56 cm,3630 mV,19 C,0 Degree,17 Times,
4852,1564327,70B3D50070001777,1598601048502,FES Receiver,2020-08-28 09:50:48.701672,"['SS', 'Standalone', 'version_184']",70001777,SENS_EVENT_MEASURE,56 cm,3640 mV,25 C,0 Degree,18 Times,
4851,1564804,70B3D50070001777,1598604648317,FES Receiver,2020-08-28 10:50:48.515687,"['SS', 'Standalone', 'version_184']",70001777,SENS_EVENT_MEASURE,60 cm,3640 mV,20 C,0 Degree,19 Times,
4850,1565726,70B3D50070001777,1598611847985,FES Receiver,2020-08-28 12:50:48.182802,"['SS', 'Standalone', 'version_184']",70001777,SENS_EVENT_MEASURE,56 cm,3640 mV,30 C,0 Degree,21 Times,
4849,1566210,70B3D50070001777,1598615447818,FES Receiver,2020-08-28 13:50:48.016165,"['SS', 'Standalone', 'version_184']",70001777,SENS_EVENT_MEASURE,122 cm,3640 mV,29 C,1 Degree,22 Times,
4848,1566684,70B3D50070001777,1598619047712,FES Receiver,2020-08-28 14:50:47.910976,"['SS', 'Standalone', 'version_184']",70001777,SENS_EVENT_MEASURE,122 cm,3640 mV,26 C,1 Degree,23 Times,
4847,1567159,70B3D50070001777,1598622647466,FES Receiver,2020-08-28 15:50:47.669705,"['SS', 'Standalone', 'version_184']",70001777,SENS_EVENT_MEASURE,122 cm,3640 mV,24 C,1 Degree,24 Times,
4846,1567633,70B3D50070001777,1598626247240,FES Receiver,2020-08-28 16:50:47.441709,"['SS', 'Standalone', 'version_184']",70001777,SENS_EVENT_MEASURE,122 cm,3640 mV,23 C,0 Degree,25 Times,
4845,1568090,70B3D50070001777,1598629847073,FES Receiver,2020-08-28 17:50:47.272244,"['SS', 'Standalone', 'version_184']",70001777,SENS_EVENT_MEASURE,122 cm,3630 mV,24 C,1 Degree,26 Times,
4844,1568985,70B3D50070001777,1598637028474,FES Receiver,2020-08-28 19:50:28.676984,"['SS', 'Standalone', 'version_184']",70001777,SENS_EVENT_MEASURE,122 cm,3620 mV,22 C,1 Degree,28 Times,
4843,1569435,70B3D50070001777,1598640628307,FES Receiver,2020-08-28 20:50:28.508624,"['SS', 'Standalone', 'version_184']",70001777,SENS_EVENT_MEASURE,122 cm,3620 mV,20 C,1 Degree,29 Times,
4842,1569887,70B3D50070001777,1598644228142,FES Receiver,2020-08-28 21:50:28.345229,"['SS', 'Standalone', 'version_184']",70001777,SENS_EVENT_MEASURE,122 cm,3620 mV,20 C,1 Degree,30 Times,
4841,1570320,70B3D50070001777,1598647827976,FES Receiver,2020-08-28 22:50:28.176554,"['SS', 'Standalone', 'version_184']",70001777,SENS_EVENT_MEASURE,122 cm,3620 mV,18 C,0 Degree,31 Times,
4840,1571214,70B3D50070001777,1598655027662,FES Receiver,2020-08-29 00:50:27.860109,"['SS', 'Standalone', 'version_184']",70001777,SENS_EVENT_MEASURE,122 cm,3610 mV,15 C,1 Degree,33 Times,
4839,1571662,70B3D50070001777,1598658627521,FES Receiver,2020-08-29 01:50:27.718271,"['SS', 'Standalone', 'version_184']",70001777,SENS_EVENT_MEASURE,122 cm,3610 mV,16 C,1 Degree,34 Times,
4838,1572120,70B3D50070001777,1598662227351,FES Receiver,2020-08-29 02:50:27.547541,"['SS', 'Standalone', 'version_184']",70001777,SENS_EVENT_MEASURE,122 cm,3610 mV,17 C,2 Degree,35 Times,
4837,1572560,70B3D50070001777,1598665827205,FES Receiver,2020-08-29 03:50:27.402613,"['SS', 'Standalone', 'version_184']",70001777,SENS_EVENT_MEASURE,122 cm,3610 mV,17 C,1 Degree,36 Times,
4836,1573007,70B3D50070001777,1598669427058,FES Receiver,2020-08-29 04:50:27.254855,"['SS', 'Standalone', 'version_184']",70001777,SENS_EVENT_MEASURE,122 cm,3600 mV,16 C,0 Degree,37 Times,
4835,1573459,70B3D50070001777,1598673026912,FES Receiver,2020-08-29 05:50:27.109912,"['SS', 'Standalone', 'version_184']",70001777,SENS_EVENT_MEASURE,122 cm,3600 mV,15 C,1 Degree,38 Times,
4834,1573898,70B3D50070001777,1598676626766,FES Receiver,2020-08-29 06:50:26.971078,"['SS', 'Standalone', 'version_184']",70001777,SENS_EVENT_MEASURE,122 cm,3600 mV,15 C,1 Degree,39 Times,
4833,1574789,70B3D50070001777,1598683826614,FES Receiver,2020-08-29 08:50:26.812789,"['SS', 'Standalone', 'version_184']",70001777,SENS_EVENT_MEASURE,122 cm,3620 mV,16 C,1 Degree,41 Times,
4832,1575224,70B3D50070001777,1598687426447,FES Receiver,2020-08-29 09:50:26.64446,"['SS', 'Standalone', 'version_184']",70001777,SENS_EVENT_MEASURE,122 cm,3620 mV,20 C,1 Degree,42 Times,
4831,1576118,70B3D50070001777,1598694626114,FES Receiver,2020-08-29 11:50:26.311216,"['SS', 'Standalone', 'version_184']",70001777,SENS_EVENT_MEASURE,122 cm,3630 mV,20 C,0 Degree,44 Times,
4830,1576573,70B3D50070001777,1598698225789,FES Receiver,2020-08-29 12:50:25.985486,"['SS', 'Standalone', 'version_184']",70001777,SENS_EVENT_MEASURE,122 cm,3630 mV,23 C,1 Degree,45 Times,
4829,1577011,70B3D50070001777,1598701825623,FES Receiver,2020-08-29 13:50:25.8198,"['SS', 'Standalone', 'version_184']",70001777,SENS_EVENT_MEASURE,122 cm,3640 mV,23 C,1 Degree,46 Times,
4828,1578252,70B3D50070001777,1598712625104,FES Receiver,2020-08-29 16:50:25.301302,"['SS', 'Standalone', 'version_184']",70001777,SENS_EVENT_MEASURE,124 cm,3640 mV,23 C,1 Degree,49 Times,
4827,1578705,70B3D50070001777,1598716224918,FES Receiver,2020-08-29 17:50:25.11928,"['SS', 'Standalone', 'version_184']",70001777,SENS_EVENT_MEASURE,118 cm,3630 mV,24 C,0 Degree,50 Times,
4826,1579153,70B3D50070001777,1598719824812,FES Receiver,2020-08-29 18:50:25.009216,"['SS', 'Standalone', 'version_184']",70001777,SENS_EVENT_MEASURE,118 cm,3630 mV,22 C,0 Degree,51 Times,
4825,1579605,70B3D50070001777,1598723426310,FES Receiver,2020-08-29 19:50:26.500235,"['SS', 'Standalone', 'version_184']",70001777,SENS_EVENT_MEASURE,116 cm,3630 mV,18 C,2 Degree,52 Times,
4824,1580043,70B3D50070001777,1598727026004,FES Receiver,2020-08-29 20:50:26.192039,"['SS', 'Standalone', 'version_184']",70001777,SENS_EVENT_MEASURE,116 cm,3620 mV,19 C,1 Degree,53 Times,
4823,1580492,70B3D50070001777,1598730625979,FES Receiver,2020-08-29 21:50:26.16673,"['SS', 'Standalone', 'version_184']",70001777,SENS_EVENT_MEASURE,118 cm,3620 mV,17 C,1 Degree,54 Times,
4822,1580941,70B3D50070001777,1598734225813,FES Receiver,2020-08-29 22:50:26.001796,"['SS', 'Standalone', 'version_184']",70001777,SENS_EVENT_MEASURE,116 cm,3620 mV,17 C,1 Degree,55 Times,
4821,1581401,70B3D50070001777,1598737825646,FES Receiver,2020-08-29 23:50:25.839834,"['SS', 'Standalone', 'version_184']",70001777,SENS_EVENT_MEASURE,118 cm,3620 mV,18 C,1 Degree,56 Times,
4820,1581855,70B3D50070001777,1598741425421,FES Receiver,2020-08-30 00:50:25.613073,"['SS', 'Standalone', 'version_184']",70001777,SENS_EVENT_MEASURE,118 cm,3610 mV,18 C,0 Degree,57 Times,
4819,1582751,70B3D50070001777,1598748625088,FES Receiver,2020-08-30 02:50:25.276765,"['SS', 'Standalone', 'version_184']",70001777,SENS_EVENT_MEASURE,118 cm,3610 mV,18 C,0 Degree,59 Times,
4818,1583201,70B3D50070001777,1598752224942,FES Receiver,2020-08-30 03:50:25.13145,"['SS', 'Standalone', 'version_184']",70001777,SENS_EVENT_MEASURE,118 cm,3610 mV,17 C,1 Degree,60 Times,
4817,1583650,70B3D50070001777,1598755824795,FES Receiver,2020-08-30 04:50:24.984317,"['SS', 'Standalone', 'version_184']",70001777,SENS_EVENT_MEASURE,116 cm,3610 mV,14 C,1 Degree,61 Times,
4816,1584103,70B3D50070001777,1598759424650,FES Receiver,2020-08-30 05:50:24.836677,"['SS', 'Standalone', 'version_184']",70001777,SENS_EVENT_MEASURE,118 cm,3610 mV,17 C,1 Degree,62 Times,
4815,1584992,70B3D50070001777,1598766624357,FES Receiver,2020-08-30 07:50:24.545778,"['SS', 'Standalone', 'version_184']",70001777,SENS_EVENT_MEASURE,118 cm,3610 mV,15 C,1 Degree,64 Times,
4814,1586342,70B3D50070001777,1598777423741,FES Receiver,2020-08-30 10:50:23.929545,"['SS', 'Standalone', 'version_184']",70001777,SENS_EVENT_MEASURE,116 cm,3630 mV,20 C,0 Degree,67 Times,
4813,1586797,70B3D50070001777,1598781023573,FES Receiver,2020-08-30 11:50:23.761046,"['SS', 'Standalone', 'version_184']",70001777,SENS_EVENT_MEASURE,116 cm,3640 mV,21 C,0 Degree,68 Times,
4812,1587252,70B3D50070001777,1598784623407,FES Receiver,2020-08-30 12:50:23.59533,"['SS', 'Standalone', 'version_184']",70001777,SENS_EVENT_MEASURE,116 cm,3640 mV,25 C,0 Degree,69 Times,
4811,1587704,70B3D50070001777,1598788223280,FES Receiver,2020-08-30 13:50:23.469225,"['SS', 'Standalone', 'version_184']",70001777,SENS_EVENT_MEASURE,118 cm,3640 mV,27 C,1 Degree,70 Times,
4810,1588149,70B3D50070001777,1598791823054,FES Receiver,2020-08-30 14:50:23.241842,"['SS', 'Standalone', 'version_184']",70001777,SENS_EVENT_MEASURE,118 cm,3640 mV,25 C,1 Degree,71 Times,
4809,1588609,70B3D50070001777,1598795422869,FES Receiver,2020-08-30 15:50:23.056988,"['SS', 'Standalone', 'version_184']",70001777,SENS_EVENT_MEASURE,118 cm,3640 mV,25 C,0 Degree,72 Times,
4808,1589093,70B3D50070001777,1598799022762,FES Receiver,2020-08-30 16:50:22.956416,"['SS', 'Standalone', 'version_184']",70001777,SENS_EVENT_MEASURE,114 cm,3640 mV,23 C,0 Degree,73 Times,
4807,1589558,70B3D50070001777,1598802627596,FES Receiver,2020-08-30 17:50:27.787902,"['SS', 'Standalone', 'version_184']",70001777,SENS_EVENT_MEASURE,118 cm,3630 mV,21 C,1 Degree,74 Times,
4806,1590014,70B3D50070001777,1598806222490,FES Receiver,2020-08-30 18:50:22.680234,"['SS', 'Standalone', 'version_184']",70001777,SENS_EVENT_MEASURE,116 cm,3620 mV,20 C,1 Degree,75 Times,
4805,1590475,70B3D50070001777,1598809823929,FES Receiver,2020-08-30 19:50:24.128328,"['SS', 'Standalone', 'version_184']",70001777,SENS_EVENT_MEASURE,116 cm,3620 mV,17 C,1 Degree,76 Times,
4804,1591397,70B3D50070001777,1598817023616,FES Receiver,2020-08-30 21:50:23.815707,"['SS', 'Standalone', 'version_184']",70001777,SENS_EVENT_MEASURE,114 cm,3610 mV,16 C,0 Degree,78 Times,
4803,1591843,70B3D50070001777,1598820623329,FES Receiver,2020-08-30 22:50:23.528355,"['SS', 'Standalone', 'version_184']",70001777,SENS_EVENT_MEASURE,116 cm,3610 mV,19 C,0 Degree,79 Times,
4802,1592299,70B3D50070001777,1598824223324,FES Receiver,2020-08-30 23:50:23.524256,"['SS', 'Standalone', 'version_184']",70001777,SENS_EVENT_MEASURE,114 cm,3610 mV,16 C,0 Degree,80 Times,
4801,1592767,70B3D50070001777,1598827823178,FES Receiver,2020-08-31 00:50:23.378191,"['SS', 'Standalone', 'version_184']",70001777,SENS_EVENT_MEASURE,114 cm,3610 mV,17 C,1 Degree,81 Times,
4800,1593673,70B3D50070001777,1598835022885,FES Receiver,2020-08-31 02:50:23.087758,"['SS', 'Standalone', 'version_184']",70001777,SENS_EVENT_MEASURE,114 cm,3610 mV,16 C,0 Degree,83 Times,
4799,1594135,70B3D50070001777,1598838622740,FES Receiver,2020-08-31 03:50:22.943969,"['SS', 'Standalone', 'version_184']",70001777,SENS_EVENT_MEASURE,114 cm,3610 mV,17 C,1 Degree,84 Times,
4798,1594578,70B3D50070001777,1598842222594,FES Receiver,2020-08-31 04:50:22.794636,"['SS', 'Standalone', 'version_184']",70001777,SENS_EVENT_MEASURE,114 cm,3610 mV,17 C,1 Degree,85 Times,
4797,1595056,70B3D50070001777,1598845822428,FES Receiver,2020-08-31 05:50:22.626875,"['SS', 'Standalone', 'version_184']",70001777,SENS_EVENT_MEASURE,114 cm,3610 mV,16 C,1 Degree,86 Times,
4796,1595534,70B3D50070001777,1598849422281,FES Receiver,2020-08-31 06:50:22.491067,"['SS', 'Standalone', 'version_184']",70001777,SENS_EVENT_MEASURE,114 cm,3610 mV,17 C,0 Degree,87 Times,
4795,1596036,70B3D50070001777,1598853022136,FES Receiver,2020-08-31 07:50:22.334649,"['SS', 'Standalone', 'version_184']",70001777,SENS_EVENT_MEASURE,114 cm,3610 mV,18 C,0 Degree,88 Times,
4794,1596527,70B3D50070001777,1598856621989,FES Receiver,2020-08-31 08:50:22.188343,"['SS', 'Standalone', 'version_184']",70001777,SENS_EVENT_MEASURE,114 cm,3620 mV,19 C,1 Degree,89 Times,
4793,1597512,70B3D50070001777,1598863821677,FES Receiver,2020-08-31 10:50:21.876273,"['SS', 'Standalone', 'version_184']",70001777,SENS_EVENT_MEASURE,110 cm,3630 mV,20 C,1 Degree,91 Times,
4792,1597989,70B3D50070001777,1598867421510,FES Receiver,2020-08-31 11:50:21.709375,"['SS', 'Standalone', 'version_184']",70001777,SENS_EVENT_MEASURE,114 cm,3640 mV,19 C,0 Degree,92 Times,
4791,1598989,70B3D50070001777,1598874621019,FES Receiver,2020-08-31 13:50:21.218148,"['SS', 'Standalone', 'version_184']",70001777,SENS_EVENT_MEASURE,108 cm,3640 mV,27 C,1 Degree,94 Times,
4790,1599482,70B3D50070001777,1598878220894,FES Receiver,2020-08-31 14:50:21.092672,"['SS', 'Standalone', 'version_184']",70001777,SENS_EVENT_MEASURE,108 cm,3640 mV,26 C,1 Degree,95 Times,
4789,1599943,70B3D50070001777,1598881820726,FES Receiver,2020-08-31 15:50:20.926421,"['SS', 'Standalone', 'version_184']",70001777,SENS_EVENT_MEASURE,108 cm,3640 mV,25 C,1 Degree,96 Times,
4788,1600433,70B3D50070001777,1598885420641,FES Receiver,2020-08-31 16:50:20.84082,"['SS', 'Standalone', 'version_184']",70001777,SENS_EVENT_MEASURE,112 cm,3640 mV,21 C,0 Degree,97 Times,
4787,1600948,70B3D50070001777,1598889020434,FES Receiver,2020-08-31 17:50:20.638041,"['SS', 'Standalone', 'version_184']",70001777,SENS_EVENT_MEASURE,110 cm,3630 mV,21 C,2 Degree,98 Times,
4786,1601423,70B3D50070001777,1598892620288,FES Receiver,2020-08-31 18:50:20.487794,"['SS', 'Standalone', 'version_184']",70001777,SENS_EVENT_MEASURE,112 cm,3630 mV,19 C,1 Degree,99 Times,
4785,1601882,70B3D50070001777,1598896221708,FES Receiver,2020-08-31 19:50:21.906417,"['SS', 'Standalone', 'version_184']",70001777,SENS_EVENT_MEASURE,104 cm,3620 mV,19 C,1 Degree,100 Times,
4784,1602327,70B3D50070001777,1598899821561,FES Receiver,2020-08-31 20:50:21.761193,"['SS', 'Standalone', 'version_184']",70001777,SENS_EVENT_MEASURE,104 cm,3620 mV,18 C,1 Degree,101 Times,
4783,1602780,70B3D50070001777,1598903421395,FES Receiver,2020-08-31 21:50:21.598777,"['SS', 'Standalone', 'version_184']",70001777,SENS_EVENT_MEASURE,104 cm,3610 mV,17 C,0 Degree,102 Times,
4782,1603229,70B3D50070001777,1598907021369,FES Receiver,2020-08-31 22:50:21.566702,"['SS', 'Standalone', 'version_184']",70001777,SENS_EVENT_MEASURE,104 cm,3610 mV,16 C,1 Degree,103 Times,
4781,1603676,70B3D50070001777,1598910621184,FES Receiver,2020-08-31 23:50:21.382058,"['SS', 'Standalone', 'version_184']",70001777,SENS_EVENT_MEASURE,104 cm,3610 mV,16 C,0 Degree,104 Times,
4780,1604126,70B3D50070001777,1598914220958,FES Receiver,2020-09-01 00:50:21.154826,"['SS', 'Standalone', 'version_184']",70001777,SENS_EVENT_MEASURE,104 cm,3610 mV,16 C,3 Degree,105 Times,
4779,1604577,70B3D50070001777,1598917820811,FES Receiver,2020-09-01 01:50:21.009346,"['SS', 'Standalone', 'version_184']",70001777,SENS_EVENT_MEASURE,102 cm,3610 mV,18 C,0 Degree,106 Times,
4778,1605032,70B3D50070001777,1598921420645,FES Receiver,2020-09-01 02:50:20.845543,"['SS', 'Standalone', 'version_184']",70001777,SENS_EVENT_MEASURE,102 cm,3610 mV,17 C,1 Degree,107 Times,
4777,1605507,70B3D50070001777,1598925020498,FES Receiver,2020-09-01 03:50:20.696534,"['SS', 'Standalone', 'version_184']",70001777,SENS_EVENT_MEASURE,102 cm,3610 mV,17 C,1 Degree,108 Times,
4776,1605959,70B3D50070001777,1598928620432,FES Receiver,2020-09-01 04:50:20.631563,"['SS', 'Standalone', 'version_184']",70001777,SENS_EVENT_MEASURE,102 cm,3610 mV,17 C,0 Degree,109 Times,
4775,1606429,70B3D50070001777,1598932220286,FES Receiver,2020-09-01 05:50:20.489175,"['SS', 'Standalone', 'version_184']",70001777,SENS_EVENT_MEASURE,102 cm,3610 mV,15 C,0 Degree,110 Times,
4774,1606880,70B3D50070001777,1598935820080,FES Receiver,2020-09-01 06:50:20.284474,"['SS', 'Standalone', 'version_184']",70001777,SENS_EVENT_MEASURE,104 cm,3610 mV,15 C,0 Degree,111 Times,
4773,1607351,70B3D50070001777,1598939419914,FES Receiver,2020-09-01 07:50:20.111498,"['SS', 'Standalone', 'version_184']",70001777,SENS_EVENT_MEASURE,104 cm,3610 mV,16 C,0 Degree,112 Times,
4772,1607858,70B3D50070001777,1598943019708,FES Receiver,2020-09-01 08:50:19.906517,"['SS', 'Standalone', 'version_184']",70001777,SENS_EVENT_MEASURE,104 cm,3620 mV,18 C,1 Degree,113 Times,
4771,1608335,70B3D50070001777,1598946619582,FES Receiver,2020-09-01 09:50:19.780132,"['SS', 'Standalone', 'version_184']",70001777,SENS_EVENT_MEASURE,102 cm,3640 mV,24 C,1 Degree,114 Times,
4770,1608835,70B3D50070001777,1598950219515,FES Receiver,2020-09-01 10:50:19.71921,"['SS', 'Standalone', 'version_184']",70001777,SENS_EVENT_MEASURE,104 cm,3650 mV,31 C,0 Degree,115 Times,
4769,1609829,70B3D50070001777,1598957418962,FES Receiver,2020-09-01 12:50:19.16091,"['SS', 'Standalone', 'version_184']",70001777,SENS_EVENT_MEASURE,102 cm,3650 mV,37 C,0 Degree,117 Times,
4768,1610347,70B3D50070001777,1598961018797,FES Receiver,2020-09-01 13:50:18.995666,"['SS', 'Standalone', 'version_184']",70001777,SENS_EVENT_MEASURE,102 cm,3650 mV,40 C,1 Degree,118 Times,
4767,1610821,70B3D50070001777,1598964618736,FES Receiver,2020-09-01 14:50:18.934365,"['SS', 'Standalone', 'version_184']",70001777,SENS_EVENT_MEASURE,100 cm,3640 mV,29 C,0 Degree,119 Times,
4766,1611324,70B3D50070001777,1598968218564,FES Receiver,2020-09-01 15:50:18.76247,"['SS', 'Standalone', 'version_184']",70001777,SENS_EVENT_MEASURE,100 cm,3630 mV,23 C,0 Degree,120 Times,
4765,1611816,70B3D50070001777,1598971818378,FES Receiver,2020-09-01 16:50:18.576621,"['SS', 'Standalone', 'version_184']",70001777,SENS_EVENT_MEASURE,100 cm,3630 mV,21 C,0 Degree,121 Times,
4764,1612277,70B3D50070001777,1598975418072,FES Receiver,2020-09-01 17:50:18.274857,"['SS', 'Standalone', 'version_184']",70001777,SENS_EVENT_MEASURE,100 cm,3620 mV,23 C,1 Degree,122 Times,
4763,1613172,70B3D50070001777,1598982619452,FES Receiver,2020-09-01 19:50:19.65184,"['SS', 'Standalone', 'version_184']",70001777,SENS_EVENT_MEASURE,98 cm,3610 mV,19 C,0 Degree,124 Times,
4762,1613608,70B3D50070001777,1598986219306,FES Receiver,2020-09-01 20:50:19.506202,"['SS', 'Standalone', 'version_184']",70001777,SENS_EVENT_MEASURE,98 cm,3610 mV,19 C,0 Degree,125 Times,
4761,1614057,70B3D50070001777,1598989819140,FES Receiver,2020-09-01 21:50:19.33902,"['SS', 'Standalone', 'version_184']",70001777,SENS_EVENT_MEASURE,98 cm,3610 mV,16 C,0 Degree,126 Times,
4760,1614503,70B3D50070001777,1598993418993,FES Receiver,2020-09-01 22:50:19.19134,"['SS', 'Standalone', 'version_184']",70001777,SENS_EVENT_MEASURE,98 cm,3610 mV,18 C,0 Degree,127 Times,
4759,1614965,70B3D50070001777,1598997018834,FES Receiver,2020-09-01 23:50:19.032854,"['SS', 'Standalone', 'version_184']",70001777,SENS_EVENT_MEASURE,110 cm,3600 mV,16 C,0 Degree,128 Times,
4758,1615411,70B3D50070001777,1599000618682,FES Receiver,2020-09-02 00:50:18.88115,"['SS', 'Standalone', 'version_184']",70001777,SENS_EVENT_MEASURE,112 cm,3600 mV,17 C,1 Degree,129 Times,
4757,1615857,70B3D50070001777,1599004218535,FES Receiver,2020-09-02 01:50:18.742827,"['SS', 'Standalone', 'version_184']",70001777,SENS_EVENT_MEASURE,110 cm,3600 mV,16 C,1 Degree,130 Times,
4756,1616315,70B3D50070001777,1599007818329,FES Receiver,2020-09-02 02:50:18.528829,"['SS', 'Standalone', 'version_184']",70001777,SENS_EVENT_MEASURE,110 cm,3580 mV,15 C,1 Degree,131 Times,
4755,1616776,70B3D50070001777,1599011418183,FES Receiver,2020-09-02 03:50:18.381733,"['SS', 'Standalone', 'version_184']",70001777,SENS_EVENT_MEASURE,100 cm,3600 mV,16 C,1 Degree,132 Times,
4754,1617230,70B3D50070001777,1599015018057,FES Receiver,2020-09-02 04:50:18.255622,"['SS', 'Standalone', 'version_184']",70001777,SENS_EVENT_MEASURE,110 cm,3590 mV,14 C,1 Degree,133 Times,
4753,1617691,70B3D50070001777,1599018617916,FES Receiver,2020-09-02 05:50:18.115456,"['SS', 'Standalone', 'version_184']",70001777,SENS_EVENT_MEASURE,98 cm,3590 mV,14 C,1 Degree,134 Times,
4752,1618160,70B3D50070001777,1599022217785,FES Receiver,2020-09-02 06:50:17.984088,"['SS', 'Standalone', 'version_184']",70001777,SENS_EVENT_MEASURE,94 cm,3590 mV,14 C,1 Degree,135 Times,
4751,1619119,70B3D50070001777,1599029417492,FES Receiver,2020-09-02 08:50:17.697716,"['SS', 'Standalone', 'version_184']",70001777,SENS_EVENT_MEASURE,92 cm,3610 mV,19 C,0 Degree,137 Times,
4750,1619610,70B3D50070001777,1599033017226,FES Receiver,2020-09-02 09:50:17.430007,"['SS', 'Standalone', 'version_184']",70001777,SENS_EVENT_MEASURE,92 cm,3630 mV,25 C,0 Degree,138 Times,
4749,1620102,70B3D50070001777,1599036617141,FES Receiver,2020-09-02 10:50:17.340208,"['SS', 'Standalone', 'version_184']",70001777,SENS_EVENT_MEASURE,90 cm,3640 mV,32 C,1 Degree,139 Times,
4748,1621083,70B3D50070001777,1599043816768,FES Receiver,2020-09-02 12:50:16.966999,"['SS', 'Standalone', 'version_184']",70001777,SENS_EVENT_MEASURE,98 cm,3650 mV,45 C,1 Degree,141 Times,
4747,1621583,70B3D50070001777,1599047416622,FES Receiver,2020-09-02 13:50:16.820883,"['SS', 'Standalone', 'version_184']",70001777,SENS_EVENT_MEASURE,94 cm,3650 mV,40 C,1 Degree,142 Times,
4746,1622088,70B3D50070001777,1599051016516,FES Receiver,2020-09-02 14:50:16.714908,"['SS', 'Standalone', 'version_184']",70001777,SENS_EVENT_MEASURE,92 cm,3640 mV,28 C,1 Degree,143 Times,
4745,1623072,70B3D50070001777,1599058216024,FES Receiver,2020-09-02 16:50:16.222603,"['SS', 'Standalone', 'version_184']",70001777,SENS_EVENT_MEASURE,92 cm,3630 mV,28 C,1 Degree,145 Times,
4744,1623542,70B3D50070001777,1599061815916,FES Receiver,2020-09-02 17:50:16.122031,"['SS', 'Standalone', 'version_184']",70001777,SENS_EVENT_MEASURE,90 cm,3620 mV,25 C,0 Degree,146 Times,
4743,1623981,70B3D50070001777,1599065415671,FES Receiver,2020-09-02 18:50:15.869921,"['SS', 'Standalone', 'version_184']",70001777,SENS_EVENT_MEASURE,86 cm,3610 mV,22 C,1 Degree,147 Times,
4742,1624429,70B3D50070001777,1599069017239,FES Receiver,2020-09-02 19:50:17.431227,"['SS', 'Standalone', 'version_184']",70001777,SENS_EVENT_MEASURE,92 cm,3610 mV,22 C,1 Degree,148 Times,
4741,1624873,70B3D50070001777,1599072617053,FES Receiver,2020-09-02 20:50:17.24547,"['SS', 'Standalone', 'version_184']",70001777,SENS_EVENT_MEASURE,92 cm,3600 mV,18 C,0 Degree,149 Times,
4740,1625329,70B3D50070001777,1599076216907,FES Receiver,2020-09-02 21:50:17.097915,"['SS', 'Standalone', 'version_184']",70001777,SENS_EVENT_MEASURE,92 cm,3600 mV,17 C,0 Degree,150 Times,
4739,1626241,70B3D50070001777,1599083416594,FES Receiver,2020-09-02 23:50:16.786136,"['SS', 'Standalone', 'version_184']",70001777,SENS_EVENT_MEASURE,92 cm,3590 mV,16 C,0 Degree,152 Times,
4738,1626690,70B3D50070001777,1599087016448,FES Receiver,2020-09-03 00:50:16.639333,"['SS', 'Standalone', 'version_184']",70001777,SENS_EVENT_MEASURE,92 cm,3590 mV,16 C,1 Degree,153 Times,
4737,1627130,70B3D50070001777,1599090616308,FES Receiver,2020-09-03 01:50:16.500706,"['SS', 'Standalone', 'version_184']",70001777,SENS_EVENT_MEASURE,94 cm,3590 mV,15 C,0 Degree,154 Times,
4736,1627583,70B3D50070001777,1599094216155,FES Receiver,2020-09-03 02:50:16.347442,"['SS', 'Standalone', 'version_184']",70001777,SENS_EVENT_MEASURE,92 cm,3580 mV,15 C,0 Degree,155 Times,
4735,1628031,70B3D50070001777,1599097816009,FES Receiver,2020-09-03 03:50:16.20013,"['SS', 'Standalone', 'version_184']",70001777,SENS_EVENT_MEASURE,92 cm,3580 mV,15 C,0 Degree,156 Times,
4734,1628485,70B3D50070001777,1599101415903,FES Receiver,2020-09-03 04:50:16.095337,"['SS', 'Standalone', 'version_184']",70001777,SENS_EVENT_MEASURE,94 cm,3580 mV,14 C,1 Degree,157 Times,
4733,1628944,70B3D50070001777,1599105015737,FES Receiver,2020-09-03 05:50:15.929498,"['SS', 'Standalone', 'version_184']",70001777,SENS_EVENT_MEASURE,94 cm,3580 mV,15 C,1 Degree,158 Times,
4732,1629899,70B3D50070001777,1599112215485,FES Receiver,2020-09-03 07:50:15.677362,"['SS', 'Standalone', 'version_184']",70001777,SENS_EVENT_MEASURE,94 cm,3580 mV,11 C,0 Degree,160 Times,
4731,1630398,70B3D50070001777,1599115815342,FES Receiver,2020-09-03 08:50:15.535194,"['SS', 'Standalone', 'version_184']",70001777,SENS_EVENT_MEASURE,94 cm,3600 mV,17 C,0 Degree,161 Times,
4730,1630854,70B3D50070001777,1599119415172,FES Receiver,2020-09-03 09:50:15.364461,"['SS', 'Standalone', 'version_184']",70001777,SENS_EVENT_MEASURE,106 cm,3620 mV,22 C,1 Degree,162 Times,
4729,1631336,70B3D50070001777,1599123014886,FES Receiver,2020-09-03 10:50:15.077976,"['SS', 'Standalone', 'version_184']",70001777,SENS_EVENT_MEASURE,88 cm,3630 mV,24 C,1 Degree,163 Times,
4728,1631921,70B3D50070001777,1599126614680,FES Receiver,2020-09-03 11:50:14.876897,"['SS', 'Standalone', 'version_184']",70001777,SENS_EVENT_MEASURE,84 cm,3640 mV,28 C,1 Degree,164 Times,
4727,1632724,70B3D50070001777,1599130214554,FES Receiver,2020-09-03 12:50:14.751643,"['SS', 'Standalone', 'version_184']",70001777,SENS_EVENT_MEASURE,88 cm,3640 mV,27 C,1 Degree,165 Times,
4726,1633522,70B3D50070001777,1599133814327,FES Receiver,2020-09-03 13:50:14.520751,"['SS', 'Standalone', 'version_184']",70001777,SENS_EVENT_MEASURE,86 cm,3640 mV,25 C,2 Degree,166 Times,
4725,1635113,70B3D50070001777,1599141014015,FES Receiver,2020-09-03 15:50:14.206837,"['SS', 'Standalone', 'version_184']",70001777,SENS_EVENT_MEASURE,84 cm,3630 mV,25 C,0 Degree,168 Times,
4724,1635896,70B3D50070001777,1599144613949,FES Receiver,2020-09-03 16:50:14.140595,"['SS', 'Standalone', 'version_184']",70001777,SENS_EVENT_MEASURE,82 cm,3630 mV,23 C,1 Degree,169 Times,
4723,1636712,70B3D50070001777,1599148213663,FES Receiver,2020-09-03 17:50:13.858362,"['SS', 'Standalone', 'version_184']",70001777,SENS_EVENT_MEASURE,78 cm,3620 mV,20 C,1 Degree,170 Times,
4722,1637493,70B3D50070001777,1599151813577,FES Receiver,2020-09-03 18:50:13.76875,"['SS', 'Standalone', 'version_184']",70001777,SENS_EVENT_MEASURE,80 cm,3610 mV,18 C,0 Degree,171 Times,
4721,1638284,70B3D50070001777,1599155414945,FES Receiver,2020-09-03 19:50:15.140185,"['SS', 'Standalone', 'version_184']",70001777,SENS_EVENT_MEASURE,80 cm,3610 mV,19 C,1 Degree,172 Times,
4720,1639097,70B3D50070001777,1599159014758,FES Receiver,2020-09-03 20:50:14.952582,"['SS', 'Standalone', 'version_184']",70001777,SENS_EVENT_MEASURE,82 cm,3610 mV,19 C,1 Degree,173 Times,
4719,1640714,70B3D50070001777,1599166214445,FES Receiver,2020-09-03 22:50:14.640763,"['SS', 'Standalone', 'version_184']",70001777,SENS_EVENT_MEASURE,82 cm,3610 mV,19 C,1 Degree,175 Times,
4718,1641512,70B3D50070001777,1599169814280,FES Receiver,2020-09-03 23:50:14.477096,"['SS', 'Standalone', 'version_184']",70001777,SENS_EVENT_MEASURE,82 cm,3610 mV,19 C,0 Degree,176 Times,
4717,1642324,70B3D50070001777,1599173414114,FES Receiver,2020-09-04 00:50:14.309294,"['SS', 'Standalone', 'version_184']",70001777,SENS_EVENT_MEASURE,82 cm,3610 mV,19 C,0 Degree,177 Times,
4716,1643152,70B3D50070001777,1599177013948,FES Receiver,2020-09-04 01:50:14.142771,"['SS', 'Standalone', 'version_184']",70001777,SENS_EVENT_MEASURE,82 cm,3610 mV,19 C,1 Degree,178 Times,
4715,1643972,70B3D50070001777,1599180613802,FES Receiver,2020-09-04 02:50:13.997468,"['SS', 'Standalone', 'version_184']",70001777,SENS_EVENT_MEASURE,82 cm,3610 mV,19 C,1 Degree,179 Times,
4714,1644804,70B3D50070001777,1599184213636,FES Receiver,2020-09-04 03:50:13.830291,"['SS', 'Standalone', 'version_184']",70001777,SENS_EVENT_MEASURE,82 cm,3610 mV,19 C,0 Degree,180 Times,
4713,1645631,70B3D50070001777,1599187813469,FES Receiver,2020-09-04 04:50:13.664248,"['SS', 'Standalone', 'version_184']",70001777,SENS_EVENT_MEASURE,82 cm,3610 mV,20 C,1 Degree,181 Times,
4712,1647277,70B3D50070001777,1599195013138,FES Receiver,2020-09-04 06:50:13.331031,"['SS', 'Standalone', 'version_184']",70001777,SENS_EVENT_MEASURE,82 cm,3610 mV,19 C,1 Degree,183 Times,
4711,1648107,70B3D50070001777,1599198612992,FES Receiver,2020-09-04 07:50:13.187325,"['SS', 'Standalone', 'version_184']",70001777,SENS_EVENT_MEASURE,76 cm,3610 mV,20 C,2 Degree,184 Times,
4710,1648922,70B3D50070001777,1599202212766,FES Receiver,2020-09-04 08:50:12.961393,"['SS', 'Standalone', 'version_184']",70001777,SENS_EVENT_MEASURE,78 cm,3620 mV,20 C,1 Degree,185 Times,
4709,1649754,70B3D50070001777,1599205812600,FES Receiver,2020-09-04 09:50:12.795841,"['SS', 'Standalone', 'version_184']",70001777,SENS_EVENT_MEASURE,78 cm,3620 mV,22 C,0 Degree,186 Times,
4708,1650579,70B3D50070001777,1599209412473,FES Receiver,2020-09-04 10:50:12.668312,"['SS', 'Standalone', 'version_184']",70001777,SENS_EVENT_MEASURE,74 cm,3620 mV,23 C,0 Degree,187 Times,
4707,1651386,70B3D50070001777,1599213012248,FES Receiver,2020-09-04 11:50:12.442685,"['SS', 'Standalone', 'version_184']",70001777,SENS_EVENT_MEASURE,76 cm,3630 mV,24 C,0 Degree,188 Times,
4706,1652203,70B3D50070001777,1599216612122,FES Receiver,2020-09-04 12:50:12.318045,"['SS', 'Standalone', 'version_184']",70001777,SENS_EVENT_MEASURE,70 cm,3640 mV,29 C,3 Degree,189 Times,
4705,1653868,70B3D50070001777,1599223811890,FES Receiver,2020-09-04 14:50:12.091363,"['SS', 'Standalone', 'version_184']",70001777,SENS_EVENT_MEASURE,122 cm,3640 mV,32 C,0 Degree,191 Times,
4704,1654660,70B3D50070001777,1599227411784,FES Receiver,2020-09-04 15:50:11.985377,"['SS', 'Standalone', 'version_184']",70001777,SENS_EVENT_MEASURE,122 cm,3640 mV,32 C,1 Degree,192 Times,
4703,1655472,70B3D50070001777,1599231011616,FES Receiver,2020-09-04 16:50:11.811281,"['SS', 'Standalone', 'version_184']",70001777,SENS_EVENT_MEASURE,122 cm,3640 mV,30 C,0 Degree,193 Times,
4702,1656245,70B3D50070001777,1599234611412,FES Receiver,2020-09-04 17:50:11.610424,"['SS', 'Standalone', 'version_184']",70001777,SENS_EVENT_MEASURE,122 cm,3640 mV,30 C,0 Degree,194 Times,
4701,1656965,70B3D50070001777,1599238211206,FES Receiver,2020-09-04 18:50:11.400965,"['SS', 'Standalone', 'version_184']",70001777,SENS_EVENT_MEASURE,122 cm,3630 mV,28 C,0 Degree,195 Times,
4700,1657723,70B3D50070001777,1599241812516,FES Receiver,2020-09-04 19:50:12.701642,"['SS', 'Standalone', 'version_184']",70001777,SENS_EVENT_MEASURE,122 cm,3630 mV,27 C,2 Degree,196 Times,
4699,1658482,70B3D50070001777,1599245412460,FES Receiver,2020-09-04 20:50:12.645494,"['SS', 'Standalone', 'version_184']",70001777,SENS_EVENT_MEASURE,122 cm,3630 mV,23 C,0 Degree,197 Times,
4698,1659274,70B3D50070001777,1599249012223,FES Receiver,2020-09-04 21:50:12.406348,"['SS', 'Standalone', 'version_184']",70001777,SENS_EVENT_MEASURE,122 cm,3620 mV,23 C,0 Degree,198 Times,
4697,1660088,70B3D50070001777,1599252611997,FES Receiver,2020-09-04 22:50:12.180287,"['SS', 'Standalone', 'version_184']",70001777,SENS_EVENT_MEASURE,122 cm,3620 mV,21 C,1 Degree,199 Times,
4696,1660932,70B3D50070001777,1599256211831,FES Receiver,2020-09-04 23:50:12.014897,"['SS', 'Standalone', 'version_184']",70001777,SENS_EVENT_MEASURE,122 cm,3610 mV,18 C,0 Degree,200 Times,
4695,1661732,70B3D50070001777,1599259811805,FES Receiver,2020-09-05 00:50:11.991003,"['SS', 'Standalone', 'version_184']",70001777,SENS_EVENT_MEASURE,122 cm,3610 mV,19 C,1 Degree,201 Times,
4694,1662493,70B3D50070001777,1599263411499,FES Receiver,2020-09-05 01:50:11.683005,"['SS', 'Standalone', 'version_184']",70001777,SENS_EVENT_MEASURE,122 cm,3610 mV,18 C,1 Degree,202 Times,
4693,1663282,70B3D50070001777,1599267011474,FES Receiver,2020-09-05 02:50:11.658237,"['SS', 'Standalone', 'version_184']",70001777,SENS_EVENT_MEASURE,122 cm,3610 mV,19 C,0 Degree,203 Times,
4692,1664079,70B3D50070001777,1599270611308,FES Receiver,2020-09-05 03:50:11.518279,"['SS', 'Standalone', 'version_184']",70001777,SENS_EVENT_MEASURE,122 cm,3610 mV,16 C,0 Degree,204 Times,
4691,1664874,70B3D50070001777,1599274211102,FES Receiver,2020-09-05 04:50:11.28554,"['SS', 'Standalone', 'version_184']",70001777,SENS_EVENT_MEASURE,122 cm,3610 mV,16 C,0 Degree,205 Times,
4690,1665674,70B3D50070001777,1599277810856,FES Receiver,2020-09-05 05:50:11.040374,"['SS', 'Standalone', 'version_184']",70001777,SENS_EVENT_MEASURE,122 cm,3610 mV,19 C,0 Degree,206 Times,
4689,1666472,70B3D50070001777,1599281410789,FES Receiver,2020-09-05 06:50:10.972823,"['SS', 'Standalone', 'version_184']",70001777,SENS_EVENT_MEASURE,122 cm,3610 mV,16 C,0 Degree,207 Times,
4688,1667260,70B3D50070001777,1599285010642,FES Receiver,2020-09-05 07:50:10.826609,"['SS', 'Standalone', 'version_184']",70001777,SENS_EVENT_MEASURE,122 cm,3610 mV,16 C,1 Degree,208 Times,
4687,1668039,70B3D50070001777,1599288610457,FES Receiver,2020-09-05 08:50:10.640809,"['SS', 'Standalone', 'version_184']",70001777,SENS_EVENT_MEASURE,122 cm,3610 mV,17 C,0 Degree,209 Times,
4686,1668822,70B3D50070001777,1599292210311,FES Receiver,2020-09-05 09:50:10.498578,"['SS', 'Standalone', 'version_184']",70001777,SENS_EVENT_MEASURE,122 cm,3620 mV,22 C,0 Degree,210 Times,
4685,1669607,70B3D50070001777,1599295810125,FES Receiver,2020-09-05 10:50:10.310374,"['SS', 'Standalone', 'version_184']",70001777,SENS_EVENT_MEASURE,122 cm,3630 mV,22 C,0 Degree,211 Times,
4684,1670409,70B3D50070001777,1599299409825,FES Receiver,2020-09-05 11:50:10.008634,"['SS', 'Standalone', 'version_184']",70001777,SENS_EVENT_MEASURE,122 cm,3640 mV,31 C,0 Degree,212 Times,
4683,1671977,70B3D50070001777,1599306609607,FES Receiver,2020-09-05 13:50:09.791225,"['SS', 'Standalone', 'version_184']",70001777,SENS_EVENT_MEASURE,124 cm,3650 mV,40 C,0 Degree,214 Times,
4682,1672786,70B3D50070001777,1599310209441,FES Receiver,2020-09-05 14:50:09.624963,"['SS', 'Standalone', 'version_184']",70001777,SENS_EVENT_MEASURE,122 cm,3640 mV,31 C,1 Degree,215 Times,
4681,1674357,70B3D50070001777,1599317409095,FES Receiver,2020-09-05 16:50:09.286785,"['SS', 'Standalone', 'version_184']",70001777,SENS_EVENT_MEASURE,122 cm,3630 mV,23 C,1 Degree,217 Times,
4680,1675103,70B3D50070001777,1599321008922,FES Receiver,2020-09-05 17:50:09.125394,"['SS', 'Standalone', 'version_184']",70001777,SENS_EVENT_MEASURE,122 cm,3620 mV,24 C,0 Degree,218 Times,
4679,1675835,70B3D50070001777,1599324608736,FES Receiver,2020-09-05 18:50:08.943297,"['SS', 'Standalone', 'version_184']",70001777,SENS_EVENT_MEASURE,118 cm,3610 mV,21 C,0 Degree,219 Times,
4678,1676602,70B3D50070001777,1599328210152,FES Receiver,2020-09-05 19:50:10.348419,"['SS', 'Standalone', 'version_184']",70001777,SENS_EVENT_MEASURE,116 cm,3610 mV,19 C,0 Degree,220 Times,
4677,1677391,70B3D50070001777,1599331809986,FES Receiver,2020-09-05 20:50:10.181437,"['SS', 'Standalone', 'version_184']",70001777,SENS_EVENT_MEASURE,116 cm,3610 mV,18 C,1 Degree,221 Times,
4676,1678163,70B3D50070001777,1599335409821,FES Receiver,2020-09-05 21:50:10.016246,"['SS', 'Standalone', 'version_184']",70001777,SENS_EVENT_MEASURE,116 cm,3600 mV,15 C,0 Degree,222 Times,
4675,1679721,70B3D50070001777,1599342609509,FES Receiver,2020-09-05 23:50:09.71046,"['SS', 'Standalone', 'version_184']",70001777,SENS_EVENT_MEASURE,124 cm,3600 mV,17 C,0 Degree,224 Times,
4674,1680467,70B3D50070001777,1599346209343,FES Receiver,2020-09-06 00:50:09.538449,"['SS', 'Standalone', 'version_184']",70001777,SENS_EVENT_MEASURE,124 cm,3600 mV,14 C,0 Degree,225 Times,
4673,1681176,70B3D50070001777,1599349809201,FES Receiver,2020-09-06 01:50:09.396861,"['SS', 'Standalone', 'version_184']",70001777,SENS_EVENT_MEASURE,124 cm,3600 mV,17 C,0 Degree,226 Times,
4672,1681902,70B3D50070001777,1599353409050,FES Receiver,2020-09-06 02:50:09.249466,"['SS', 'Standalone', 'version_184']",70001777,SENS_EVENT_MEASURE,124 cm,3600 mV,16 C,0 Degree,227 Times,
4671,1683422,70B3D50070001777,1599360608757,FES Receiver,2020-09-06 04:50:08.962459,"['SS', 'Standalone', 'version_184']",70001777,SENS_EVENT_MEASURE,126 cm,3590 mV,15 C,0 Degree,229 Times,
4670,1684170,70B3D50070001777,1599364208631,FES Receiver,2020-09-06 05:50:08.829971,"['SS', 'Standalone', 'version_184']",70001777,SENS_EVENT_MEASURE,126 cm,3590 mV,14 C,0 Degree,230 Times,
4669,1684923,70B3D50070001777,1599367808506,FES Receiver,2020-09-06 06:50:08.710494,"['SS', 'Standalone', 'version_184']",70001777,SENS_EVENT_MEASURE,130 cm,3590 mV,15 C,0 Degree,231 Times,
4668,1685685,70B3D50070001777,1599371408340,FES Receiver,2020-09-06 07:50:08.54543,"['SS', 'Standalone', 'version_184']",70001777,SENS_EVENT_MEASURE,140 cm,3590 mV,15 C,0 Degree,232 Times,
4667,1686457,70B3D50070001777,1599375008194,FES Receiver,2020-09-06 08:50:08.400458,"['SS', 'Standalone', 'version_184']",70001777,SENS_EVENT_MEASURE,142 cm,3600 mV,17 C,0 Degree,233 Times,
4666,1687221,70B3D50070001777,1599378607888,FES Receiver,2020-09-06 09:50:08.085435,"['SS', 'Standalone', 'version_184']",70001777,SENS_EVENT_MEASURE,124 cm,3630 mV,23 C,0 Degree,234 Times,
4665,1688001,70B3D50070001777,1599382207842,FES Receiver,2020-09-06 10:50:08.037426,"['SS', 'Standalone', 'version_184']",70001777,SENS_EVENT_MEASURE,120 cm,3640 mV,35 C,1 Degree,235 Times,
4664,1689548,70B3D50070001777,1599389407595,FES Receiver,2020-09-06 12:50:07.799453,"['SS', 'Standalone', 'version_184']",70001777,SENS_EVENT_MEASURE,120 cm,3650 mV,43 C,0 Degree,237 Times,
4663,1690329,70B3D50070001777,1599393007304,FES Receiver,2020-09-06 13:50:07.507421,"['SS', 'Standalone', 'version_184']",70001777,SENS_EVENT_MEASURE,122 cm,3650 mV,40 C,1 Degree,238 Times,
4662,1691121,70B3D50070001777,1599396607218,FES Receiver,2020-09-06 14:50:07.417454,"['SS', 'Standalone', 'version_184']",70001777,SENS_EVENT_MEASURE,120 cm,3640 mV,30 C,1 Degree,239 Times,
4661,1691881,70B3D50070001777,1599400206897,FES Receiver,2020-09-06 15:50:07.097434,"['SS', 'Standalone', 'version_184']",70001777,SENS_EVENT_MEASURE,120 cm,3630 mV,27 C,0 Degree,240 Times,
4660,1692652,70B3D50070001777,1599403806846,FES Receiver,2020-09-06 16:50:07.041439,"['SS', 'Standalone', 'version_184']",70001777,SENS_EVENT_MEASURE,120 cm,3620 mV,28 C,1 Degree,241 Times,
4659,1693426,70B3D50070001777,1599407406700,FES Receiver,2020-09-06 17:50:06.911138,"['SS', 'Standalone', 'version_184']",70001777,SENS_EVENT_MEASURE,120 cm,3620 mV,24 C,1 Degree,242 Times,
4658,1694193,70B3D50070001777,1599411006514,FES Receiver,2020-09-06 18:50:06.713415,"['SS', 'Standalone', 'version_184']",70001777,SENS_EVENT_MEASURE,120 cm,3610 mV,22 C,1 Degree,243 Times,
4657,1694984,70B3D50070001777,1599414607941,FES Receiver,2020-09-06 19:50:08.141583,"['SS', 'Standalone', 'version_184']",70001777,SENS_EVENT_MEASURE,120 cm,3600 mV,21 C,0 Degree,244 Times,
4656,1695761,70B3D50070001777,1599418207770,FES Receiver,2020-09-06 20:50:07.985267,"['SS', 'Standalone', 'version_184']",70001777,SENS_EVENT_MEASURE,120 cm,3600 mV,17 C,0 Degree,245 Times,
4655,1697342,70B3D50070001777,1599425407498,FES Receiver,2020-09-06 22:50:07.710172,"['SS', 'Standalone', 'version_184']",70001777,SENS_EVENT_MEASURE,120 cm,3590 mV,15 C,0 Degree,247 Times,
4654,1698099,70B3D50070001777,1599429007352,FES Receiver,2020-09-06 23:50:07.572283,"['SS', 'Standalone', 'version_184']",70001777,SENS_EVENT_MEASURE,118 cm,3590 mV,15 C,0 Degree,248 Times,
4653,1698879,70B3D50070001777,1599432607186,FES Receiver,2020-09-07 00:50:07.387565,"['SS', 'Standalone', 'version_184']",70001777,SENS_EVENT_MEASURE,120 cm,3590 mV,15 C,1 Degree,249 Times,
4652,1699678,70B3D50070001777,1599436207059,FES Receiver,2020-09-07 01:50:07.255584,"['SS', 'Standalone', 'version_184']",70001777,SENS_EVENT_MEASURE,120 cm,3580 mV,15 C,0 Degree,250 Times,
4651,1700468,70B3D50070001777,1599439806893,FES Receiver,2020-09-07 02:50:07.092606,"['SS', 'Standalone', 'version_184']",70001777,SENS_EVENT_MEASURE,118 cm,3580 mV,15 C,0 Degree,251 Times,
4650,1701246,70B3D50070001777,1599443406753,FES Receiver,2020-09-07 03:50:06.950575,"['SS', 'Standalone', 'version_184']",70001777,SENS_EVENT_MEASURE,118 cm,3580 mV,14 C,0 Degree,252 Times,
4649,1702003,70B3D50070001777,1599447006661,FES Receiver,2020-09-07 04:50:06.861576,"['SS', 'Standalone', 'version_184']",70001777,SENS_EVENT_MEASURE,118 cm,3580 mV,13 C,0 Degree,253 Times,
4648,1703530,70B3D50070001777,1599454206410,FES Receiver,2020-09-07 06:50:06.612566,"['SS', 'Standalone', 'version_184']",70001777,SENS_EVENT_MEASURE,116 cm,3570 mV,13 C,0 Degree,255 Times,
4647,1704319,70B3D50070001777,1599457786284,FES Receiver,2020-09-07 07:49:46.481653,"['SS', 'Standalone', 'version_184']",70001777,SENS_EVENT_MEASURE,116 cm,3570 mV,13 C,0 Degree,0 Times,
4646,1705175,70B3D50070001777,1599461385958,FES Receiver,2020-09-07 08:49:46.155917,"['SS', 'Standalone', 'version_184']",70001777,SENS_EVENT_MEASURE,116 cm,3600 mV,15 C,0 Degree,1 Times,
4645,1706010,70B3D50070001777,1599464985812,FES Receiver,2020-09-07 09:49:46.009807,"['SS', 'Standalone', 'version_184']",70001777,SENS_EVENT_MEASURE,118 cm,3630 mV,28 C,1 Degree,2 Times,
4644,1706859,70B3D50070001777,1599468585645,FES Receiver,2020-09-07 10:49:45.84286,"['SS', 'Standalone', 'version_184']",70001777,SENS_EVENT_MEASURE,116 cm,3640 mV,34 C,1 Degree,3 Times,
4643,1707723,70B3D50070001777,1599472185480,FES Receiver,2020-09-07 11:49:45.677827,"['SS', 'Standalone', 'version_184']",70001777,SENS_EVENT_MEASURE,114 cm,3650 mV,41 C,0 Degree,4 Times,
4642,1708525,70B3D50070001777,1599475785334,FES Receiver,2020-09-07 12:49:45.531973,"['SS', 'Standalone', 'version_184']",70001777,SENS_EVENT_MEASURE,118 cm,3650 mV,43 C,0 Degree,5 Times,
4641,1709409,70B3D50070001777,1599479385268,FES Receiver,2020-09-07 13:49:45.466208,"['SS', 'Standalone', 'version_184']",70001777,SENS_EVENT_MEASURE,120 cm,3650 mV,46 C,1 Degree,6 Times,
4640,1710211,70B3D50070001777,1599482985182,FES Receiver,2020-09-07 14:49:45.380799,"['SS', 'Standalone', 'version_184']",70001777,SENS_EVENT_MEASURE,110 cm,3640 mV,29 C,0 Degree,7 Times,
4639,1711023,70B3D50070001777,1599486584996,FES Receiver,2020-09-07 15:49:45.192173,"['SS', 'Standalone', 'version_184']",70001777,SENS_EVENT_MEASURE,110 cm,3620 mV,25 C,0 Degree,8 Times,
4638,1711836,70B3D50070001777,1599490184790,FES Receiver,2020-09-07 16:49:44.989733,"['SS', 'Standalone', 'version_184']",70001777,SENS_EVENT_MEASURE,110 cm,3610 mV,24 C,0 Degree,9 Times,
4637,1712640,70B3D50070001777,1599493784564,FES Receiver,2020-09-07 17:49:44.761122,"['SS', 'Standalone', 'version_184']",70001777,SENS_EVENT_MEASURE,108 cm,3610 mV,24 C,0 Degree,10 Times,
4636,1713397,70B3D50070001777,1599497384478,FES Receiver,2020-09-07 18:49:44.679407,"['SS', 'Standalone', 'version_184']",70001777,SENS_EVENT_MEASURE,108 cm,3610 mV,23 C,1 Degree,11 Times,
4635,1714189,70B3D50070001777,1599500985891,FES Receiver,2020-09-07 19:49:46.090289,"['SS', 'Standalone', 'version_184']",70001777,SENS_EVENT_MEASURE,108 cm,3600 mV,20 C,0 Degree,12 Times,
4634,1715826,70B3D50070001777,1599508185558,FES Receiver,2020-09-07 21:49:45.758336,"['SS', 'Standalone', 'version_184']",70001777,SENS_EVENT_MEASURE,112 cm,3590 mV,16 C,1 Degree,14 Times,
4633,1716609,70B3D50070001777,1599511785413,FES Receiver,2020-09-07 22:49:45.612837,"['SS', 'Standalone', 'version_184']",70001777,SENS_EVENT_MEASURE,110 cm,3580 mV,14 C,0 Degree,15 Times,
4632,1717399,70B3D50070001777,1599515385266,FES Receiver,2020-09-07 23:49:45.465723,"['SS', 'Standalone', 'version_184']",70001777,SENS_EVENT_MEASURE,110 cm,3580 mV,13 C,0 Degree,16 Times,
4631,1718195,70B3D50070001777,1599518985121,FES Receiver,2020-09-08 00:49:45.320912,"['SS', 'Standalone', 'version_184']",70001777,SENS_EVENT_MEASURE,108 cm,3580 mV,14 C,0 Degree,17 Times,
4630,1719777,70B3D50070001777,1599526184768,FES Receiver,2020-09-08 02:49:44.971941,"['SS', 'Standalone', 'version_184']",70001777,SENS_EVENT_MEASURE,108 cm,3580 mV,14 C,1 Degree,19 Times,
4629,1720546,70B3D50070001777,1599529784742,FES Receiver,2020-09-08 03:49:44.94441,"['SS', 'Standalone', 'version_184']",70001777,SENS_EVENT_MEASURE,108 cm,3570 mV,14 C,0 Degree,20 Times,
4628,1721341,70B3D50070001777,1599533384616,FES Receiver,2020-09-08 04:49:44.815528,"['SS', 'Standalone', 'version_184']",70001777,SENS_EVENT_MEASURE,108 cm,3570 mV,14 C,0 Degree,21 Times,
4627,1722149,70B3D50070001777,1599536984510,FES Receiver,2020-09-08 05:49:44.710633,"['SS', 'Standalone', 'version_184']",70001777,SENS_EVENT_MEASURE,110 cm,3570 mV,12 C,1 Degree,22 Times,
4626,1722941,70B3D50070001777,1599540584365,FES Receiver,2020-09-08 06:49:44.564595,"['SS', 'Standalone', 'version_184']",70001777,SENS_EVENT_MEASURE,108 cm,3570 mV,13 C,0 Degree,23 Times,
4625,1723749,70B3D50070001777,1599544184238,FES Receiver,2020-09-08 07:49:44.437599,"['SS', 'Standalone', 'version_184']",70001777,SENS_EVENT_MEASURE,120 cm,3570 mV,13 C,2 Degree,24 Times,
4624,1724568,70B3D50070001777,1599547784052,FES Receiver,2020-09-08 08:49:44.252175,"['SS', 'Standalone', 'version_184']",70001777,SENS_EVENT_MEASURE,108 cm,3590 mV,17 C,0 Degree,25 Times,
4623,1725385,70B3D50070001777,1599551383886,FES Receiver,2020-09-08 09:49:44.085399,"['SS', 'Standalone', 'version_184']",70001777,SENS_EVENT_MEASURE,104 cm,3630 mV,25 C,0 Degree,26 Times,
4622,1726147,70B3D50070001777,1599554983681,FES Receiver,2020-09-08 10:49:43.879826,"['SS', 'Standalone', 'version_184']",70001777,SENS_EVENT_MEASURE,104 cm,3640 mV,30 C,1 Degree,27 Times,
4621,1726956,70B3D50070001777,1599558583534,FES Receiver,2020-09-08 11:49:43.734344,"['SS', 'Standalone', 'version_184']",70001777,SENS_EVENT_MEASURE,104 cm,3640 mV,34 C,0 Degree,28 Times,
4620,1728614,70B3D50070001777,1599565783123,FES Receiver,2020-09-08 13:49:43.321712,"['SS', 'Standalone', 'version_184']",70001777,SENS_EVENT_MEASURE,102 cm,3650 mV,42 C,0 Degree,30 Times,
4619,1729440,70B3D50070001777,1599569383057,FES Receiver,2020-09-08 14:49:43.256432,"['SS', 'Standalone', 'version_184']",70001777,SENS_EVENT_MEASURE,104 cm,3640 mV,30 C,0 Degree,31 Times,
4618,1730268,70B3D50070001777,1599572982871,FES Receiver,2020-09-08 15:49:43.070124,"['SS', 'Standalone', 'version_184']",70001777,SENS_EVENT_MEASURE,108 cm,3630 mV,25 C,1 Degree,32 Times,
4617,1731078,70B3D50070001777,1599576582565,FES Receiver,2020-09-08 16:49:42.76424,"['SS', 'Standalone', 'version_184']",70001777,SENS_EVENT_MEASURE,114 cm,3620 mV,28 C,0 Degree,33 Times,
4616,1731859,70B3D50070001777,1599580182441,FES Receiver,2020-09-08 17:49:42.640972,"['SS', 'Standalone', 'version_184']",70001777,SENS_EVENT_MEASURE,104 cm,3620 mV,26 C,0 Degree,34 Times,
4615,1732613,70B3D50070001777,1599583782212,FES Receiver,2020-09-08 18:49:42.416218,"['SS', 'Standalone', 'version_184']",70001777,SENS_EVENT_MEASURE,110 cm,3620 mV,24 C,0 Degree,35 Times,
4614,1734195,70B3D50070001777,1599590983582,FES Receiver,2020-09-08 20:49:43.783842,"['SS', 'Standalone', 'version_184']",70001777,SENS_EVENT_MEASURE,98 cm,3610 mV,21 C,1 Degree,37 Times,
4613,1735002,70B3D50070001777,1599594583416,FES Receiver,2020-09-08 21:49:43.614803,"['SS', 'Standalone', 'version_184']",70001777,SENS_EVENT_MEASURE,96 cm,3600 mV,19 C,1 Degree,38 Times,
4612,1735798,70B3D50070001777,1599598183250,FES Receiver,2020-09-08 22:49:43.449192,"['SS', 'Standalone', 'version_184']",70001777,SENS_EVENT_MEASURE,96 cm,3600 mV,18 C,0 Degree,39 Times,
4611,1736589,70B3D50070001777,1599601783084,FES Receiver,2020-09-08 23:49:43.282394,"['SS', 'Standalone', 'version_184']",70001777,SENS_EVENT_MEASURE,98 cm,3600 mV,18 C,0 Degree,40 Times,
4610,1738179,70B3D50070001777,1599608982772,FES Receiver,2020-09-09 01:49:42.971611,"['SS', 'Standalone', 'version_184']",70001777,SENS_EVENT_MEASURE,96 cm,3590 mV,16 C,0 Degree,42 Times,
4609,1738909,70B3D50070001777,1599612582627,FES Receiver,2020-09-09 02:49:42.827204,"['SS', 'Standalone', 'version_184']",70001777,SENS_EVENT_MEASURE,96 cm,3590 mV,16 C,0 Degree,43 Times,
4608,1739704,70B3D50070001777,1599616182480,FES Receiver,2020-09-09 03:49:42.679117,"['SS', 'Standalone', 'version_184']",70001777,SENS_EVENT_MEASURE,98 cm,3590 mV,16 C,1 Degree,44 Times,
4607,1740502,70B3D50070001777,1599619782339,FES Receiver,2020-09-09 04:49:42.539321,"['SS', 'Standalone', 'version_184']",70001777,SENS_EVENT_MEASURE,98 cm,3590 mV,17 C,0 Degree,45 Times,
4606,1741307,70B3D50070001777,1599623382188,FES Receiver,2020-09-09 05:49:42.393587,"['SS', 'Standalone', 'version_184']",70001777,SENS_EVENT_MEASURE,98 cm,3590 mV,15 C,1 Degree,46 Times,
4605,1742113,70B3D50070001777,1599626982048,FES Receiver,2020-09-09 06:49:42.253208,"['SS', 'Standalone', 'version_184']",70001777,SENS_EVENT_MEASURE,98 cm,3580 mV,18 C,0 Degree,47 Times,
4604,1742915,70B3D50070001777,1599630581896,FES Receiver,2020-09-09 07:49:42.096644,"['SS', 'Standalone', 'version_184']",70001777,SENS_EVENT_MEASURE,98 cm,3580 mV,15 C,0 Degree,48 Times,
4603,1743765,70B3D50070001777,1599634181750,FES Receiver,2020-09-09 08:49:41.949643,"['SS', 'Standalone', 'version_184']",70001777,SENS_EVENT_MEASURE,98 cm,3600 mV,17 C,0 Degree,49 Times,
4602,1744595,70B3D50070001777,1599637781583,FES Receiver,2020-09-09 09:49:41.783173,"['SS', 'Standalone', 'version_184']",70001777,SENS_EVENT_MEASURE,106 cm,3630 mV,27 C,0 Degree,50 Times,
4601,1745412,70B3D50070001777,1599641381398,FES Receiver,2020-09-09 10:49:41.599175,"['SS', 'Standalone', 'version_184']",70001777,SENS_EVENT_MEASURE,110 cm,3640 mV,32 C,0 Degree,51 Times,
4600,1747153,70B3D50070001777,1599648581146,FES Receiver,2020-09-09 12:49:41.345356,"['SS', 'Standalone', 'version_184']",70001777,SENS_EVENT_MEASURE,108 cm,3650 mV,43 C,0 Degree,53 Times,
4599,1747955,70B3D50070001777,1599652180880,FES Receiver,2020-09-09 13:49:41.08013,"['SS', 'Standalone', 'version_184']",70001777,SENS_EVENT_MEASURE,106 cm,3650 mV,41 C,1 Degree,54 Times,
4598,1748830,70B3D50070001777,1599655780700,FES Receiver,2020-09-09 14:49:40.900055,"['SS', 'Standalone', 'version_184']",70001777,SENS_EVENT_MEASURE,110 cm,3640 mV,31 C,0 Degree,55 Times,
4597,1750483,70B3D50070001777,1599662980402,FES Receiver,2020-09-09 16:49:40.601389,"['SS', 'Standalone', 'version_184']",70001777,SENS_EVENT_MEASURE,102 cm,3630 mV,30 C,0 Degree,57 Times,
4596,1751291,70B3D50070001777,1599666580176,FES Receiver,2020-09-09 17:49:40.375204,"['SS', 'Standalone', 'version_184']",70001777,SENS_EVENT_MEASURE,104 cm,3630 mV,29 C,0 Degree,58 Times,
4595,1752070,70B3D50070001777,1599670179992,FES Receiver,2020-09-09 18:49:40.195593,"['SS', 'Standalone', 'version_184']",70001777,SENS_EVENT_MEASURE,98 cm,3620 mV,28 C,0 Degree,59 Times,
4594,1752854,70B3D50070001777,1599673781409,FES Receiver,2020-09-09 19:49:41.608453,"['SS', 'Standalone', 'version_184']",70001777,SENS_EVENT_MEASURE,98 cm,3610 mV,23 C,0 Degree,60 Times,
4593,1753660,70B3D50070001777,1599677381323,FES Receiver,2020-09-09 20:49:41.522767,"['SS', 'Standalone', 'version_184']",70001777,SENS_EVENT_MEASURE,98 cm,3610 mV,23 C,0 Degree,61 Times,
4592,1754478,70B3D50070001777,1599680981158,FES Receiver,2020-09-09 21:49:41.357258,"['SS', 'Standalone', 'version_184']",70001777,SENS_EVENT_MEASURE,98 cm,3610 mV,22 C,0 Degree,62 Times,
4591,1755281,70B3D50070001777,1599684580970,FES Receiver,2020-09-09 22:49:41.171577,"['SS', 'Standalone', 'version_184']",70001777,SENS_EVENT_MEASURE,98 cm,3610 mV,23 C,1 Degree,63 Times,
4590,1756103,70B3D50070001777,1599688180804,FES Receiver,2020-09-09 23:49:41.005728,"['SS', 'Standalone', 'version_184']",70001777,SENS_EVENT_MEASURE,98 cm,3600 mV,21 C,0 Degree,64 Times,
4589,1756904,70B3D50070001777,1599691780643,FES Receiver,2020-09-10 00:49:40.842798,"['SS', 'Standalone', 'version_184']",70001777,SENS_EVENT_MEASURE,98 cm,3610 mV,20 C,1 Degree,65 Times,
4588,1757718,70B3D50070001777,1599695380474,FES Receiver,2020-09-10 01:49:40.675865,"['SS', 'Standalone', 'version_184']",70001777,SENS_EVENT_MEASURE,102 cm,3610 mV,21 C,0 Degree,66 Times,
4587,1758528,70B3D50070001777,1599698980305,FES Receiver,2020-09-10 02:49:40.50534,"['SS', 'Standalone', 'version_184']",70001777,SENS_EVENT_MEASURE,106 cm,3610 mV,20 C,1 Degree,67 Times,
4586,1759341,70B3D50070001777,1599702580139,FES Receiver,2020-09-10 03:49:40.339461,"['SS', 'Standalone', 'version_184']",70001777,SENS_EVENT_MEASURE,104 cm,3600 mV,20 C,0 Degree,68 Times,
4585,1760155,70B3D50070001777,1599706179953,FES Receiver,2020-09-10 04:49:40.152477,"['SS', 'Standalone', 'version_184']",70001777,SENS_EVENT_MEASURE,102 cm,3600 mV,20 C,0 Degree,69 Times,
4584,1760979,70B3D50070001777,1599709779807,FES Receiver,2020-09-10 05:49:40.005832,"['SS', 'Standalone', 'version_184']",70001777,SENS_EVENT_MEASURE,102 cm,3600 mV,18 C,0 Degree,70 Times,
4583,1761786,70B3D50070001777,1599713379641,FES Receiver,2020-09-10 06:49:39.840249,"['SS', 'Standalone', 'version_184']",70001777,SENS_EVENT_MEASURE,112 cm,3600 mV,18 C,0 Degree,71 Times,
4582,1763405,70B3D50070001777,1599720579308,FES Receiver,2020-09-10 08:49:39.512353,"['SS', 'Standalone', 'version_184']",70001777,SENS_EVENT_MEASURE,100 cm,3600 mV,18 C,0 Degree,73 Times,
4581,1764234,70B3D50070001777,1599724179122,FES Receiver,2020-09-10 09:49:39.328622,"['SS', 'Standalone', 'version_184']",70001777,SENS_EVENT_MEASURE,98 cm,3610 mV,20 C,0 Degree,74 Times,
4580,1765099,70B3D50070001777,1599727778836,FES Receiver,2020-09-10 10:49:39.037176,"['SS', 'Standalone', 'version_184']",70001777,SENS_EVENT_MEASURE,96 cm,3620 mV,24 C,0 Degree,75 Times,
4579,1765919,70B3D50070001777,1599731378850,FES Receiver,2020-09-10 11:49:39.04908,"['SS', 'Standalone', 'version_184']",70001777,SENS_EVENT_MEASURE,100 cm,3640 mV,37 C,0 Degree,76 Times,
4578,1766701,70B3D50070001777,1599734978544,FES Receiver,2020-09-10 12:49:38.744014,"['SS', 'Standalone', 'version_184']",70001777,SENS_EVENT_MEASURE,96 cm,3640 mV,43 C,0 Degree,77 Times,
4577,1767525,70B3D50070001777,1599738578397,FES Receiver,2020-09-10 13:49:38.596315,"['SS', 'Standalone', 'version_184']",70001777,SENS_EVENT_MEASURE,94 cm,3650 mV,45 C,0 Degree,78 Times,
4576,1768320,70B3D50070001777,1599742178251,FES Receiver,2020-09-10 14:49:38.449852,"['SS', 'Standalone', 'version_184']",70001777,SENS_EVENT_MEASURE,94 cm,3630 mV,30 C,0 Degree,79 Times,
4575,1769956,70B3D50070001777,1599749377924,FES Receiver,2020-09-10 16:49:38.125478,"['SS', 'Standalone', 'version_184']",70001777,SENS_EVENT_MEASURE,94 cm,3610 mV,24 C,0 Degree,81 Times,
4574,1770678,70B3D50070001777,1599752977752,FES Receiver,2020-09-10 17:49:37.953401,"['SS', 'Standalone', 'version_184']",70001777,SENS_EVENT_MEASURE,88 cm,3610 mV,23 C,0 Degree,82 Times,
4573,1771481,70B3D50070001777,1599756582506,FES Receiver,2020-09-10 18:49:42.709716,"['SS', 'Standalone', 'version_184']",70001777,SENS_EVENT_MEASURE,92 cm,3610 mV,23 C,0 Degree,83 Times,
4572,1772280,70B3D50070001777,1599760178932,FES Receiver,2020-09-10 19:49:39.127344,"['SS', 'Standalone', 'version_184']",70001777,SENS_EVENT_MEASURE,88 cm,3600 mV,20 C,0 Degree,84 Times,
4571,1773079,70B3D50070001777,1599763778906,FES Receiver,2020-09-10 20:49:39.101616,"['SS', 'Standalone', 'version_184']",70001777,SENS_EVENT_MEASURE,88 cm,3600 mV,20 C,0 Degree,85 Times,
4570,1773859,70B3D50070001777,1599767378758,FES Receiver,2020-09-10 21:49:38.955479,"['SS', 'Standalone', 'version_184']",70001777,SENS_EVENT_MEASURE,88 cm,3600 mV,16 C,0 Degree,86 Times,
4569,1774639,70B3D50070001777,1599770978520,FES Receiver,2020-09-10 22:49:38.715464,"['SS', 'Standalone', 'version_184']",70001777,SENS_EVENT_MEASURE,90 cm,3590 mV,17 C,0 Degree,87 Times,
4568,1775471,70B3D50070001777,1599774578348,FES Receiver,2020-09-10 23:49:38.543041,"['SS', 'Standalone', 'version_184']",70001777,SENS_EVENT_MEASURE,90 cm,3600 mV,16 C,0 Degree,88 Times,
4567,1776275,70B3D50070001777,1599778178202,FES Receiver,2020-09-11 00:49:38.397185,"['SS', 'Standalone', 'version_184']",70001777,SENS_EVENT_MEASURE,90 cm,3590 mV,15 C,1 Degree,89 Times,
4566,1777099,70B3D50070001777,1599781778115,FES Receiver,2020-09-11 01:49:38.311002,"['SS', 'Standalone', 'version_184']",70001777,SENS_EVENT_MEASURE,90 cm,3590 mV,13 C,0 Degree,90 Times,
4565,1777906,70B3D50070001777,1599785377948,FES Receiver,2020-09-11 02:49:38.144862,"['SS', 'Standalone', 'version_184']",70001777,SENS_EVENT_MEASURE,90 cm,3590 mV,17 C,0 Degree,91 Times,
4564,1778716,70B3D50070001777,1599788977764,FES Receiver,2020-09-11 03:49:37.958024,"['SS', 'Standalone', 'version_184']",70001777,SENS_EVENT_MEASURE,88 cm,3580 mV,15 C,0 Degree,92 Times,
4563,1779524,70B3D50070001777,1599792577697,FES Receiver,2020-09-11 04:49:37.893568,"['SS', 'Standalone', 'version_184']",70001777,SENS_EVENT_MEASURE,90 cm,3580 mV,15 C,0 Degree,93 Times,
4562,1780302,70B3D50070001777,1599796177531,FES Receiver,2020-09-11 05:49:37.728248,"['SS', 'Standalone', 'version_184']",70001777,SENS_EVENT_MEASURE,92 cm,3580 mV,15 C,0 Degree,94 Times,
4561,1781115,70B3D50070001777,1599799777311,FES Receiver,2020-09-11 06:49:37.508275,"['SS', 'Standalone', 'version_184']",70001777,SENS_EVENT_MEASURE,90 cm,3580 mV,13 C,0 Degree,95 Times,
4560,1782691,70B3D50070001777,1599806977019,FES Receiver,2020-09-11 08:49:37.213764,"['SS', 'Standalone', 'version_184']",70001777,SENS_EVENT_MEASURE,90 cm,3600 mV,16 C,1 Degree,97 Times,
4559,1783490,70B3D50070001777,1599810576847,FES Receiver,2020-09-11 09:49:37.042065,"['SS', 'Standalone', 'version_184']",70001777,SENS_EVENT_MEASURE,90 cm,3630 mV,27 C,0 Degree,98 Times,
4558,1784341,70B3D50070001777,1599814176662,FES Receiver,2020-09-11 10:49:36.861228,"['SS', 'Standalone', 'version_184']",70001777,SENS_EVENT_MEASURE,90 cm,3640 mV,35 C,0 Degree,99 Times,
4557,1785203,70B3D50070001777,1599817776515,FES Receiver,2020-09-11 11:49:36.718531,"['SS', 'Standalone', 'version_184']",70001777,SENS_EVENT_MEASURE,90 cm,3650 mV,42 C,1 Degree,100 Times,
4556,1786897,70B3D50070001777,1599824976302,FES Receiver,2020-09-11 13:49:36.50258,"['SS', 'Standalone', 'version_184']",70001777,SENS_EVENT_MEASURE,88 cm,3650 mV,47 C,0 Degree,102 Times,
4555,1787716,70B3D50070001777,1599828576224,FES Receiver,2020-09-11 14:49:36.423433,"['SS', 'Standalone', 'version_184']",70001777,SENS_EVENT_MEASURE,88 cm,3640 mV,31 C,1 Degree,103 Times,
4554,1789341,70B3D50070001777,1599835775784,FES Receiver,2020-09-11 16:49:35.978896,"['SS', 'Standalone', 'version_184']",70001777,SENS_EVENT_MEASURE,78 cm,3610 mV,26 C,0 Degree,105 Times,
4553,1790113,70B3D50070001777,1599839375559,FES Receiver,2020-09-11 17:49:35.754198,"['SS', 'Standalone', 'version_184']",70001777,SENS_EVENT_MEASURE,78 cm,3610 mV,27 C,1 Degree,106 Times,
4552,1790908,70B3D50070001777,1599842975413,FES Receiver,2020-09-11 18:49:35.612519,"['SS', 'Standalone', 'version_184']",70001777,SENS_EVENT_MEASURE,78 cm,3610 mV,25 C,0 Degree,107 Times,
4551,1792437,70B3D50070001777,1599850176633,FES Receiver,2020-09-11 20:49:36.832595,"['SS', 'Standalone', 'version_184']",70001777,SENS_EVENT_MEASURE,76 cm,3600 mV,20 C,0 Degree,109 Times,
4550,1793212,70B3D50070001777,1599853776534,FES Receiver,2020-09-11 21:49:36.73468,"['SS', 'Standalone', 'version_184']",70001777,SENS_EVENT_MEASURE,76 cm,3590 mV,20 C,1 Degree,110 Times,
4549,1794812,70B3D50070001777,1599860976297,FES Receiver,2020-09-11 23:49:36.497727,"['SS', 'Standalone', 'version_184']",70001777,SENS_EVENT_MEASURE,78 cm,3590 mV,19 C,0 Degree,112 Times,
4548,1795608,70B3D50070001777,1599864576131,FES Receiver,2020-09-12 00:49:36.330907,"['SS', 'Standalone', 'version_184']",70001777,SENS_EVENT_MEASURE,76 cm,3580 mV,17 C,1 Degree,113 Times,
4547,1797968,70B3D50070001777,1599875375612,FES Receiver,2020-09-12 03:49:35.815147,"['SS', 'Standalone', 'version_184']",70001777,SENS_EVENT_MEASURE,78 cm,3580 mV,16 C,1 Degree,116 Times,
4546,1798758,70B3D50070001777,1599878975465,FES Receiver,2020-09-12 04:49:35.668013,"['SS', 'Standalone', 'version_184']",70001777,SENS_EVENT_MEASURE,78 cm,3550 mV,14 C,0 Degree,117 Times,
4545,1799563,70B3D50070001777,1599882575320,FES Receiver,2020-09-12 05:49:35.523329,"['SS', 'Standalone', 'version_184']",70001777,SENS_EVENT_MEASURE,78 cm,3580 mV,14 C,0 Degree,118 Times,
4544,1800346,70B3D50070001777,1599886175254,FES Receiver,2020-09-12 06:49:35.456305,"['SS', 'Standalone', 'version_184']",70001777,SENS_EVENT_MEASURE,80 cm,3580 mV,16 C,0 Degree,119 Times,
4543,1801126,70B3D50070001777,1599889775108,FES Receiver,2020-09-12 07:49:35.310136,"['SS', 'Standalone', 'version_184']",70001777,SENS_EVENT_MEASURE,78 cm,3580 mV,13 C,0 Degree,120 Times,
4542,1801907,70B3D50070001777,1599893374882,FES Receiver,2020-09-12 08:49:35.085272,"['SS', 'Standalone', 'version_184']",70001777,SENS_EVENT_MEASURE,82 cm,3600 mV,17 C,0 Degree,121 Times,
4541,1802681,70B3D50070001777,1599896974657,FES Receiver,2020-09-12 09:49:34.857838,"['SS', 'Standalone', 'version_184']",70001777,SENS_EVENT_MEASURE,78 cm,3620 mV,24 C,0 Degree,122 Times,
4540,1803458,70B3D50070001777,1599900574629,FES Receiver,2020-09-12 10:49:34.830527,"['SS', 'Standalone', 'version_184']",70001777,SENS_EVENT_MEASURE,80 cm,3640 mV,30 C,0 Degree,123 Times,
4539,1804220,70B3D50070001777,1599904174364,FES Receiver,2020-09-12 11:49:34.564335,"['SS', 'Standalone', 'version_184']",70001777,SENS_EVENT_MEASURE,78 cm,3640 mV,36 C,0 Degree,124 Times,
4538,1804982,70B3D50070001777,1599907774199,FES Receiver,2020-09-12 12:49:34.397941,"['SS', 'Standalone', 'version_184']",70001777,SENS_EVENT_MEASURE,70 cm,3640 mV,36 C,0 Degree,125 Times,
4537,1805761,70B3D50070001777,1599911374059,FES Receiver,2020-09-12 13:49:34.258704,"['SS', 'Standalone', 'version_184']",70001777,SENS_EVENT_MEASURE,74 cm,3640 mV,38 C,1 Degree,126 Times,
4536,1806522,70B3D50070001777,1599914973966,FES Receiver,2020-09-12 14:49:34.167895,"['SS', 'Standalone', 'version_184']",70001777,SENS_EVENT_MEASURE,70 cm,3640 mV,30 C,1 Degree,127 Times,
4535,1807322,70B3D50070001777,1599918573620,FES Receiver,2020-09-12 15:49:33.823779,"['SS', 'Standalone', 'version_184']",70001777,SENS_EVENT_MEASURE,66 cm,3630 mV,30 C,0 Degree,128 Times,
4534,1808103,70B3D50070001777,1599922173475,FES Receiver,2020-09-12 16:49:33.678082,"['SS', 'Standalone', 'version_184']",70001777,SENS_EVENT_MEASURE,62 cm,3630 mV,28 C,0 Degree,129 Times,
4533,1808885,70B3D50070001777,1599925773289,FES Receiver,2020-09-12 17:49:33.488099,"['SS', 'Standalone', 'version_184']",70001777,SENS_EVENT_MEASURE,62 cm,3630 mV,29 C,0 Degree,130 Times,
4532,1809678,70B3D50070001777,1599929373083,FES Receiver,2020-09-12 18:49:33.287379,"['SS', 'Standalone', 'version_184']",70001777,SENS_EVENT_MEASURE,60 cm,3620 mV,29 C,0 Degree,131 Times,
4531,1810490,70B3D50070001777,1599932974492,FES Receiver,2020-09-12 19:49:34.691381,"['SS', 'Standalone', 'version_184']",70001777,SENS_EVENT_MEASURE,60 cm,3610 mV,26 C,0 Degree,132 Times,
4530,1811290,70B3D50070001777,1599936574332,FES Receiver,2020-09-12 20:49:34.531496,"['SS', 'Standalone', 'version_184']",70001777,SENS_EVENT_MEASURE,60 cm,3610 mV,24 C,0 Degree,133 Times,
4529,1812883,70B3D50070001777,1599943773974,FES Receiver,2020-09-12 22:49:34.17314,"['SS', 'Standalone', 'version_184']",70001777,SENS_EVENT_MEASURE,58 cm,3610 mV,22 C,0 Degree,135 Times,
4528,1814510,70B3D50070001777,1599950973642,FES Receiver,2020-09-13 00:49:33.840598,"['SS', 'Standalone', 'version_184']",70001777,SENS_EVENT_MEASURE,58 cm,3600 mV,20 C,0 Degree,137 Times,
4527,1815290,70B3D50070001777,1599954573476,FES Receiver,2020-09-13 01:49:33.675711,"['SS', 'Standalone', 'version_184']",70001777,SENS_EVENT_MEASURE,58 cm,3600 mV,16 C,0 Degree,138 Times,
4526,1816871,70B3D50070001777,1599961773184,FES Receiver,2020-09-13 03:49:33.383687,"['SS', 'Standalone', 'version_184']",70001777,SENS_EVENT_MEASURE,58 cm,3590 mV,17 C,1 Degree,140 Times,
4525,1817690,70B3D50070001777,1599965373038,FES Receiver,2020-09-13 04:49:33.237452,"['SS', 'Standalone', 'version_184']",70001777,SENS_EVENT_MEASURE,58 cm,3590 mV,16 C,0 Degree,141 Times,
4524,1819310,70B3D50070001777,1599972572726,FES Receiver,2020-09-13 06:49:32.925117,"['SS', 'Standalone', 'version_184']",70001777,SENS_EVENT_MEASURE,58 cm,3590 mV,16 C,0 Degree,143 Times,
4523,1820113,70B3D50070001777,1599976172560,FES Receiver,2020-09-13 07:49:32.762226,"['SS', 'Standalone', 'version_184']",70001777,SENS_EVENT_MEASURE,58 cm,3590 mV,15 C,1 Degree,144 Times,
4522,1820927,70B3D50070001777,1599979772414,FES Receiver,2020-09-13 08:49:32.613039,"['SS', 'Standalone', 'version_184']",70001777,SENS_EVENT_MEASURE,58 cm,3610 mV,18 C,0 Degree,145 Times,
4521,1821737,70B3D50070001777,1599983372228,FES Receiver,2020-09-13 09:49:32.427088,"['SS', 'Standalone', 'version_184']",70001777,SENS_EVENT_MEASURE,58 cm,3630 mV,27 C,0 Degree,146 Times,
4520,1823311,70B3D50070001777,1599990571897,FES Receiver,2020-09-13 11:49:32.095113,"['SS', 'Standalone', 'version_184']",70001777,SENS_EVENT_MEASURE,64 cm,3650 mV,45 C,1 Degree,148 Times,
4519,1824100,70B3D50070001777,1599994171771,FES Receiver,2020-09-13 12:49:31.969397,"['SS', 'Standalone', 'version_184']",70001777,SENS_EVENT_MEASURE,64 cm,3650 mV,45 C,1 Degree,149 Times,
4518,1825660,70B3D50070001777,1600001371639,FES Receiver,2020-09-13 14:49:31.837305,"['SS', 'Standalone', 'version_184']",70001777,SENS_EVENT_MEASURE,60 cm,3640 mV,31 C,0 Degree,151 Times,
4517,1826474,70B3D50070001777,1600004971331,FES Receiver,2020-09-13 15:49:31.53,"['SS', 'Standalone', 'version_184']",70001777,SENS_EVENT_MEASURE,66 cm,3630 mV,28 C,1 Degree,152 Times,
4516,1827247,70B3D50070001777,1600008571287,FES Receiver,2020-09-13 16:49:31.484846,"['SS', 'Standalone', 'version_184']",70001777,SENS_EVENT_MEASURE,60 cm,3620 mV,28 C,0 Degree,153 Times,
4515,1828051,70B3D50070001777,1600012170961,FES Receiver,2020-09-13 17:49:31.160701,"['SS', 'Standalone', 'version_184']",70001777,SENS_EVENT_MEASURE,66 cm,3620 mV,26 C,0 Degree,154 Times,
4514,1828861,70B3D50070001777,1600015770775,FES Receiver,2020-09-13 18:49:30.978742,"['SS', 'Standalone', 'version_184']",70001777,SENS_EVENT_MEASURE,68 cm,3620 mV,29 C,2 Degree,155 Times,
4513,1829638,70B3D50070001777,1600019372194,FES Receiver,2020-09-13 19:49:32.397121,"['SS', 'Standalone', 'version_184']",70001777,SENS_EVENT_MEASURE,68 cm,3610 mV,24 C,2 Degree,156 Times,
4512,1831885,70B3D50070001777,1600030171817,FES Receiver,2020-09-13 22:49:32.016979,"['SS', 'Standalone', 'version_184']",70001777,SENS_EVENT_MEASURE,62 cm,3600 mV,18 C,0 Degree,159 Times,
4511,1832637,70B3D50070001777,1600033771671,FES Receiver,2020-09-13 23:49:31.870366,"['SS', 'Standalone', 'version_184']",70001777,SENS_EVENT_MEASURE,62 cm,3600 mV,19 C,0 Degree,160 Times,
4510,1834847,70B3D50070001777,1600044571193,FES Receiver,2020-09-14 02:49:31.394917,"['SS', 'Standalone', 'version_184']",70001777,SENS_EVENT_MEASURE,62 cm,3590 mV,15 C,0 Degree,163 Times,
4509,1835598,70B3D50070001777,1600048171046,FES Receiver,2020-09-14 03:49:31.245479,"['SS', 'Standalone', 'version_184']",70001777,SENS_EVENT_MEASURE,62 cm,3590 mV,16 C,0 Degree,164 Times,
4508,1836379,70B3D50070001777,1600051770886,FES Receiver,2020-09-14 04:49:31.085316,"['SS', 'Standalone', 'version_184']",70001777,SENS_EVENT_MEASURE,64 cm,3570 mV,18 C,1 Degree,165 Times,
4507,1837137,70B3D50070001777,1600055370736,FES Receiver,2020-09-14 05:49:30.937082,"['SS', 'Standalone', 'version_184']",70001777,SENS_EVENT_MEASURE,62 cm,3590 mV,16 C,1 Degree,166 Times,
4506,1837897,70B3D50070001777,1600058970569,FES Receiver,2020-09-14 06:49:30.768587,"['SS', 'Standalone', 'version_184']",70001777,SENS_EVENT_MEASURE,62 cm,3590 mV,14 C,0 Degree,167 Times,
4505,1838685,70B3D50070001777,1600062570283,FES Receiver,2020-09-14 07:49:30.481201,"['SS', 'Standalone', 'version_184']",70001777,SENS_EVENT_MEASURE,68 cm,3590 mV,17 C,0 Degree,168 Times,
4504,1839537,70B3D50070001777,1600066170116,FES Receiver,2020-09-14 08:49:30.315857,"['SS', 'Standalone', 'version_184']",70001777,SENS_EVENT_MEASURE,56 cm,3610 mV,22 C,0 Degree,169 Times,
4503,1841204,70B3D50070001777,1600073369804,FES Receiver,2020-09-14 10:49:30.00651,"['SS', 'Standalone', 'version_184']",70001777,SENS_EVENT_MEASURE,62 cm,3640 mV,38 C,0 Degree,171 Times,
4502,1842025,70B3D50070001777,1600076969638,FES Receiver,2020-09-14 11:49:29.836266,"['SS', 'Standalone', 'version_184']",70001777,SENS_EVENT_MEASURE,58 cm,3650 mV,42 C,0 Degree,172 Times,
4501,1843685,70B3D50070001777,1600084169346,FES Receiver,2020-09-14 13:49:29.546523,"['SS', 'Standalone', 'version_184']",70001777,SENS_EVENT_MEASURE,52 cm,3650 mV,45 C,1 Degree,174 Times,
4500,1844483,70B3D50070001777,1600087769200,FES Receiver,2020-09-14 14:49:29.401427,"['SS', 'Standalone', 'version_184']",70001777,SENS_EVENT_MEASURE,52 cm,3640 mV,34 C,1 Degree,175 Times,
4499,1845293,70B3D50070001777,1600091369037,FES Receiver,2020-09-14 15:49:29.236555,"['SS', 'Standalone', 'version_184']",70001777,SENS_EVENT_MEASURE,52 cm,3630 mV,30 C,0 Degree,176 Times,
4498,1846127,70B3D50070001777,1600094968847,FES Receiver,2020-09-14 16:49:29.046517,"['SS', 'Standalone', 'version_184']",70001777,SENS_EVENT_MEASURE,54 cm,3630 mV,30 C,0 Degree,177 Times,
4497,1846899,70B3D50070001777,1600098568680,FES Receiver,2020-09-14 17:49:28.884199,"['SS', 'Standalone', 'version_184']",70001777,SENS_EVENT_MEASURE,56 cm,3630 mV,29 C,0 Degree,178 Times,
4496,1847667,70B3D50070001777,1600102168498,FES Receiver,2020-09-14 18:49:28.701448,"['SS', 'Standalone', 'version_184']",70001777,SENS_EVENT_MEASURE,50 cm,3620 mV,29 C,0 Degree,179 Times,
4495,1849162,70B3D50070001777,1600109369726,FES Receiver,2020-09-14 20:49:29.928867,"['SS', 'Standalone', 'version_184']",70001777,SENS_EVENT_MEASURE,52 cm,3610 mV,25 C,0 Degree,181 Times,
4494,1849904,70B3D50070001777,1600112969560,FES Receiver,2020-09-14 21:49:29.763604,"['SS', 'Standalone', 'version_184']",70001777,SENS_EVENT_MEASURE,52 cm,3600 mV,25 C,1 Degree,182 Times,
4493,1851432,70B3D50070001777,1600120169208,FES Receiver,2020-09-14 23:49:29.405611,"['SS', 'Standalone', 'version_184']",70001777,SENS_EVENT_MEASURE,50 cm,3600 mV,20 C,0 Degree,184 Times,
4492,1852968,70B3D50070001777,1600127368873,FES Receiver,2020-09-15 01:49:29.072561,"['SS', 'Standalone', 'version_184']",70001777,SENS_EVENT_MEASURE,50 cm,3590 mV,18 C,0 Degree,186 Times,
4491,1853745,70B3D50070001777,1600130968709,FES Receiver,2020-09-15 02:49:28.907229,"['SS', 'Standalone', 'version_184']",70001777,SENS_EVENT_MEASURE,50 cm,3590 mV,21 C,0 Degree,187 Times,
4490,1854532,70B3D50070001777,1600134568544,FES Receiver,2020-09-15 03:49:28.742681,"['SS', 'Standalone', 'version_184']",70001777,SENS_EVENT_MEASURE,50 cm,3590 mV,18 C,0 Degree,188 Times,
4489,1855324,70B3D50070001777,1600138168377,FES Receiver,2020-09-15 04:49:28.575565,"['SS', 'Standalone', 'version_184']",70001777,SENS_EVENT_MEASURE,50 cm,3590 mV,19 C,0 Degree,189 Times,
4488,1856125,70B3D50070001777,1600141768231,FES Receiver,2020-09-15 05:49:28.428694,"['SS', 'Standalone', 'version_184']",70001777,SENS_EVENT_MEASURE,50 cm,3590 mV,15 C,0 Degree,190 Times,
4487,1856883,70B3D50070001777,1600145368065,FES Receiver,2020-09-15 06:49:28.263419,"['SS', 'Standalone', 'version_184']",70001777,SENS_EVENT_MEASURE,50 cm,3590 mV,17 C,0 Degree,191 Times,
4486,1857679,70B3D50070001777,1600148967919,FES Receiver,2020-09-15 07:49:28.117191,"['SS', 'Standalone', 'version_184']",70001777,SENS_EVENT_MEASURE,52 cm,3590 mV,15 C,0 Degree,192 Times,
4485,1859271,70B3D50070001777,1600156167585,FES Receiver,2020-09-15 09:49:27.784427,"['SS', 'Standalone', 'version_184']",70001777,SENS_EVENT_MEASURE,50 cm,3620 mV,25 C,0 Degree,194 Times,
4484,1860109,70B3D50070001777,1600159767401,FES Receiver,2020-09-15 10:49:27.601833,"['SS', 'Standalone', 'version_184']",70001777,SENS_EVENT_MEASURE,50 cm,3640 mV,34 C,0 Degree,195 Times,
4483,1860948,70B3D50070001777,1600163367254,FES Receiver,2020-09-15 11:49:27.453182,"['SS', 'Standalone', 'version_184']",70001777,SENS_EVENT_MEASURE,50 cm,3640 mV,44 C,0 Degree,196 Times,
4482,1861757,70B3D50070001777,1600166967128,FES Receiver,2020-09-15 12:49:27.326095,"['SS', 'Standalone', 'version_184']",70001777,SENS_EVENT_MEASURE,44 cm,3650 mV,43 C,0 Degree,197 Times,
4481,1862666,70B3D50070001777,1600170567002,FES Receiver,2020-09-15 13:49:27.199799,"['SS', 'Standalone', 'version_184']",70001777,SENS_EVENT_MEASURE,44 cm,3650 mV,47 C,0 Degree,198 Times,
4480,1863590,70B3D50070001777,1600174166856,FES Receiver,2020-09-15 14:49:27.053908,"['SS', 'Standalone', 'version_184']",70001777,SENS_EVENT_MEASURE,46 cm,3640 mV,35 C,0 Degree,199 Times,
4479,1864448,70B3D50070001777,1600177766690,FES Receiver,2020-09-15 15:49:26.887851,"['SS', 'Standalone', 'version_184']",70001777,SENS_EVENT_MEASURE,46 cm,3630 mV,31 C,0 Degree,200 Times,
4478,1865234,70B3D50070001777,1600181366506,FES Receiver,2020-09-15 16:49:26.705507,"['SS', 'Standalone', 'version_184']",70001777,SENS_EVENT_MEASURE,48 cm,3630 mV,29 C,0 Degree,201 Times,
4477,1866037,70B3D50070001777,1600184966338,FES Receiver,2020-09-15 17:49:26.536459,"['SS', 'Standalone', 'version_184']",70001777,SENS_EVENT_MEASURE,48 cm,3620 mV,30 C,0 Degree,202 Times,
4476,1866844,70B3D50070001777,1600188566152,FES Receiver,2020-09-15 18:49:26.354597,"['SS', 'Standalone', 'version_184']",70001777,SENS_EVENT_MEASURE,48 cm,3610 mV,28 C,0 Degree,203 Times,
4475,1867640,70B3D50070001777,1600192167552,FES Receiver,2020-09-15 19:49:27.7524,"['SS', 'Standalone', 'version_184']",70001777,SENS_EVENT_MEASURE,48 cm,3610 mV,27 C,0 Degree,204 Times,
4474,1868410,70B3D50070001777,1600195767383,FES Receiver,2020-09-15 20:49:27.583466,"['SS', 'Standalone', 'version_184']",70001777,SENS_EVENT_MEASURE,48 cm,3610 mV,24 C,1 Degree,205 Times,
4473,1869204,70B3D50070001777,1600199367217,FES Receiver,2020-09-15 21:49:27.416448,"['SS', 'Standalone', 'version_184']",70001777,SENS_EVENT_MEASURE,52 cm,3600 mV,23 C,0 Degree,206 Times,
4472,1869993,70B3D50070001777,1600202967049,FES Receiver,2020-09-15 22:49:27.252804,"['SS', 'Standalone', 'version_184']",70001777,SENS_EVENT_MEASURE,48 cm,3600 mV,21 C,0 Degree,207 Times,
4471,1870773,70B3D50070001777,1600206566865,FES Receiver,2020-09-15 23:49:27.071274,"['SS', 'Standalone', 'version_184']",70001777,SENS_EVENT_MEASURE,52 cm,3600 mV,20 C,0 Degree,208 Times,
4470,1871557,70B3D50070001777,1600210166699,FES Receiver,2020-09-16 00:49:26.899045,"['SS', 'Standalone', 'version_184']",70001777,SENS_EVENT_MEASURE,52 cm,3600 mV,20 C,0 Degree,209 Times,
4469,1872324,70B3D50070001777,1600213766532,FES Receiver,2020-09-16 01:49:26.730951,"['SS', 'Standalone', 'version_184']",70001777,SENS_EVENT_MEASURE,48 cm,3600 mV,20 C,0 Degree,210 Times,
4468,1873095,70B3D50070001777,1600217366366,FES Receiver,2020-09-16 02:49:26.566887,"['SS', 'Standalone', 'version_184']",70001777,SENS_EVENT_MEASURE,48 cm,3590 mV,21 C,0 Degree,211 Times,
4467,1873887,70B3D50070001777,1600220966200,FES Receiver,2020-09-16 03:49:26.400751,"['SS', 'Standalone', 'version_184']",70001777,SENS_EVENT_MEASURE,52 cm,3600 mV,16 C,0 Degree,212 Times,
4466,1874646,70B3D50070001777,1600224566034,FES Receiver,2020-09-16 04:49:26.233117,"['SS', 'Standalone', 'version_184']",70001777,SENS_EVENT_MEASURE,52 cm,3600 mV,16 C,0 Degree,213 Times,
4465,1875425,70B3D50070001777,1600228165887,FES Receiver,2020-09-16 05:49:26.086925,"['SS', 'Standalone', 'version_184']",70001777,SENS_EVENT_MEASURE,52 cm,3600 mV,16 C,1 Degree,214 Times,
4464,1876200,70B3D50070001777,1600231765721,FES Receiver,2020-09-16 06:49:25.920517,"['SS', 'Standalone', 'version_184']",70001777,SENS_EVENT_MEASURE,48 cm,3590 mV,17 C,0 Degree,215 Times,
4463,1877004,70B3D50070001777,1600235365555,FES Receiver,2020-09-16 07:49:25.755166,"['SS', 'Standalone', 'version_184']",70001777,SENS_EVENT_MEASURE,52 cm,3600 mV,18 C,0 Degree,216 Times,
4462,1877837,70B3D50070001777,1600238965395,FES Receiver,2020-09-16 08:49:25.593938,"['SS', 'Standalone', 'version_184']",70001777,SENS_EVENT_MEASURE,48 cm,3600 mV,20 C,1 Degree,217 Times,
4461,1878674,70B3D50070001777,1600242565221,FES Receiver,2020-09-16 09:49:25.420031,"['SS', 'Standalone', 'version_184']",70001777,SENS_EVENT_MEASURE,48 cm,3620 mV,30 C,0 Degree,218 Times,
4460,1880343,70B3D50070001777,1600249764870,FES Receiver,2020-09-16 11:49:25.070743,"['SS', 'Standalone', 'version_184']",70001777,SENS_EVENT_MEASURE,48 cm,3640 mV,32 C,0 Degree,220 Times,
4459,1881225,70B3D50070001777,1600253364705,FES Receiver,2020-09-16 12:49:24.903422,"['SS', 'Standalone', 'version_184']",70001777,SENS_EVENT_MEASURE,54 cm,3630 mV,32 C,0 Degree,221 Times,
4458,1882030,70B3D50070001777,1600256964538,FES Receiver,2020-09-16 13:49:24.738764,"['SS', 'Standalone', 'version_184']",70001777,SENS_EVENT_MEASURE,46 cm,3640 mV,38 C,1 Degree,222 Times,
4457,1882951,70B3D50070001777,1600260564372,FES Receiver,2020-09-16 14:49:24.571194,"['SS', 'Standalone', 'version_184']",70001777,SENS_EVENT_MEASURE,50 cm,3640 mV,32 C,0 Degree,223 Times,
4456,1883859,70B3D50070001777,1600264164204,FES Receiver,2020-09-16 15:49:24.405619,"['SS', 'Standalone', 'version_184']",70001777,SENS_EVENT_MEASURE,48 cm,3630 mV,30 C,1 Degree,224 Times,
4455,1884796,70B3D50070001777,1600267764019,FES Receiver,2020-09-16 16:49:24.219605,"['SS', 'Standalone', 'version_184']",70001777,SENS_EVENT_MEASURE,48 cm,3630 mV,30 C,1 Degree,225 Times,
4454,1885750,70B3D50070001777,1600271363853,FES Receiver,2020-09-16 17:49:24.053414,"['SS', 'Standalone', 'version_184']",70001777,SENS_EVENT_MEASURE,40 cm,3630 mV,30 C,0 Degree,226 Times,
4453,1886702,70B3D50070001777,1600274967647,FES Receiver,2020-09-16 18:49:27.856911,"['SS', 'Standalone', 'version_184']",70001777,SENS_EVENT_MEASURE,40 cm,3620 mV,28 C,1 Degree,227 Times,
4452,1887613,70B3D50070001777,1600278545093,FES Receiver,2020-09-16 19:49:05.292116,"['SS', 'Standalone', 'version_184']",70001777,SENS_EVENT_MEASURE,36 cm,3620 mV,26 C,0 Degree,228 Times,
4451,1889463,70B3D50070001777,1600285744740,FES Receiver,2020-09-16 21:49:04.939318,"['SS', 'Standalone', 'version_184']",70001777,SENS_EVENT_MEASURE,36 cm,3610 mV,24 C,0 Degree,230 Times,
4450,1890359,70B3D50070001777,1600289344553,FES Receiver,2020-09-16 22:49:04.751909,"['SS', 'Standalone', 'version_184']",70001777,SENS_EVENT_MEASURE,36 cm,3590 mV,23 C,1 Degree,231 Times,
4449,1891252,70B3D50070001777,1600292944387,FES Receiver,2020-09-16 23:49:04.585558,"['SS', 'Standalone', 'version_184']",70001777,SENS_EVENT_MEASURE,36 cm,3610 mV,23 C,0 Degree,232 Times,
4448,1892134,70B3D50070001777,1600296544219,FES Receiver,2020-09-17 00:49:04.419192,"['SS', 'Standalone', 'version_184']",70001777,SENS_EVENT_MEASURE,36 cm,3610 mV,20 C,0 Degree,233 Times,
4447,1893005,70B3D50070001777,1600300144034,FES Receiver,2020-09-17 01:49:04.236831,"['SS', 'Standalone', 'version_184']",70001777,SENS_EVENT_MEASURE,36 cm,3610 mV,20 C,0 Degree,234 Times,
4446,1893874,70B3D50070001777,1600303743867,FES Receiver,2020-09-17 02:49:04.070509,"['SS', 'Standalone', 'version_184']",70001777,SENS_EVENT_MEASURE,36 cm,3600 mV,20 C,1 Degree,235 Times,
4445,1894748,70B3D50070001777,1600307343701,FES Receiver,2020-09-17 03:49:03.902667,"['SS', 'Standalone', 'version_184']",70001777,SENS_EVENT_MEASURE,36 cm,3600 mV,17 C,0 Degree,236 Times,
4444,1895620,70B3D50070001777,1600310943553,FES Receiver,2020-09-17 04:49:03.75327,"['SS', 'Standalone', 'version_184']",70001777,SENS_EVENT_MEASURE,36 cm,3590 mV,17 C,0 Degree,237 Times,
4443,1896494,70B3D50070001777,1600314543388,FES Receiver,2020-09-17 05:49:03.586541,"['SS', 'Standalone', 'version_184']",70001777,SENS_EVENT_MEASURE,36 cm,3590 mV,16 C,0 Degree,238 Times,
4442,1897342,70B3D50070001777,1600318143242,FES Receiver,2020-09-17 06:49:03.442172,"['SS', 'Standalone', 'version_184']",70001777,SENS_EVENT_MEASURE,36 cm,3590 mV,16 C,0 Degree,239 Times,
4441,1899155,70B3D50070001777,1600325342935,FES Receiver,2020-09-17 08:49:03.134938,"['SS', 'Standalone', 'version_184']",70001777,SENS_EVENT_MEASURE,36 cm,3600 mV,16 C,0 Degree,241 Times,
4440,1900064,70B3D50070001777,1600328942763,FES Receiver,2020-09-17 09:49:02.961574,"['SS', 'Standalone', 'version_184']",70001777,SENS_EVENT_MEASURE,36 cm,3600 mV,18 C,0 Degree,242 Times,
4439,1901010,70B3D50070001777,1600332542596,FES Receiver,2020-09-17 10:49:02.795431,"['SS', 'Standalone', 'version_184']",70001777,SENS_EVENT_MEASURE,36 cm,3630 mV,26 C,0 Degree,243 Times,
4438,1901954,70B3D50070001777,1600336142410,FES Receiver,2020-09-17 11:49:02.609225,"['SS', 'Standalone', 'version_184']",70001777,SENS_EVENT_MEASURE,36 cm,3620 mV,30 C,0 Degree,244 Times,
4437,1902929,70B3D50070001777,1600339742244,FES Receiver,2020-09-17 12:49:02.443351,"['SS', 'Standalone', 'version_184']",70001777,SENS_EVENT_MEASURE,38 cm,3630 mV,23 C,0 Degree,245 Times,
4436,1903839,70B3D50070001777,1600343342057,FES Receiver,2020-09-17 13:49:02.255562,"['SS', 'Standalone', 'version_184']",70001777,SENS_EVENT_MEASURE,30 cm,3630 mV,28 C,0 Degree,246 Times,
4435,1904742,70B3D50070001777,1600346941891,FES Receiver,2020-09-17 14:49:02.08961,"['SS', 'Standalone', 'version_184']",70001777,SENS_EVENT_MEASURE,34 cm,3620 mV,24 C,0 Degree,247 Times,
4434,1906496,70B3D50070001777,1600354141538,FES Receiver,2020-09-17 16:49:01.73702,"['SS', 'Standalone', 'version_184']",70001777,SENS_EVENT_MEASURE,32 cm,3610 mV,22 C,0 Degree,249 Times,
4433,1907397,70B3D50070001777,1600357741372,FES Receiver,2020-09-17 17:49:01.573393,"['SS', 'Standalone', 'version_184']",70001777,SENS_EVENT_MEASURE,32 cm,3610 mV,23 C,0 Degree,250 Times,
4432,1908288,70B3D50070001777,1600361341205,FES Receiver,2020-09-17 18:49:01.406168,"['SS', 'Standalone', 'version_184']",70001777,SENS_EVENT_MEASURE,32 cm,3610 mV,21 C,1 Degree,251 Times,
4431,1909161,70B3D50070001777,1600364942634,FES Receiver,2020-09-17 19:49:02.836367,"['SS', 'Standalone', 'version_184']",70001777,SENS_EVENT_MEASURE,30 cm,3610 mV,15 C,0 Degree,252 Times,
4430,1910029,70B3D50070001777,1600368542468,FES Receiver,2020-09-17 20:49:02.663608,"['SS', 'Standalone', 'version_184']",70001777,SENS_EVENT_MEASURE,30 cm,3600 mV,17 C,1 Degree,253 Times,
4429,1910908,70B3D50070001777,1600372142322,FES Receiver,2020-09-17 21:49:02.520933,"['SS', 'Standalone', 'version_184']",70001777,SENS_EVENT_MEASURE,30 cm,3600 mV,15 C,0 Degree,254 Times,
4428,1911792,70B3D50070001777,1600375742176,FES Receiver,2020-09-17 22:49:02.373508,"['SS', 'Standalone', 'version_184']",70001777,SENS_EVENT_MEASURE,30 cm,3590 mV,17 C,0 Degree,255 Times,
4427,1912694,70B3D50070001777,1600379342009,FES Receiver,2020-09-17 23:49:02.208845,"['SS', 'Standalone', 'version_184']",70001777,SENS_EVENT_MEASURE,30 cm,3590 mV,15 C,0 Degree,0 Times,
4426,1913572,70B3D50070001777,1600382941865,FES Receiver,2020-09-18 00:49:02.062573,"['SS', 'Standalone', 'version_184']",70001777,SENS_EVENT_MEASURE,30 cm,3590 mV,15 C,0 Degree,1 Times,
4425,1915340,70B3D50070001777,1600390141571,FES Receiver,2020-09-18 02:49:01.769176,"['SS', 'Standalone', 'version_184']",70001777,SENS_EVENT_MEASURE,30 cm,3590 mV,13 C,0 Degree,3 Times,
4424,1917120,70B3D50070001777,1600397341298,FES Receiver,2020-09-18 04:49:01.506293,"['SS', 'Standalone', 'version_184']",70001777,SENS_EVENT_MEASURE,30 cm,3590 mV,14 C,0 Degree,5 Times,
4423,1918039,70B3D50070001777,1600400941152,FES Receiver,2020-09-18 05:49:01.352731,"['SS', 'Standalone', 'version_184']",70001777,SENS_EVENT_MEASURE,30 cm,3590 mV,14 C,1 Degree,6 Times,
4422,1918957,70B3D50070001777,1600404541006,FES Receiver,2020-09-18 06:49:01.203817,"['SS', 'Standalone', 'version_184']",70001777,SENS_EVENT_MEASURE,30 cm,3590 mV,14 C,1 Degree,7 Times,
4421,1919784,70B3D50070001777,1600408140880,FES Receiver,2020-09-18 07:49:01.076513,"['SS', 'Standalone', 'version_184']",70001777,SENS_EVENT_MEASURE,30 cm,3600 mV,15 C,0 Degree,8 Times,
4420,1920651,70B3D50070001777,1600411740734,FES Receiver,2020-09-18 08:49:00.93104,"['SS', 'Standalone', 'version_184']",70001777,SENS_EVENT_MEASURE,30 cm,3610 mV,17 C,0 Degree,9 Times,
4419,1921627,70B3D50070001777,1600415340568,FES Receiver,2020-09-18 09:49:00.766666,"['SS', 'Standalone', 'version_184']",70001777,SENS_EVENT_MEASURE,30 cm,3620 mV,22 C,0 Degree,10 Times,
4418,1922583,70B3D50070001777,1600418940382,FES Receiver,2020-09-18 10:49:00.578472,"['SS', 'Standalone', 'version_184']",70001777,SENS_EVENT_MEASURE,24 cm,3640 mV,31 C,0 Degree,11 Times,
4417,1923422,70B3D50070001777,1600422540215,FES Receiver,2020-09-18 11:49:00.411943,"['SS', 'Standalone', 'version_184']",70001777,SENS_EVENT_MEASURE,26 cm,3640 mV,32 C,0 Degree,12 Times,
4416,1924102,70B3D50070001777,1600426140055,FES Receiver,2020-09-18 12:49:00.252987,"['SS', 'Standalone', 'version_184']",70001777,SENS_EVENT_MEASURE,26 cm,3640 mV,32 C,0 Degree,13 Times,
4415,1924834,70B3D50070001777,1600429739889,FES Receiver,2020-09-18 13:49:00.08563,"['SS', 'Standalone', 'version_184']",70001777,SENS_EVENT_MEASURE,26 cm,3640 mV,34 C,0 Degree,14 Times,
4414,1925557,70B3D50070001777,1600433339717,FES Receiver,2020-09-18 14:48:59.916905,"['SS', 'Standalone', 'version_184']",70001777,SENS_EVENT_MEASURE,26 cm,3630 mV,28 C,0 Degree,15 Times,
4413,1926240,70B3D50070001777,1600436939531,FES Receiver,2020-09-18 15:48:59.727383,"['SS', 'Standalone', 'version_184']",70001777,SENS_EVENT_MEASURE,26 cm,3620 mV,25 C,1 Degree,16 Times,
4412,1926922,70B3D50070001777,1600440539365,FES Receiver,2020-09-18 16:48:59.561156,"['SS', 'Standalone', 'version_184']",70001777,SENS_EVENT_MEASURE,26 cm,3620 mV,23 C,1 Degree,17 Times,
4411,1927598,70B3D50070001777,1600444139179,FES Receiver,2020-09-18 17:48:59.375404,"['SS', 'Standalone', 'version_184']",70001777,SENS_EVENT_MEASURE,24 cm,3620 mV,22 C,0 Degree,18 Times,
4410,1928292,70B3D50070001777,1600447739013,FES Receiver,2020-09-18 18:48:59.209878,"['SS', 'Standalone', 'version_184']",70001777,SENS_EVENT_MEASURE,24 cm,3610 mV,22 C,0 Degree,19 Times,
4409,1928978,70B3D50070001777,1600451345415,FES Receiver,2020-09-18 19:49:05.617861,"['SS', 'Standalone', 'version_184']",70001777,SENS_EVENT_MEASURE,24 cm,3610 mV,22 C,1 Degree,20 Times,
4408,1929668,70B3D50070001777,1600454940269,FES Receiver,2020-09-18 20:49:00.469085,"['SS', 'Standalone', 'version_184']",70001777,SENS_EVENT_MEASURE,20 cm,3600 mV,18 C,0 Degree,21 Times,
4407,1930343,70B3D50070001777,1600458540103,FES Receiver,2020-09-18 21:49:00.302507,"['SS', 'Standalone', 'version_184']",70001777,SENS_EVENT_MEASURE,20 cm,3610 mV,16 C,0 Degree,22 Times,
4406,1931007,70B3D50070001777,1600462139957,FES Receiver,2020-09-18 22:49:00.159388,"['SS', 'Standalone', 'version_184']",70001777,SENS_EVENT_MEASURE,20 cm,3600 mV,15 C,0 Degree,23 Times,
4405,1931712,70B3D50070001777,1600465739791,FES Receiver,2020-09-18 23:48:59.989555,"['SS', 'Standalone', 'version_184']",70001777,SENS_EVENT_MEASURE,20 cm,3600 mV,16 C,0 Degree,24 Times,
4404,1932393,70B3D50070001777,1600469339645,FES Receiver,2020-09-19 00:48:59.844691,"['SS', 'Standalone', 'version_184']",70001777,SENS_EVENT_MEASURE,20 cm,3600 mV,16 C,0 Degree,25 Times,
4403,1933073,70B3D50070001777,1600472939498,FES Receiver,2020-09-19 01:48:59.698637,"['SS', 'Standalone', 'version_184']",70001777,SENS_EVENT_MEASURE,20 cm,3590 mV,16 C,0 Degree,26 Times,
4402,1933770,70B3D50070001777,1600476539352,FES Receiver,2020-09-19 02:48:59.551405,"['SS', 'Standalone', 'version_184']",70001777,SENS_EVENT_MEASURE,20 cm,3590 mV,15 C,1 Degree,27 Times,
4401,1935173,70B3D50070001777,1600483739060,FES Receiver,2020-09-19 04:48:59.259055,"['SS', 'Standalone', 'version_184']",70001777,SENS_EVENT_MEASURE,20 cm,3590 mV,14 C,0 Degree,29 Times,
4400,1935861,70B3D50070001777,1600487338919,FES Receiver,2020-09-19 05:48:59.118128,"['SS', 'Standalone', 'version_184']",70001777,SENS_EVENT_MEASURE,20 cm,3590 mV,15 C,1 Degree,30 Times,
4399,1936547,70B3D50070001777,1600490938788,FES Receiver,2020-09-19 06:48:58.987261,"['SS', 'Standalone', 'version_184']",70001777,SENS_EVENT_MEASURE,20 cm,3590 mV,12 C,0 Degree,31 Times,
4398,1937247,70B3D50070001777,1600494538642,FES Receiver,2020-09-19 07:48:58.846642,"['SS', 'Standalone', 'version_184']",70001777,SENS_EVENT_MEASURE,20 cm,3590 mV,14 C,0 Degree,32 Times,
4397,1937932,70B3D50070001777,1600498138495,FES Receiver,2020-09-19 08:48:58.698743,"['SS', 'Standalone', 'version_184']",70001777,SENS_EVENT_MEASURE,22 cm,3600 mV,18 C,1 Degree,33 Times,
4396,1938597,70B3D50070001777,1600501738349,FES Receiver,2020-09-19 09:48:58.549809,"['SS', 'Standalone', 'version_184']",70001777,SENS_EVENT_MEASURE,20 cm,3630 mV,24 C,0 Degree,34 Times,
4395,1939261,70B3D50070001777,1600505338163,FES Receiver,2020-09-19 10:48:58.363277,"['SS', 'Standalone', 'version_184']",70001777,SENS_EVENT_MEASURE,20 cm,3640 mV,30 C,0 Degree,35 Times,
4394,1940601,70B3D50070001777,1600512537831,FES Receiver,2020-09-19 12:48:58.03107,"['SS', 'Standalone', 'version_184']",70001777,SENS_EVENT_MEASURE,24 cm,3650 mV,45 C,0 Degree,37 Times,
4393,1941313,70B3D50070001777,1600516137705,FES Receiver,2020-09-19 13:48:57.905318,"['SS', 'Standalone', 'version_184']",70001777,SENS_EVENT_MEASURE,20 cm,3650 mV,42 C,0 Degree,38 Times,
4392,1942016,70B3D50070001777,1600519737539,FES Receiver,2020-09-19 14:48:57.737097,"['SS', 'Standalone', 'version_184']",70001777,SENS_EVENT_MEASURE,20 cm,3640 mV,28 C,1 Degree,39 Times,
4391,1942723,70B3D50070001777,1600523337373,FES Receiver,2020-09-19 15:48:57.57203,"['SS', 'Standalone', 'version_184']",70001777,SENS_EVENT_MEASURE,20 cm,3620 mV,24 C,0 Degree,40 Times,
4390,1943418,70B3D50070001777,1600526937187,FES Receiver,2020-09-19 16:48:57.386826,"['SS', 'Standalone', 'version_184']",70001777,SENS_EVENT_MEASURE,20 cm,3610 mV,27 C,0 Degree,41 Times,
4389,1944103,70B3D50070001777,1600530537020,FES Receiver,2020-09-19 17:48:57.219832,"['SS', 'Standalone', 'version_184']",70001777,SENS_EVENT_MEASURE,18 cm,3620 mV,25 C,0 Degree,42 Times,
4388,1944798,70B3D50070001777,1600534136860,FES Receiver,2020-09-19 18:48:57.060261,"['SS', 'Standalone', 'version_184']",70001777,SENS_EVENT_MEASURE,20 cm,3610 mV,23 C,1 Degree,43 Times,
4387,1945502,70B3D50070001777,1600537742260,FES Receiver,2020-09-19 19:49:02.464841,"['SS', 'Standalone', 'version_184']",70001777,SENS_EVENT_MEASURE,20 cm,3600 mV,20 C,0 Degree,44 Times,
4386,1946197,70B3D50070001777,1600541338087,FES Receiver,2020-09-19 20:48:58.286697,"['SS', 'Standalone', 'version_184']",70001777,SENS_EVENT_MEASURE,20 cm,3600 mV,18 C,0 Degree,45 Times,
4385,1947599,70B3D50070001777,1600548537775,FES Receiver,2020-09-19 22:48:57.973437,"['SS', 'Standalone', 'version_184']",70001777,SENS_EVENT_MEASURE,20 cm,3600 mV,18 C,0 Degree,47 Times,
4384,1948309,70B3D50070001777,1600552137609,FES Receiver,2020-09-19 23:48:57.808365,"['SS', 'Standalone', 'version_184']",70001777,SENS_EVENT_MEASURE,20 cm,3590 mV,15 C,0 Degree,48 Times,
4383,1949019,70B3D50070001777,1600555737464,FES Receiver,2020-09-20 00:48:57.663529,"['SS', 'Standalone', 'version_184']",70001777,SENS_EVENT_MEASURE,20 cm,3600 mV,17 C,1 Degree,49 Times,
4382,1949697,70B3D50070001777,1600559337317,FES Receiver,2020-09-20 01:48:57.517226,"['SS', 'Standalone', 'version_184']",70001777,SENS_EVENT_MEASURE,20 cm,3590 mV,16 C,0 Degree,50 Times,
4381,1950393,70B3D50070001777,1600562937150,FES Receiver,2020-09-20 02:48:57.350176,"['SS', 'Standalone', 'version_184']",70001777,SENS_EVENT_MEASURE,20 cm,3590 mV,18 C,1 Degree,51 Times,
4380,1951083,70B3D50070001777,1600566537004,FES Receiver,2020-09-20 03:48:57.207055,"['SS', 'Standalone', 'version_184']",70001777,SENS_EVENT_MEASURE,20 cm,3590 mV,17 C,0 Degree,52 Times,
4379,1951750,70B3D50070001777,1600570136858,FES Receiver,2020-09-20 04:48:57.057886,"['SS', 'Standalone', 'version_184']",70001777,SENS_EVENT_MEASURE,20 cm,3590 mV,14 C,0 Degree,53 Times,
4378,1952447,70B3D50070001777,1600573736712,FES Receiver,2020-09-20 05:48:56.912019,"['SS', 'Standalone', 'version_184']",70001777,SENS_EVENT_MEASURE,20 cm,3590 mV,15 C,0 Degree,54 Times,
4377,1953150,70B3D50070001777,1600577336566,FES Receiver,2020-09-20 06:48:56.76592,"['SS', 'Standalone', 'version_184']",70001777,SENS_EVENT_MEASURE,20 cm,3590 mV,15 C,1 Degree,55 Times,
4376,1953861,70B3D50070001777,1600580936420,FES Receiver,2020-09-20 07:48:56.619842,"['SS', 'Standalone', 'version_184']",70001777,SENS_EVENT_MEASURE,20 cm,3590 mV,15 C,1 Degree,56 Times,
4375,1954542,70B3D50070001777,1600584536274,FES Receiver,2020-09-20 08:48:56.474028,"['SS', 'Standalone', 'version_184']",70001777,SENS_EVENT_MEASURE,20 cm,3590 mV,17 C,0 Degree,57 Times,
4374,1955222,70B3D50070001777,1600588136128,FES Receiver,2020-09-20 09:48:56.327814,"['SS', 'Standalone', 'version_184']",70001777,SENS_EVENT_MEASURE,20 cm,3620 mV,20 C,1 Degree,58 Times,
4373,1955932,70B3D50070001777,1600591735941,FES Receiver,2020-09-20 10:48:56.144609,"['SS', 'Standalone', 'version_184']",70001777,SENS_EVENT_MEASURE,20 cm,3640 mV,30 C,0 Degree,59 Times,
4372,1956652,70B3D50070001777,1600595335775,FES Receiver,2020-09-20 11:48:55.980033,"['SS', 'Standalone', 'version_184']",70001777,SENS_EVENT_MEASURE,20 cm,3650 mV,39 C,0 Degree,60 Times,
4371,1957319,70B3D50070001777,1600598935635,FES Receiver,2020-09-20 12:48:55.834974,"['SS', 'Standalone', 'version_184']",70001777,SENS_EVENT_MEASURE,20 cm,3650 mV,45 C,1 Degree,61 Times,
4370,1958016,70B3D50070001777,1600602535489,FES Receiver,2020-09-20 13:48:55.688535,"['SS', 'Standalone', 'version_184']",70001777,SENS_EVENT_MEASURE,22 cm,3650 mV,46 C,0 Degree,62 Times,
4369,1958719,70B3D50070001777,1600606135337,FES Receiver,2020-09-20 14:48:55.536281,"['SS', 'Standalone', 'version_184']",70001777,SENS_EVENT_MEASURE,20 cm,3640 mV,30 C,0 Degree,63 Times,
4368,1959431,70B3D50070001777,1600609735151,FES Receiver,2020-09-20 15:48:55.351875,"['SS', 'Standalone', 'version_184']",70001777,SENS_EVENT_MEASURE,22 cm,3620 mV,28 C,1 Degree,64 Times,
4367,1960129,70B3D50070001777,1600613334985,FES Receiver,2020-09-20 16:48:55.186928,"['SS', 'Standalone', 'version_184']",70001777,SENS_EVENT_MEASURE,22 cm,3610 mV,27 C,0 Degree,65 Times,
4366,1960834,70B3D50070001777,1600616934799,FES Receiver,2020-09-20 17:48:54.99956,"['SS', 'Standalone', 'version_184']",70001777,SENS_EVENT_MEASURE,18 cm,3610 mV,25 C,0 Degree,66 Times,
4365,1961559,70B3D50070001777,1600620534633,FES Receiver,2020-09-20 18:48:54.833031,"['SS', 'Standalone', 'version_184']",70001777,SENS_EVENT_MEASURE,14 cm,3610 mV,23 C,0 Degree,67 Times,
4364,1962276,70B3D50070001777,1600624136052,FES Receiver,2020-09-20 19:48:56.257458,"['SS', 'Standalone', 'version_184']",70001777,SENS_EVENT_MEASURE,14 cm,3610 mV,21 C,0 Degree,68 Times,
4363,1963678,70B3D50070001777,1600631335718,FES Receiver,2020-09-20 21:48:55.91689,"['SS', 'Standalone', 'version_184']",70001777,SENS_EVENT_MEASURE,12 cm,3600 mV,19 C,0 Degree,70 Times,
4362,1964360,70B3D50070001777,1600634935552,FES Receiver,2020-09-20 22:48:55.752123,"['SS', 'Standalone', 'version_184']",70001777,SENS_EVENT_MEASURE,12 cm,3600 mV,16 C,0 Degree,71 Times,
4361,1965067,70B3D50070001777,1600638535387,FES Receiver,2020-09-20 23:48:55.585345,"['SS', 'Standalone', 'version_184']",70001777,SENS_EVENT_MEASURE,12 cm,3600 mV,18 C,0 Degree,72 Times,
4360,1965763,70B3D50070001777,1600642135222,FES Receiver,2020-09-21 00:48:55.420933,"['SS', 'Standalone', 'version_184']",70001777,SENS_EVENT_MEASURE,12 cm,3590 mV,15 C,0 Degree,73 Times,
4359,1966475,70B3D50070001777,1600645735074,FES Receiver,2020-09-21 01:48:55.273435,"['SS', 'Standalone', 'version_184']",70001777,SENS_EVENT_MEASURE,12 cm,3590 mV,17 C,0 Degree,74 Times,
4358,1967175,70B3D50070001777,1600649334915,FES Receiver,2020-09-21 02:48:55.112993,"['SS', 'Standalone', 'version_184']",70001777,SENS_EVENT_MEASURE,12 cm,3590 mV,17 C,1 Degree,75 Times,
4357,1967884,70B3D50070001777,1600652934777,FES Receiver,2020-09-21 03:48:54.976976,"['SS', 'Standalone', 'version_184']",70001777,SENS_EVENT_MEASURE,12 cm,3590 mV,13 C,0 Degree,76 Times,
4356,1968589,70B3D50070001777,1600656534616,FES Receiver,2020-09-21 04:48:54.814966,"['SS', 'Standalone', 'version_184']",70001777,SENS_EVENT_MEASURE,12 cm,3590 mV,15 C,0 Degree,77 Times,
4355,1969298,70B3D50070001777,1600660134470,FES Receiver,2020-09-21 05:48:54.668369,"['SS', 'Standalone', 'version_184']",70001777,SENS_EVENT_MEASURE,12 cm,3590 mV,13 C,1 Degree,78 Times,
4354,1969994,70B3D50070001777,1600663734329,FES Receiver,2020-09-21 06:48:54.530845,"['SS', 'Standalone', 'version_184']",70001777,SENS_EVENT_MEASURE,12 cm,3580 mV,15 C,0 Degree,79 Times,
4353,1971333,70B3D50070001777,1600670934033,FES Receiver,2020-09-21 08:48:54.231831,"['SS', 'Standalone', 'version_184']",70001777,SENS_EVENT_MEASURE,16 cm,3600 mV,15 C,0 Degree,81 Times,
4352,1972042,70B3D50070001777,1600674533867,FES Receiver,2020-09-21 09:48:54.066379,"['SS', 'Standalone', 'version_184']",70001777,SENS_EVENT_MEASURE,16 cm,3620 mV,24 C,0 Degree,82 Times,
4351,1972741,70B3D50070001777,1600678133681,FES Receiver,2020-09-21 10:48:53.880581,"['SS', 'Standalone', 'version_184']",70001777,SENS_EVENT_MEASURE,16 cm,3640 mV,31 C,0 Degree,83 Times,
4350,1975503,70B3D50070001777,1600692533096,FES Receiver,2020-09-21 14:48:53.2991,"['SS', 'Standalone', 'version_184']",70001777,SENS_EVENT_MEASURE,14 cm,3640 mV,32 C,0 Degree,87 Times,
4349,1976155,70B3D50070001777,1600696132936,FES Receiver,2020-09-21 15:48:53.138158,"['SS', 'Standalone', 'version_184']",70001777,SENS_EVENT_MEASURE,14 cm,3620 mV,27 C,0 Degree,88 Times,
4348,1976859,70B3D50070001777,1600699732754,FES Receiver,2020-09-21 16:48:52.952518,"['SS', 'Standalone', 'version_184']",70001777,SENS_EVENT_MEASURE,14 cm,3620 mV,24 C,0 Degree,89 Times,
4347,1977539,70B3D50070001777,1600703332578,FES Receiver,2020-09-21 17:48:52.777227,"['SS', 'Standalone', 'version_184']",70001777,SENS_EVENT_MEASURE,14 cm,3610 mV,25 C,1 Degree,90 Times,
4346,1978238,70B3D50070001777,1600706932392,FES Receiver,2020-09-21 18:48:52.591756,"['SS', 'Standalone', 'version_184']",70001777,SENS_EVENT_MEASURE,14 cm,3610 mV,25 C,0 Degree,91 Times,
4345,1978929,70B3D50070001777,1600710533821,FES Receiver,2020-09-21 19:48:54.02444,"['SS', 'Standalone', 'version_184']",70001777,SENS_EVENT_MEASURE,14 cm,3600 mV,25 C,1 Degree,92 Times,
4344,1979608,70B3D50070001777,1600714133648,FES Receiver,2020-09-21 20:48:53.846282,"['SS', 'Standalone', 'version_184']",70001777,SENS_EVENT_MEASURE,12 cm,3600 mV,20 C,0 Degree,93 Times,
4343,1980288,70B3D50070001777,1600717733482,FES Receiver,2020-09-21 21:48:53.681201,"['SS', 'Standalone', 'version_184']",70001777,SENS_EVENT_MEASURE,12 cm,3600 mV,19 C,1 Degree,94 Times,
4342,1980972,70B3D50070001777,1600721333315,FES Receiver,2020-09-21 22:48:53.514792,"['SS', 'Standalone', 'version_184']",70001777,SENS_EVENT_MEASURE,12 cm,3600 mV,18 C,0 Degree,95 Times,
4341,1981638,70B3D50070001777,1600724933155,FES Receiver,2020-09-21 23:48:53.356935,"['SS', 'Standalone', 'version_184']",70001777,SENS_EVENT_MEASURE,12 cm,3590 mV,19 C,0 Degree,96 Times,
4340,1982311,70B3D50070001777,1600728532989,FES Receiver,2020-09-22 00:48:53.189466,"['SS', 'Standalone', 'version_184']",70001777,SENS_EVENT_MEASURE,12 cm,3590 mV,18 C,0 Degree,97 Times,
4339,1982973,70B3D50070001777,1600732132843,FES Receiver,2020-09-22 01:48:53.042997,"['SS', 'Standalone', 'version_184']",70001777,SENS_EVENT_MEASURE,12 cm,3590 mV,15 C,0 Degree,98 Times,
4338,1983645,70B3D50070001777,1600735732671,FES Receiver,2020-09-22 02:48:52.869834,"['SS', 'Standalone', 'version_184']",70001777,SENS_EVENT_MEASURE,12 cm,3590 mV,17 C,0 Degree,99 Times,
4337,1984309,70B3D50070001777,1600739332524,FES Receiver,2020-09-22 03:48:52.723343,"['SS', 'Standalone', 'version_184']",70001777,SENS_EVENT_MEASURE,12 cm,3590 mV,14 C,0 Degree,100 Times,
4336,1984975,70B3D50070001777,1600742932384,FES Receiver,2020-09-22 04:48:52.584178,"['SS', 'Standalone', 'version_184']",70001777,SENS_EVENT_MEASURE,12 cm,3590 mV,16 C,1 Degree,101 Times,
4335,1985656,70B3D50070001777,1600746532232,FES Receiver,2020-09-22 05:48:52.431259,"['SS', 'Standalone', 'version_184']",70001777,SENS_EVENT_MEASURE,14 cm,3580 mV,15 C,0 Degree,102 Times,
4334,1987026,70B3D50070001777,1600753731920,FES Receiver,2020-09-22 07:48:52.119906,"['SS', 'Standalone', 'version_184']",70001777,SENS_EVENT_MEASURE,14 cm,3580 mV,15 C,0 Degree,104 Times,
4333,1987681,70B3D50070001777,1600757331776,FES Receiver,2020-09-22 08:48:51.975872,"['SS', 'Standalone', 'version_184']",70001777,SENS_EVENT_MEASURE,8 cm,3590 mV,16 C,0 Degree,105 Times,
4332,1988455,70B3D50070001777,1600760931608,FES Receiver,2020-09-22 09:48:51.807291,"['SS', 'Standalone', 'version_184']",70001777,SENS_EVENT_MEASURE,8 cm,3620 mV,25 C,1 Degree,106 Times,
4331,1989204,70B3D50070001777,1600764531442,FES Receiver,2020-09-22 10:48:51.640873,"['SS', 'Standalone', 'version_184']",70001777,SENS_EVENT_MEASURE,8 cm,3640 mV,32 C,0 Degree,107 Times,
4330,1989929,70B3D50070001777,1600768131288,FES Receiver,2020-09-22 11:48:51.48774,"['SS', 'Standalone', 'version_184']",70001777,SENS_EVENT_MEASURE,8 cm,3640 mV,39 C,0 Degree,108 Times,
4329,1990673,70B3D50070001777,1600771731130,FES Receiver,2020-09-22 12:48:51.329735,"['SS', 'Standalone', 'version_184']",70001777,SENS_EVENT_MEASURE,8 cm,3650 mV,41 C,0 Degree,109 Times,
4328,1991400,70B3D50070001777,1600775330984,FES Receiver,2020-09-22 13:48:51.1892,"['SS', 'Standalone', 'version_184']",70001777,SENS_EVENT_MEASURE,14 cm,3650 mV,42 C,0 Degree,110 Times,
4327,1992122,70B3D50070001777,1600778930829,FES Receiver,2020-09-22 14:48:51.029308,"['SS', 'Standalone', 'version_184']",70001777,SENS_EVENT_MEASURE,14 cm,3640 mV,32 C,1 Degree,111 Times,
4326,1992829,70B3D50070001777,1600782530637,FES Receiver,2020-09-22 15:48:50.836848,"['SS', 'Standalone', 'version_184']",70001777,SENS_EVENT_MEASURE,14 cm,3630 mV,29 C,0 Degree,112 Times,
4325,1993590,70B3D50070001777,1600786130465,FES Receiver,2020-09-22 16:48:50.665092,"['SS', 'Standalone', 'version_184']",70001777,SENS_EVENT_MEASURE,16 cm,3620 mV,29 C,0 Degree,113 Times,
4324,1994301,70B3D50070001777,1600789730286,FES Receiver,2020-09-22 17:48:50.489928,"['SS', 'Standalone', 'version_184']",70001777,SENS_EVENT_MEASURE,16 cm,3620 mV,26 C,0 Degree,114 Times,
4323,1994996,70B3D50070001777,1600793330113,FES Receiver,2020-09-22 18:48:50.317065,"['SS', 'Standalone', 'version_184']",70001777,SENS_EVENT_MEASURE,16 cm,3610 mV,26 C,1 Degree,115 Times,
4322,1995683,70B3D50070001777,1600796931526,FES Receiver,2020-09-22 19:48:51.728374,"['SS', 'Standalone', 'version_184']",70001777,SENS_EVENT_MEASURE,16 cm,3610 mV,24 C,0 Degree,116 Times,
4321,1996365,70B3D50070001777,1600800531347,FES Receiver,2020-09-22 20:48:51.547321,"['SS', 'Standalone', 'version_184']",70001777,SENS_EVENT_MEASURE,14 cm,3600 mV,21 C,0 Degree,117 Times,
4320,1997751,70B3D50070001777,1600807731015,FES Receiver,2020-09-22 22:48:51.214914,"['SS', 'Standalone', 'version_184']",70001777,SENS_EVENT_MEASURE,14 cm,3600 mV,21 C,0 Degree,119 Times,
4319,1998457,70B3D50070001777,1600811330849,FES Receiver,2020-09-22 23:48:51.048854,"['SS', 'Standalone', 'version_184']",70001777,SENS_EVENT_MEASURE,14 cm,3600 mV,18 C,0 Degree,120 Times,
4318,1999154,70B3D50070001777,1600814930683,FES Receiver,2020-09-23 00:48:50.881448,"['SS', 'Standalone', 'version_184']",70001777,SENS_EVENT_MEASURE,14 cm,3600 mV,19 C,1 Degree,121 Times,
4317,1999839,70B3D50070001777,1600818530516,FES Receiver,2020-09-23 01:48:50.714975,"['SS', 'Standalone', 'version_184']",70001777,SENS_EVENT_MEASURE,14 cm,3600 mV,20 C,1 Degree,122 Times,
4316,2001228,70B3D50070001777,1600825730184,FES Receiver,2020-09-23 03:48:50.382973,"['SS', 'Standalone', 'version_184']",70001777,SENS_EVENT_MEASURE,14 cm,3600 mV,20 C,0 Degree,124 Times,
4315,2001933,70B3D50070001777,1600829330018,FES Receiver,2020-09-23 04:48:50.219556,"['SS', 'Standalone', 'version_184']",70001777,SENS_EVENT_MEASURE,14 cm,3600 mV,19 C,0 Degree,125 Times,
4314,2003314,70B3D50070001777,1600836529706,FES Receiver,2020-09-23 06:48:49.980927,"['SS', 'Standalone', 'version_184']",70001777,SENS_EVENT_MEASURE,14 cm,3600 mV,18 C,1 Degree,127 Times,
4313,2004031,70B3D50070001777,1600840129699,FES Receiver,2020-09-23 07:48:49.897715,"['SS', 'Standalone', 'version_184']",70001777,SENS_EVENT_MEASURE,120 cm,3600 mV,18 C,0 Degree,128 Times,
4312,2004778,70B3D50070001777,1600843729534,FES Receiver,2020-09-23 08:48:49.731797,"['SS', 'Standalone', 'version_184']",70001777,SENS_EVENT_MEASURE,122 cm,3600 mV,18 C,1 Degree,129 Times,
4311,2005494,70B3D50070001777,1600847329227,FES Receiver,2020-09-23 09:48:49.426799,"['SS', 'Standalone', 'version_184']",70001777,SENS_EVENT_MEASURE,122 cm,3620 mV,21 C,0 Degree,130 Times,
4310,2006233,70B3D50070001777,1600850929121,FES Receiver,2020-09-23 10:48:49.320769,"['SS', 'Standalone', 'version_184']",70001777,SENS_EVENT_MEASURE,122 cm,3630 mV,29 C,0 Degree,131 Times,
4309,2006950,70B3D50070001777,1600854528915,FES Receiver,2020-09-23 11:48:49.113831,"['SS', 'Standalone', 'version_184']",70001777,SENS_EVENT_MEASURE,122 cm,3640 mV,33 C,0 Degree,132 Times,
4308,2007640,70B3D50070001777,1600858128760,FES Receiver,2020-09-23 12:48:48.960499,"['SS', 'Standalone', 'version_184']",70001777,SENS_EVENT_MEASURE,124 cm,3640 mV,39 C,0 Degree,133 Times,
4307,2008431,70B3D50070001777,1600861728702,FES Receiver,2020-09-23 13:48:48.90074,"['SS', 'Standalone', 'version_184']",70001777,SENS_EVENT_MEASURE,122 cm,3640 mV,30 C,0 Degree,134 Times,
4306,2009186,70B3D50070001777,1600865328527,FES Receiver,2020-09-23 14:48:48.726344,"['SS', 'Standalone', 'version_184']",70001777,SENS_EVENT_MEASURE,122 cm,3630 mV,25 C,1 Degree,135 Times,
4305,2009958,70B3D50070001777,1600868928230,FES Receiver,2020-09-23 15:48:48.42854,"['SS', 'Standalone', 'version_184']",70001777,SENS_EVENT_MEASURE,122 cm,3620 mV,27 C,0 Degree,136 Times,
4304,2010697,70B3D50070001777,1600872528090,FES Receiver,2020-09-23 16:48:48.290169,"['SS', 'Standalone', 'version_184']",70001777,SENS_EVENT_MEASURE,122 cm,3620 mV,25 C,0 Degree,137 Times,
4303,2011398,70B3D50070001777,1600876127998,FES Receiver,2020-09-23 17:48:48.196556,"['SS', 'Standalone', 'version_184']",70001777,SENS_EVENT_MEASURE,122 cm,3620 mV,25 C,0 Degree,138 Times,
4302,2012825,70B3D50070001777,1600883329085,FES Receiver,2020-09-23 19:48:49.292,"['SS', 'Standalone', 'version_184']",70001777,SENS_EVENT_MEASURE,120 cm,3610 mV,22 C,0 Degree,140 Times,
4301,2013499,70B3D50070001777,1600886928979,FES Receiver,2020-09-23 20:48:49.182815,"['SS', 'Standalone', 'version_184']",70001777,SENS_EVENT_MEASURE,120 cm,3610 mV,20 C,1 Degree,141 Times,
4300,2014236,70B3D50070001777,1600890528901,FES Receiver,2020-09-23 21:48:49.103785,"['SS', 'Standalone', 'version_184']",70001777,SENS_EVENT_MEASURE,122 cm,3610 mV,20 C,0 Degree,142 Times,
4299,2014924,70B3D50070001777,1600894128726,FES Receiver,2020-09-23 22:48:48.926121,"['SS', 'Standalone', 'version_184']",70001777,SENS_EVENT_MEASURE,122 cm,3600 mV,20 C,0 Degree,143 Times,
4298,2015623,70B3D50070001777,1600897728560,FES Receiver,2020-09-23 23:48:48.758977,"['SS', 'Standalone', 'version_184']",70001777,SENS_EVENT_MEASURE,122 cm,3600 mV,18 C,0 Degree,144 Times,
4297,2016334,70B3D50070001777,1600901328393,FES Receiver,2020-09-24 00:48:48.593879,"['SS', 'Standalone', 'version_184']",70001777,SENS_EVENT_MEASURE,122 cm,3600 mV,18 C,0 Degree,145 Times,
4296,2017041,70B3D50070001777,1600904928238,FES Receiver,2020-09-24 01:48:48.438153,"['SS', 'Standalone', 'version_184']",70001777,SENS_EVENT_MEASURE,122 cm,3600 mV,17 C,0 Degree,146 Times,
4295,2017751,70B3D50070001777,1600908528086,FES Receiver,2020-09-24 02:48:48.285503,"['SS', 'Standalone', 'version_184']",70001777,SENS_EVENT_MEASURE,122 cm,3600 mV,16 C,1 Degree,147 Times,
4294,2018447,70B3D50070001777,1600912127934,FES Receiver,2020-09-24 03:48:48.132903,"['SS', 'Standalone', 'version_184']",70001777,SENS_EVENT_MEASURE,122 cm,3600 mV,17 C,1 Degree,148 Times,
4293,2019166,70B3D50070001777,1600915727767,FES Receiver,2020-09-24 04:48:47.980219,"['SS', 'Standalone', 'version_184']",70001777,SENS_EVENT_MEASURE,122 cm,3600 mV,17 C,1 Degree,149 Times,
4292,2019879,70B3D50070001777,1600919327621,FES Receiver,2020-09-24 05:48:47.820291,"['SS', 'Standalone', 'version_184']",70001777,SENS_EVENT_MEASURE,122 cm,3600 mV,18 C,0 Degree,150 Times,
4291,2020572,70B3D50070001777,1600922927455,FES Receiver,2020-09-24 06:48:47.719076,"['SS', 'Standalone', 'version_184']",70001777,SENS_EVENT_MEASURE,122 cm,3600 mV,16 C,0 Degree,151 Times,
4290,2021290,70B3D50070001777,1600926527249,FES Receiver,2020-09-24 07:48:47.448304,"['SS', 'Standalone', 'version_184']",70001777,SENS_EVENT_MEASURE,128 cm,3600 mV,17 C,1 Degree,152 Times,
4289,2022102,70B3D50070001777,1600930127062,FES Receiver,2020-09-24 08:48:47.26358,"['SS', 'Standalone', 'version_184']",70001777,SENS_EVENT_MEASURE,126 cm,3610 mV,17 C,1 Degree,153 Times,
4288,2022770,70B3D50070001777,1600933726887,FES Receiver,2020-09-24 09:48:47.086598,"['SS', 'Standalone', 'version_184']",70001777,SENS_EVENT_MEASURE,124 cm,3620 mV,22 C,0 Degree,154 Times,
4287,2023472,70B3D50070001777,1600937326689,FES Receiver,2020-09-24 10:48:46.888532,"['SS', 'Standalone', 'version_184']",70001777,SENS_EVENT_MEASURE,124 cm,3640 mV,31 C,0 Degree,155 Times,
4286,2024153,70B3D50070001777,1600940926624,FES Receiver,2020-09-24 11:48:46.823048,"['SS', 'Standalone', 'version_184']",70001777,SENS_EVENT_MEASURE,124 cm,3640 mV,30 C,0 Degree,156 Times,
4285,2024843,70B3D50070001777,1600944526468,FES Receiver,2020-09-24 12:48:46.666632,"['SS', 'Standalone', 'version_184']",70001777,SENS_EVENT_MEASURE,122 cm,3640 mV,30 C,0 Degree,157 Times,
4284,2025573,70B3D50070001777,1600948126142,FES Receiver,2020-09-24 13:48:46.34126,"['SS', 'Standalone', 'version_184']",70001777,SENS_EVENT_MEASURE,122 cm,3640 mV,25 C,0 Degree,158 Times,
4283,2026248,70B3D50070001777,1600951726103,FES Receiver,2020-09-24 14:48:46.302368,"['SS', 'Standalone', 'version_184']",70001777,SENS_EVENT_MEASURE,124 cm,3630 mV,24 C,0 Degree,159 Times,
4282,2026954,70B3D50070001777,1600955325784,FES Receiver,2020-09-24 15:48:45.98385,"['SS', 'Standalone', 'version_184']",70001777,SENS_EVENT_MEASURE,122 cm,3620 mV,22 C,0 Degree,160 Times,
4281,2027723,70B3D50070001777,1600958925751,FES Receiver,2020-09-24 16:48:45.950453,"['SS', 'Standalone', 'version_184']",70001777,SENS_EVENT_MEASURE,122 cm,3620 mV,21 C,0 Degree,161 Times,
4280,2028470,70B3D50070001777,1600962525585,FES Receiver,2020-09-24 17:48:45.783409,"['SS', 'Standalone', 'version_184']",70001777,SENS_EVENT_MEASURE,132 cm,3620 mV,19 C,1 Degree,162 Times,
4279,2029163,70B3D50070001777,1600966125418,FES Receiver,2020-09-24 18:48:45.616946,"['SS', 'Standalone', 'version_184']",70001777,SENS_EVENT_MEASURE,120 cm,3610 mV,21 C,1 Degree,163 Times,
4278,2029924,70B3D50070001777,1600969730835,FES Receiver,2020-09-24 19:48:51.044939,"['SS', 'Standalone', 'version_184']",70001777,SENS_EVENT_MEASURE,120 cm,3610 mV,18 C,0 Degree,164 Times,
4277,2030635,70B3D50070001777,1600973326689,FES Receiver,2020-09-24 20:48:46.888182,"['SS', 'Standalone', 'version_184']",70001777,SENS_EVENT_MEASURE,120 cm,3600 mV,14 C,0 Degree,165 Times,
4276,2031354,70B3D50070001777,1600976926560,FES Receiver,2020-09-24 21:48:46.766171,"['SS', 'Standalone', 'version_184']",70001777,SENS_EVENT_MEASURE,120 cm,3600 mV,15 C,1 Degree,166 Times,
4275,2032065,70B3D50070001777,1600980526377,FES Receiver,2020-09-24 22:48:46.575672,"['SS', 'Standalone', 'version_184']",70001777,SENS_EVENT_MEASURE,120 cm,3600 mV,16 C,1 Degree,167 Times,
4274,2032787,70B3D50070001777,1600984126230,FES Receiver,2020-09-24 23:48:46.43455,"['SS', 'Standalone', 'version_184']",70001777,SENS_EVENT_MEASURE,120 cm,3600 mV,16 C,0 Degree,168 Times,
4273,2033505,70B3D50070001777,1600987726090,FES Receiver,2020-09-25 00:48:46.29324,"['SS', 'Standalone', 'version_184']",70001777,SENS_EVENT_MEASURE,120 cm,3600 mV,16 C,0 Degree,169 Times,
4272,2034929,70B3D50070001777,1600994925791,FES Receiver,2020-09-25 02:48:45.989769,"['SS', 'Standalone', 'version_184']",70001777,SENS_EVENT_MEASURE,120 cm,3600 mV,15 C,1 Degree,171 Times,
4271,2035653,70B3D50070001777,1600998525651,FES Receiver,2020-09-25 03:48:45.851059,"['SS', 'Standalone', 'version_184']",70001777,SENS_EVENT_MEASURE,120 cm,3600 mV,16 C,0 Degree,172 Times,
4270,2036366,70B3D50070001777,1601002125505,FES Receiver,2020-09-25 04:48:45.704814,"['SS', 'Standalone', 'version_184']",70001777,SENS_EVENT_MEASURE,120 cm,3600 mV,16 C,0 Degree,173 Times,
4269,2037100,70B3D50070001777,1601005725353,FES Receiver,2020-09-25 05:48:45.552311,"['SS', 'Standalone', 'version_184']",70001777,SENS_EVENT_MEASURE,120 cm,3590 mV,14 C,0 Degree,174 Times,
4268,2038403,70B3D50070001777,1601012925080,FES Receiver,2020-09-25 07:48:45.279352,"['SS', 'Standalone', 'version_184']",70001777,SENS_EVENT_MEASURE,120 cm,3590 mV,14 C,0 Degree,176 Times,
4267,2039677,70B3D50070001777,1601020124808,FES Receiver,2020-09-25 09:48:45.007047,"['SS', 'Standalone', 'version_184']",70001777,SENS_EVENT_MEASURE,120 cm,3600 mV,15 C,0 Degree,178 Times,
4266,2040289,70B3D50070001777,1601023724667,FES Receiver,2020-09-25 10:48:44.865901,"['SS', 'Standalone', 'version_184']",70001777,SENS_EVENT_MEASURE,120 cm,3600 mV,16 C,1 Degree,179 Times,
4265,2040885,70B3D50070001777,1601027324515,FES Receiver,2020-09-25 11:48:44.713607,"['SS', 'Standalone', 'version_184']",70001777,SENS_EVENT_MEASURE,120 cm,3610 mV,16 C,0 Degree,180 Times,
4264,2041567,70B3D50070001777,1601030924381,FES Receiver,2020-09-25 12:48:44.581534,"['SS', 'Standalone', 'version_184']",70001777,SENS_EVENT_MEASURE,120 cm,3610 mV,17 C,0 Degree,181 Times,
4263,2042257,70B3D50070001777,1601034524223,FES Receiver,2020-09-25 13:48:44.421182,"['SS', 'Standalone', 'version_184']",70001777,SENS_EVENT_MEASURE,120 cm,3610 mV,18 C,1 Degree,182 Times,
4262,2042942,70B3D50070001777,1601038124056,FES Receiver,2020-09-25 14:48:44.255219,"['SS', 'Standalone', 'version_184']",70001777,SENS_EVENT_MEASURE,120 cm,3610 mV,17 C,0 Degree,183 Times,
4261,2043619,70B3D50070001777,1601041723910,FES Receiver,2020-09-25 15:48:44.108492,"['SS', 'Standalone', 'version_184']",70001777,SENS_EVENT_MEASURE,122 cm,3610 mV,16 C,0 Degree,184 Times,
4260,2044235,70B3D50070001777,1601045323763,FES Receiver,2020-09-25 16:48:43.963244,"['SS', 'Standalone', 'version_184']",70001777,SENS_EVENT_MEASURE,124 cm,3610 mV,16 C,0 Degree,185 Times,
4259,2045595,70B3D50070001777,1601052523451,FES Receiver,2020-09-25 18:48:43.650067,"['SS', 'Standalone', 'version_184']",70001777,SENS_EVENT_MEASURE,112 cm,3610 mV,16 C,1 Degree,187 Times,
4258,2046305,70B3D50070001777,1601056124966,FES Receiver,2020-09-25 19:48:45.169312,"['SS', 'Standalone', 'version_184']",70001777,SENS_EVENT_MEASURE,116 cm,3600 mV,15 C,2 Degree,188 Times,
4257,2047005,70B3D50070001777,1601059724831,FES Receiver,2020-09-25 20:48:45.031324,"['SS', 'Standalone', 'version_184']",70001777,SENS_EVENT_MEASURE,116 cm,3590 mV,13 C,1 Degree,189 Times,
4256,2047709,70B3D50070001777,1601063324685,FES Receiver,2020-09-25 21:48:44.885596,"['SS', 'Standalone', 'version_184']",70001777,SENS_EVENT_MEASURE,116 cm,3590 mV,13 C,0 Degree,190 Times,
4255,2048416,70B3D50070001777,1601066924559,FES Receiver,2020-09-25 22:48:44.767494,"['SS', 'Standalone', 'version_184']",70001777,SENS_EVENT_MEASURE,116 cm,3590 mV,14 C,1 Degree,191 Times,
4254,2049099,70B3D50070001777,1601070524421,FES Receiver,2020-09-25 23:48:44.620382,"['SS', 'Standalone', 'version_184']",70001777,SENS_EVENT_MEASURE,116 cm,3600 mV,13 C,0 Degree,192 Times,
4253,2050476,70B3D50070001777,1601077724166,FES Receiver,2020-09-26 01:48:44.371072,"['SS', 'Standalone', 'version_184']",70001777,SENS_EVENT_MEASURE,116 cm,3590 mV,13 C,0 Degree,194 Times,
4252,2051170,70B3D50070001777,1601081324034,FES Receiver,2020-09-26 02:48:44.237598,"['SS', 'Standalone', 'version_184']",70001777,SENS_EVENT_MEASURE,116 cm,3600 mV,13 C,0 Degree,195 Times,
4251,2051869,70B3D50070001777,1601084923913,FES Receiver,2020-09-26 03:48:44.115061,"['SS', 'Standalone', 'version_184']",70001777,SENS_EVENT_MEASURE,116 cm,3590 mV,12 C,0 Degree,196 Times,
4250,2052569,70B3D50070001777,1601088523773,FES Receiver,2020-09-26 04:48:43.981835,"['SS', 'Standalone', 'version_184']",70001777,SENS_EVENT_MEASURE,116 cm,3590 mV,12 C,0 Degree,197 Times,
4249,2053280,70B3D50070001777,1601092123635,FES Receiver,2020-09-26 05:48:43.834547,"['SS', 'Standalone', 'version_184']",70001777,SENS_EVENT_MEASURE,116 cm,3600 mV,13 C,1 Degree,198 Times,
4248,2053984,70B3D50070001777,1601095703510,FES Receiver,2020-09-26 06:48:23.708478,"['SS', 'Standalone', 'version_184']",70001777,SENS_EVENT_MEASURE,116 cm,3600 mV,13 C,0 Degree,199 Times,
4247,2054687,70B3D50070001777,1601099303383,FES Receiver,2020-09-26 07:48:23.583003,"['SS', 'Standalone', 'version_184']",70001777,SENS_EVENT_MEASURE,116 cm,3600 mV,13 C,1 Degree,200 Times,
4246,2056104,70B3D50070001777,1601106503123,FES Receiver,2020-09-26 09:48:23.338518,"['SS', 'Standalone', 'version_184']",70001777,SENS_EVENT_MEASURE,116 cm,3600 mV,13 C,1 Degree,202 Times,
4245,2056772,70B3D50070001777,1601110102930,FES Receiver,2020-09-26 10:48:23.129658,"['SS', 'Standalone', 'version_184']",70001777,SENS_EVENT_MEASURE,116 cm,3600 mV,15 C,1 Degree,203 Times,
4244,2057476,70B3D50070001777,1601113702790,FES Receiver,2020-09-26 11:48:22.990585,"['SS', 'Standalone', 'version_184']",70001777,SENS_EVENT_MEASURE,112 cm,3610 mV,17 C,0 Degree,204 Times,
4243,2058144,70B3D50070001777,1601117302632,FES Receiver,2020-09-26 12:48:22.842122,"['SS', 'Standalone', 'version_184']",70001777,SENS_EVENT_MEASURE,108 cm,3610 mV,17 C,1 Degree,205 Times,
4242,2058855,70B3D50070001777,1601120902466,FES Receiver,2020-09-26 13:48:22.6826,"['SS', 'Standalone', 'version_184']",70001777,SENS_EVENT_MEASURE,110 cm,3620 mV,18 C,0 Degree,206 Times,
4241,2059558,70B3D50070001777,1601124502320,FES Receiver,2020-09-26 14:48:22.520539,"['SS', 'Standalone', 'version_184']",70001777,SENS_EVENT_MEASURE,108 cm,3610 mV,17 C,0 Degree,207 Times,
4240,2060251,70B3D50070001777,1601128102174,FES Receiver,2020-09-26 15:48:22.372727,"['SS', 'Standalone', 'version_184']",70001777,SENS_EVENT_MEASURE,108 cm,3610 mV,17 C,0 Degree,208 Times,
4239,2061654,70B3D50070001777,1601135301941,FES Receiver,2020-09-26 17:48:22.140168,"['SS', 'Standalone', 'version_184']",70001777,SENS_EVENT_MEASURE,108 cm,3610 mV,14 C,1 Degree,210 Times,
4238,2062320,70B3D50070001777,1601138901735,FES Receiver,2020-09-26 18:48:21.936116,"['SS', 'Standalone', 'version_184']",70001777,SENS_EVENT_MEASURE,108 cm,3600 mV,12 C,0 Degree,211 Times,
4237,2063047,70B3D50070001777,1601142503197,FES Receiver,2020-09-26 19:48:23.415678,"['SS', 'Standalone', 'version_184']",70001777,SENS_EVENT_MEASURE,106 cm,3600 mV,14 C,0 Degree,212 Times,
4236,2063763,70B3D50070001777,1601146103071,FES Receiver,2020-09-26 20:48:23.295157,"['SS', 'Standalone', 'version_184']",70001777,SENS_EVENT_MEASURE,108 cm,3600 mV,14 C,0 Degree,213 Times,
4235,2064476,70B3D50070001777,1601149702933,FES Receiver,2020-09-26 21:48:23.132735,"['SS', 'Standalone', 'version_184']",70001777,SENS_EVENT_MEASURE,108 cm,3600 mV,13 C,0 Degree,214 Times,
4234,2065177,70B3D50070001777,1601153302799,FES Receiver,2020-09-26 22:48:23.023261,"['SS', 'Standalone', 'version_184']",70001777,SENS_EVENT_MEASURE,108 cm,3600 mV,13 C,0 Degree,215 Times,
4233,2066592,70B3D50070001777,1601160502546,FES Receiver,2020-09-27 00:48:22.745649,"['SS', 'Standalone', 'version_184']",70001777,SENS_EVENT_MEASURE,106 cm,3600 mV,13 C,0 Degree,217 Times,
4232,2067275,70B3D50070001777,1601164102420,FES Receiver,2020-09-27 01:48:22.640339,"['SS', 'Standalone', 'version_184']",70001777,SENS_EVENT_MEASURE,108 cm,3590 mV,12 C,0 Degree,218 Times,
4231,2067969,70B3D50070001777,1601167702294,FES Receiver,2020-09-27 02:48:22.493895,"['SS', 'Standalone', 'version_184']",70001777,SENS_EVENT_MEASURE,108 cm,3590 mV,12 C,0 Degree,219 Times,
4230,2068671,70B3D50070001777,1601171302187,FES Receiver,2020-09-27 03:48:22.386042,"['SS', 'Standalone', 'version_184']",70001777,SENS_EVENT_MEASURE,108 cm,3590 mV,12 C,1 Degree,220 Times,
4229,2070072,70B3D50070001777,1601178501935,FES Receiver,2020-09-27 05:48:22.138344,"['SS', 'Standalone', 'version_184']",70001777,SENS_EVENT_MEASURE,108 cm,3590 mV,10 C,1 Degree,222 Times,
4228,2071472,70B3D50070001777,1601185701683,FES Receiver,2020-09-27 07:48:21.885858,"['SS', 'Standalone', 'version_184']",70001777,SENS_EVENT_MEASURE,108 cm,3590 mV,11 C,1 Degree,224 Times,
4227,2072150,70B3D50070001777,1601189301556,FES Receiver,2020-09-27 08:48:21.75918,"['SS', 'Standalone', 'version_184']",70001777,SENS_EVENT_MEASURE,108 cm,3590 mV,12 C,1 Degree,225 Times,
4226,2072860,70B3D50070001777,1601192901430,FES Receiver,2020-09-27 09:48:21.628988,"['SS', 'Standalone', 'version_184']",70001777,SENS_EVENT_MEASURE,108 cm,3600 mV,13 C,1 Degree,226 Times,
4225,2073555,70B3D50070001777,1601196501304,FES Receiver,2020-09-27 10:48:21.503148,"['SS', 'Standalone', 'version_184']",70001777,SENS_EVENT_MEASURE,108 cm,3600 mV,13 C,0 Degree,227 Times,
4224,2074259,70B3D50070001777,1601200101178,FES Receiver,2020-09-27 11:48:21.376981,"['SS', 'Standalone', 'version_184']",70001777,SENS_EVENT_MEASURE,106 cm,3610 mV,14 C,0 Degree,228 Times,
4223,2075637,70B3D50070001777,1601207300867,FES Receiver,2020-09-27 13:48:21.064961,"['SS', 'Standalone', 'version_184']",70001777,SENS_EVENT_MEASURE,106 cm,3620 mV,15 C,1 Degree,230 Times,
4222,2077775,70B3D50070001777,1601218100432,FES Receiver,2020-09-27 16:48:20.631887,"['SS', 'Standalone', 'version_184']",70001777,SENS_EVENT_MEASURE,106 cm,3610 mV,14 C,0 Degree,233 Times,
4221,2078476,70B3D50070001777,1601221700281,FES Receiver,2020-09-27 17:48:20.486803,"['SS', 'Standalone', 'version_184']",70001777,SENS_EVENT_MEASURE,106 cm,3610 mV,15 C,0 Degree,234 Times,
4220,2079173,70B3D50070001777,1601225300182,FES Receiver,2020-09-27 18:48:20.380783,"['SS', 'Standalone', 'version_184']",70001777,SENS_EVENT_MEASURE,106 cm,3610 mV,15 C,1 Degree,235 Times,
4219,2079886,70B3D50070001777,1601228901616,FES Receiver,2020-09-27 19:48:21.814831,"['SS', 'Standalone', 'version_184']",70001777,SENS_EVENT_MEASURE,106 cm,3610 mV,14 C,0 Degree,236 Times,
4218,2080583,70B3D50070001777,1601232501450,FES Receiver,2020-09-27 20:48:21.651628,"['SS', 'Standalone', 'version_184']",70001777,SENS_EVENT_MEASURE,106 cm,3610 mV,15 C,0 Degree,237 Times,
4217,2081274,70B3D50070001777,1601236101303,FES Receiver,2020-09-27 21:48:21.502729,"['SS', 'Standalone', 'version_184']",70001777,SENS_EVENT_MEASURE,106 cm,3610 mV,15 C,0 Degree,238 Times,
4216,2082656,70B3D50070001777,1601243301031,FES Receiver,2020-09-27 23:48:21.230783,"['SS', 'Standalone', 'version_184']",70001777,SENS_EVENT_MEASURE,106 cm,3600 mV,15 C,0 Degree,240 Times,
4215,2083329,70B3D50070001777,1601246900905,FES Receiver,2020-09-28 00:48:21.104293,"['SS', 'Standalone', 'version_184']",70001777,SENS_EVENT_MEASURE,106 cm,3600 mV,13 C,1 Degree,241 Times,
4214,2084011,70B3D50070001777,1601250500799,FES Receiver,2020-09-28 01:48:20.996917,"['SS', 'Standalone', 'version_184']",70001777,SENS_EVENT_MEASURE,106 cm,3600 mV,14 C,1 Degree,242 Times,
4213,2084725,70B3D50070001777,1601254100719,FES Receiver,2020-09-28 02:48:20.917706,"['SS', 'Standalone', 'version_184']",70001777,SENS_EVENT_MEASURE,106 cm,3600 mV,11 C,1 Degree,243 Times,
4212,2086129,70B3D50070001777,1601261300400,FES Receiver,2020-09-28 04:48:20.600964,"['SS', 'Standalone', 'version_184']",70001777,SENS_EVENT_MEASURE,106 cm,3590 mV,11 C,0 Degree,245 Times,
4211,2086839,70B3D50070001777,1601264900315,FES Receiver,2020-09-28 05:48:20.535634,"['SS', 'Standalone', 'version_184']",70001777,SENS_EVENT_MEASURE,106 cm,3590 mV,10 C,0 Degree,246 Times,
4210,2088043,70B3D50070001777,1601272100122,FES Receiver,2020-09-28 07:48:20.32187,"['SS', 'Standalone', 'version_184']",70001777,SENS_EVENT_MEASURE,106 cm,3590 mV,11 C,0 Degree,248 Times,
4209,2088646,70B3D50070001777,1601275699936,FES Receiver,2020-09-28 08:48:20.135704,"['SS', 'Standalone', 'version_184']",70001777,SENS_EVENT_MEASURE,112 cm,3600 mV,13 C,1 Degree,249 Times,
4208,2089363,70B3D50070001777,1601279299670,FES Receiver,2020-09-28 09:48:19.869543,"['SS', 'Standalone', 'version_184']",70001777,SENS_EVENT_MEASURE,110 cm,3610 mV,17 C,0 Degree,250 Times,
4207,2090091,70B3D50070001777,1601282899644,FES Receiver,2020-09-28 10:48:19.853051,"['SS', 'Standalone', 'version_184']",70001777,SENS_EVENT_MEASURE,104 cm,3640 mV,24 C,1 Degree,251 Times,
4206,2091528,70B3D50070001777,1601290099191,FES Receiver,2020-09-28 12:48:19.395543,"['SS', 'Standalone', 'version_184']",70001777,SENS_EVENT_MEASURE,104 cm,3630 mV,20 C,0 Degree,253 Times,
4205,2092245,70B3D50070001777,1601293699131,FES Receiver,2020-09-28 13:48:19.334651,"['SS', 'Standalone', 'version_184']",70001777,SENS_EVENT_MEASURE,110 cm,3640 mV,24 C,0 Degree,254 Times,
4204,2093672,70B3D50070001777,1601300898633,FES Receiver,2020-09-28 15:48:18.842441,"['SS', 'Standalone', 'version_184']",70001777,SENS_EVENT_MEASURE,102 cm,3630 mV,17 C,0 Degree,0 Times,
4203,2094415,70B3D50070001777,1601304498507,FES Receiver,2020-09-28 16:48:18.705802,"['SS', 'Standalone', 'version_184']",70001777,SENS_EVENT_MEASURE,102 cm,3630 mV,17 C,0 Degree,1 Times,
4202,2095154,70B3D50070001777,1601308098361,FES Receiver,2020-09-28 17:48:18.561518,"['SS', 'Standalone', 'version_184']",70001777,SENS_EVENT_MEASURE,102 cm,3620 mV,18 C,0 Degree,2 Times,
4201,2095844,70B3D50070001777,1601311698307,FES Receiver,2020-09-28 18:48:18.509824,"['SS', 'Standalone', 'version_184']",70001777,SENS_EVENT_MEASURE,104 cm,3620 mV,19 C,0 Degree,3 Times,
4200,2096517,70B3D50070001777,1601315299718,FES Receiver,2020-09-28 19:48:19.91606,"['SS', 'Standalone', 'version_184']",70001777,SENS_EVENT_MEASURE,98 cm,3610 mV,17 C,0 Degree,4 Times,
4199,2097240,70B3D50070001777,1601318899579,FES Receiver,2020-09-28 20:48:19.782944,"['SS', 'Standalone', 'version_184']",70001777,SENS_EVENT_MEASURE,98 cm,3610 mV,17 C,0 Degree,5 Times,
4198,2097935,70B3D50070001777,1601322499437,FES Receiver,2020-09-28 21:48:19.636701,"['SS', 'Standalone', 'version_184']",70001777,SENS_EVENT_MEASURE,98 cm,3610 mV,13 C,0 Degree,6 Times,
4197,2098617,70B3D50070001777,1601326099325,FES Receiver,2020-09-28 22:48:19.522888,"['SS', 'Standalone', 'version_184']",70001777,SENS_EVENT_MEASURE,102 cm,3610 mV,16 C,0 Degree,7 Times,
4196,2099326,70B3D50070001777,1601329699173,FES Receiver,2020-09-28 23:48:19.372197,"['SS', 'Standalone', 'version_184']",70001777,SENS_EVENT_MEASURE,102 cm,3600 mV,16 C,0 Degree,8 Times,
4195,2100010,70B3D50070001777,1601333299088,FES Receiver,2020-09-29 00:48:19.286271,"['SS', 'Standalone', 'version_184']",70001777,SENS_EVENT_MEASURE,100 cm,3600 mV,13 C,0 Degree,9 Times,
4194,2100713,70B3D50070001777,1601336898941,FES Receiver,2020-09-29 01:48:19.140698,"['SS', 'Standalone', 'version_184']",70001777,SENS_EVENT_MEASURE,100 cm,3600 mV,14 C,1 Degree,10 Times,
4193,2101425,70B3D50070001777,1601340498755,FES Receiver,2020-09-29 02:48:18.953189,"['SS', 'Standalone', 'version_184']",70001777,SENS_EVENT_MEASURE,102 cm,3600 mV,13 C,0 Degree,11 Times,
4192,2102124,70B3D50070001777,1601344098629,FES Receiver,2020-09-29 03:48:18.82751,"['SS', 'Standalone', 'version_184']",70001777,SENS_EVENT_MEASURE,100 cm,3600 mV,13 C,0 Degree,12 Times,
4191,2102836,70B3D50070001777,1601347698483,FES Receiver,2020-09-29 04:48:18.681593,"['SS', 'Standalone', 'version_184']",70001777,SENS_EVENT_MEASURE,106 cm,3600 mV,13 C,0 Degree,13 Times,
4190,2103551,70B3D50070001777,1601351298357,FES Receiver,2020-09-29 05:48:18.554666,"['SS', 'Standalone', 'version_184']",70001777,SENS_EVENT_MEASURE,102 cm,3600 mV,12 C,1 Degree,14 Times,
4189,2104254,70B3D50070001777,1601354898236,FES Receiver,2020-09-29 06:48:18.435572,"['SS', 'Standalone', 'version_184']",70001777,SENS_EVENT_MEASURE,100 cm,3600 mV,13 C,0 Degree,15 Times,
4188,2104977,70B3D50070001777,1601358498004,FES Receiver,2020-09-29 07:48:18.232678,"['SS', 'Standalone', 'version_184']",70001777,SENS_EVENT_MEASURE,100 cm,3600 mV,12 C,1 Degree,16 Times,
4187,2105726,70B3D50070001777,1601362097958,FES Receiver,2020-09-29 08:48:18.156179,"['SS', 'Standalone', 'version_184']",70001777,SENS_EVENT_MEASURE,98 cm,3600 mV,13 C,0 Degree,17 Times,
4186,2106478,70B3D50070001777,1601365697832,FES Receiver,2020-09-29 09:48:18.033873,"['SS', 'Standalone', 'version_184']",70001777,SENS_EVENT_MEASURE,96 cm,3600 mV,13 C,1 Degree,18 Times,
4185,2107930,70B3D50070001777,1601372897546,FES Receiver,2020-09-29 11:48:17.744031,"['SS', 'Standalone', 'version_184']",70001777,SENS_EVENT_MEASURE,96 cm,3620 mV,18 C,1 Degree,20 Times,
4184,2108686,70B3D50070001777,1601376497374,FES Receiver,2020-09-29 12:48:17.572185,"['SS', 'Standalone', 'version_184']",70001777,SENS_EVENT_MEASURE,98 cm,3620 mV,15 C,0 Degree,21 Times,
4183,2109439,70B3D50070001777,1601380097228,FES Receiver,2020-09-29 13:48:17.427053,"['SS', 'Standalone', 'version_184']",70001777,SENS_EVENT_MEASURE,90 cm,3620 mV,19 C,1 Degree,22 Times,
4182,2110166,70B3D50070001777,1601383696981,FES Receiver,2020-09-29 14:48:17.198693,"['SS', 'Standalone', 'version_184']",70001777,SENS_EVENT_MEASURE,92 cm,3620 mV,18 C,0 Degree,23 Times,
4181,2110871,70B3D50070001777,1601387296915,FES Receiver,2020-09-29 15:48:17.118297,"['SS', 'Standalone', 'version_184']",70001777,SENS_EVENT_MEASURE,94 cm,3620 mV,17 C,1 Degree,24 Times,
4180,2111591,70B3D50070001777,1601390896776,FES Receiver,2020-09-29 16:48:16.975062,"['SS', 'Standalone', 'version_184']",70001777,SENS_EVENT_MEASURE,88 cm,3620 mV,15 C,1 Degree,25 Times,
4179,2112285,70B3D50070001777,1601394496603,FES Receiver,2020-09-29 17:48:16.810527,"['SS', 'Standalone', 'version_184']",70001777,SENS_EVENT_MEASURE,90 cm,3620 mV,18 C,0 Degree,26 Times,
4178,2112979,70B3D50070001777,1601398096457,FES Receiver,2020-09-29 18:48:16.677527,"['SS', 'Standalone', 'version_184']",70001777,SENS_EVENT_MEASURE,94 cm,3610 mV,15 C,0 Degree,27 Times,
4177,2113671,70B3D50070001777,1601401697896,FES Receiver,2020-09-29 19:48:18.094567,"['SS', 'Standalone', 'version_184']",70001777,SENS_EVENT_MEASURE,92 cm,3610 mV,15 C,1 Degree,28 Times,
4176,2114347,70B3D50070001777,1601405297750,FES Receiver,2020-09-29 20:48:17.95383,"['SS', 'Standalone', 'version_184']",70001777,SENS_EVENT_MEASURE,92 cm,3610 mV,16 C,1 Degree,29 Times,
4175,2115013,70B3D50070001777,1601408897604,FES Receiver,2020-09-29 21:48:17.803319,"['SS', 'Standalone', 'version_184']",70001777,SENS_EVENT_MEASURE,92 cm,3610 mV,16 C,0 Degree,30 Times,
4174,2115703,70B3D50070001777,1601412497458,FES Receiver,2020-09-29 22:48:17.657329,"['SS', 'Standalone', 'version_184']",70001777,SENS_EVENT_MEASURE,92 cm,3610 mV,16 C,0 Degree,31 Times,
4173,2116397,70B3D50070001777,1601416097312,FES Receiver,2020-09-29 23:48:17.512639,"['SS', 'Standalone', 'version_184']",70001777,SENS_EVENT_MEASURE,90 cm,3610 mV,15 C,0 Degree,32 Times,
4172,2117086,70B3D50070001777,1601419697186,FES Receiver,2020-09-30 00:48:17.385223,"['SS', 'Standalone', 'version_184']",70001777,SENS_EVENT_MEASURE,92 cm,3610 mV,16 C,1 Degree,33 Times,
4171,2117779,70B3D50070001777,1601423297040,FES Receiver,2020-09-30 01:48:17.238089,"['SS', 'Standalone', 'version_184']",70001777,SENS_EVENT_MEASURE,90 cm,3610 mV,15 C,0 Degree,34 Times,
4170,2118444,70B3D50070001777,1601426896894,FES Receiver,2020-09-30 02:48:17.091799,"['SS', 'Standalone', 'version_184']",70001777,SENS_EVENT_MEASURE,90 cm,3610 mV,13 C,0 Degree,35 Times,
4169,2119092,70B3D50070001777,1601430496748,FES Receiver,2020-09-30 03:48:16.945841,"['SS', 'Standalone', 'version_184']",70001777,SENS_EVENT_MEASURE,90 cm,3610 mV,16 C,0 Degree,36 Times,
4168,2120451,70B3D50070001777,1601437696476,FES Receiver,2020-09-30 05:48:16.674825,"['SS', 'Standalone', 'version_184']",70001777,SENS_EVENT_MEASURE,90 cm,3610 mV,14 C,0 Degree,38 Times,
4167,2121123,70B3D50070001777,1601441296336,FES Receiver,2020-09-30 06:48:16.534588,"['SS', 'Standalone', 'version_184']",70001777,SENS_EVENT_MEASURE,92 cm,3610 mV,16 C,0 Degree,39 Times,
4166,2121809,70B3D50070001777,1601444896183,FES Receiver,2020-09-30 07:48:16.382461,"['SS', 'Standalone', 'version_184']",70001777,SENS_EVENT_MEASURE,88 cm,3610 mV,15 C,1 Degree,40 Times,
4165,2122492,70B3D50070001777,1601448496057,FES Receiver,2020-09-30 08:48:16.272013,"['SS', 'Standalone', 'version_184']",70001777,SENS_EVENT_MEASURE,86 cm,3610 mV,14 C,0 Degree,41 Times,
4164,2123906,70B3D50070001777,1601455695745,FES Receiver,2020-09-30 10:48:15.943122,"['SS', 'Standalone', 'version_184']",70001777,SENS_EVENT_MEASURE,86 cm,3620 mV,18 C,0 Degree,43 Times,
4163,2124651,70B3D50070001777,1601459295519,FES Receiver,2020-09-30 11:48:15.717857,"['SS', 'Standalone', 'version_184']",70001777,SENS_EVENT_MEASURE,88 cm,3620 mV,18 C,0 Degree,44 Times,
4162,2125377,70B3D50070001777,1601462895444,FES Receiver,2020-09-30 12:48:15.642888,"['SS', 'Standalone', 'version_184']",70001777,SENS_EVENT_MEASURE,92 cm,3630 mV,19 C,1 Degree,45 Times,
4161,2126125,70B3D50070001777,1601466495266,FES Receiver,2020-09-30 13:48:15.464311,"['SS', 'Standalone', 'version_184']",70001777,SENS_EVENT_MEASURE,88 cm,3630 mV,18 C,0 Degree,46 Times,
4160,2126846,70B3D50070001777,1601470095106,FES Receiver,2020-09-30 14:48:15.307185,"['SS', 'Standalone', 'version_184']",70001777,SENS_EVENT_MEASURE,88 cm,3630 mV,20 C,1 Degree,47 Times,
4159,2127566,70B3D50070001777,1601473694854,FES Receiver,2020-09-30 15:48:15.052071,"['SS', 'Standalone', 'version_184']",70001777,SENS_EVENT_MEASURE,86 cm,3630 mV,18 C,1 Degree,48 Times,
4158,2128271,70B3D50070001777,1601477294667,FES Receiver,2020-09-30 16:48:14.866397,"['SS', 'Standalone', 'version_184']",70001777,SENS_EVENT_MEASURE,84 cm,3620 mV,18 C,0 Degree,49 Times,
4157,2128992,70B3D50070001777,1601480894533,FES Receiver,2020-09-30 17:48:14.735508,"['SS', 'Standalone', 'version_184']",70001777,SENS_EVENT_MEASURE,82 cm,3620 mV,18 C,0 Degree,50 Times,
4156,2129699,70B3D50070001777,1601484494355,FES Receiver,2020-09-30 18:48:14.557011,"['SS', 'Standalone', 'version_184']",70001777,SENS_EVENT_MEASURE,82 cm,3620 mV,15 C,0 Degree,51 Times,
4155,2130408,70B3D50070001777,1601488095901,FES Receiver,2020-09-30 19:48:16.101636,"['SS', 'Standalone', 'version_184']",70001777,SENS_EVENT_MEASURE,80 cm,3610 mV,16 C,1 Degree,52 Times,
4154,2131114,70B3D50070001777,1601491695757,FES Receiver,2020-09-30 20:48:15.963759,"['SS', 'Standalone', 'version_184']",70001777,SENS_EVENT_MEASURE,80 cm,3610 mV,15 C,0 Degree,53 Times,
4153,2131807,70B3D50070001777,1601495295602,FES Receiver,2020-09-30 21:48:15.802394,"['SS', 'Standalone', 'version_184']",70001777,SENS_EVENT_MEASURE,80 cm,3610 mV,15 C,0 Degree,54 Times,
4152,2133188,70B3D50070001777,1601502495335,FES Receiver,2020-09-30 23:48:15.535587,"['SS', 'Standalone', 'version_184']",70001777,SENS_EVENT_MEASURE,80 cm,3600 mV,16 C,0 Degree,56 Times,
4151,2134587,70B3D50070001777,1601509695062,FES Receiver,2020-10-01 01:48:15.262396,"['SS', 'Standalone', 'version_184']",70001777,SENS_EVENT_MEASURE,80 cm,3600 mV,14 C,0 Degree,58 Times,
4150,2135284,70B3D50070001777,1601513294910,FES Receiver,2020-10-01 02:48:15.110224,"['SS', 'Standalone', 'version_184']",70001777,SENS_EVENT_MEASURE,80 cm,3600 mV,13 C,0 Degree,59 Times,
4149,2136677,70B3D50070001777,1601520494657,FES Receiver,2020-10-01 04:48:14.856152,"['SS', 'Standalone', 'version_184']",70001777,SENS_EVENT_MEASURE,80 cm,3600 mV,14 C,0 Degree,61 Times,
4148,2137372,70B3D50070001777,1601524094531,FES Receiver,2020-10-01 05:48:14.729809,"['SS', 'Standalone', 'version_184']",70001777,SENS_EVENT_MEASURE,80 cm,3600 mV,12 C,0 Degree,62 Times,
4147,2138072,70B3D50070001777,1601527694385,FES Receiver,2020-10-01 06:48:14.586847,"['SS', 'Standalone', 'version_184']",70001777,SENS_EVENT_MEASURE,80 cm,3600 mV,13 C,0 Degree,63 Times,
4146,2138785,70B3D50070001777,1601531294258,FES Receiver,2020-10-01 07:48:14.457489,"['SS', 'Standalone', 'version_184']",70001777,SENS_EVENT_MEASURE,82 cm,3600 mV,13 C,0 Degree,64 Times,
4145,2140234,70B3D50070001777,1601538493991,FES Receiver,2020-10-01 09:48:14.194341,"['SS', 'Standalone', 'version_184']",70001777,SENS_EVENT_MEASURE,82 cm,3610 mV,17 C,0 Degree,66 Times,
4144,2140946,70B3D50070001777,1601542093725,FES Receiver,2020-10-01 10:48:13.928253,"['SS', 'Standalone', 'version_184']",70001777,SENS_EVENT_MEASURE,78 cm,3620 mV,17 C,0 Degree,67 Times,
4143,2141655,70B3D50070001777,1601545693558,FES Receiver,2020-10-01 11:48:13.769053,"['SS', 'Standalone', 'version_184']",70001777,SENS_EVENT_MEASURE,78 cm,3630 mV,19 C,0 Degree,68 Times,
4142,2142363,70B3D50070001777,1601549293466,FES Receiver,2020-10-01 12:48:13.665537,"['SS', 'Standalone', 'version_184']",70001777,SENS_EVENT_MEASURE,76 cm,3640 mV,27 C,0 Degree,69 Times,
4141,2143081,70B3D50070001777,1601552893199,FES Receiver,2020-10-01 13:48:13.398552,"['SS', 'Standalone', 'version_184']",70001777,SENS_EVENT_MEASURE,76 cm,3640 mV,26 C,0 Degree,70 Times,
4140,2143810,70B3D50070001777,1601556493033,FES Receiver,2020-10-01 14:48:13.232124,"['SS', 'Standalone', 'version_184']",70001777,SENS_EVENT_MEASURE,76 cm,3640 mV,21 C,1 Degree,71 Times,
4139,2145918,70B3D50070001777,1601567292633,FES Receiver,2020-10-01 17:48:12.832367,"['SS', 'Standalone', 'version_184']",70001777,SENS_EVENT_MEASURE,74 cm,3620 mV,18 C,1 Degree,74 Times,
4138,2146631,70B3D50070001777,1601570892487,FES Receiver,2020-10-01 18:48:12.686495,"['SS', 'Standalone', 'version_184']",70001777,SENS_EVENT_MEASURE,72 cm,3620 mV,14 C,0 Degree,75 Times,
4137,2147334,70B3D50070001777,1601574493940,FES Receiver,2020-10-01 19:48:14.147168,"['SS', 'Standalone', 'version_184']",70001777,SENS_EVENT_MEASURE,74 cm,3610 mV,17 C,0 Degree,76 Times,
4136,2148059,70B3D50070001777,1601578093794,FES Receiver,2020-10-01 20:48:13.995816,"['SS', 'Standalone', 'version_184']",70001777,SENS_EVENT_MEASURE,74 cm,3610 mV,17 C,0 Degree,77 Times,
4135,2148748,70B3D50070001777,1601581693648,FES Receiver,2020-10-01 21:48:13.850505,"['SS', 'Standalone', 'version_184']",70001777,SENS_EVENT_MEASURE,74 cm,3610 mV,15 C,0 Degree,78 Times,
4134,2149441,70B3D50070001777,1601585293501,FES Receiver,2020-10-01 22:48:13.702617,"['SS', 'Standalone', 'version_184']",70001777,SENS_EVENT_MEASURE,74 cm,3610 mV,16 C,0 Degree,79 Times,
4133,2150148,70B3D50070001777,1601588893355,FES Receiver,2020-10-01 23:48:13.55239,"['SS', 'Standalone', 'version_184']",70001777,SENS_EVENT_MEASURE,74 cm,3610 mV,15 C,0 Degree,80 Times,
4132,2150843,70B3D50070001777,1601592493214,FES Receiver,2020-10-02 00:48:13.412684,"['SS', 'Standalone', 'version_184']",70001777,SENS_EVENT_MEASURE,74 cm,3610 mV,13 C,0 Degree,81 Times,
4131,2151527,70B3D50070001777,1601596093062,FES Receiver,2020-10-02 01:48:13.259271,"['SS', 'Standalone', 'version_184']",70001777,SENS_EVENT_MEASURE,74 cm,3600 mV,13 C,0 Degree,82 Times,
4130,2152912,70B3D50070001777,1601603292789,FES Receiver,2020-10-02 03:48:13.004799,"['SS', 'Standalone', 'version_184']",70001777,SENS_EVENT_MEASURE,74 cm,3600 mV,14 C,1 Degree,84 Times,
4129,2153606,70B3D50070001777,1601606892663,FES Receiver,2020-10-02 04:48:12.861093,"['SS', 'Standalone', 'version_184']",70001777,SENS_EVENT_MEASURE,74 cm,3600 mV,13 C,0 Degree,85 Times,
4128,2154885,70B3D50070001777,1601614092409,FES Receiver,2020-10-02 06:48:12.607861,"['SS', 'Standalone', 'version_184']",70001777,SENS_EVENT_MEASURE,74 cm,3600 mV,15 C,0 Degree,87 Times,
4127,2156193,70B3D50070001777,1601621292138,FES Receiver,2020-10-02 08:48:12.335186,"['SS', 'Standalone', 'version_184']",70001777,SENS_EVENT_MEASURE,72 cm,3600 mV,14 C,0 Degree,89 Times,
4126,2156917,70B3D50070001777,1601624891911,FES Receiver,2020-10-02 09:48:12.10939,"['SS', 'Standalone', 'version_184']",70001777,SENS_EVENT_MEASURE,72 cm,3610 mV,15 C,1 Degree,90 Times,
4125,2157607,70B3D50070001777,1601628491765,FES Receiver,2020-10-02 10:48:11.964046,"['SS', 'Standalone', 'version_184']",70001777,SENS_EVENT_MEASURE,72 cm,3620 mV,18 C,0 Degree,91 Times,
4124,2158288,70B3D50070001777,1601632091538,FES Receiver,2020-10-02 11:48:11.73704,"['SS', 'Standalone', 'version_184']",70001777,SENS_EVENT_MEASURE,74 cm,3630 mV,19 C,0 Degree,92 Times,
4123,2158991,70B3D50070001777,1601635691392,FES Receiver,2020-10-02 12:48:11.590116,"['SS', 'Standalone', 'version_184']",70001777,SENS_EVENT_MEASURE,74 cm,3640 mV,25 C,1 Degree,93 Times,
4122,2159699,70B3D50070001777,1601639291245,FES Receiver,2020-10-02 13:48:11.442809,"['SS', 'Standalone', 'version_184']",70001777,SENS_EVENT_MEASURE,76 cm,3640 mV,26 C,1 Degree,94 Times,
4121,2161125,70B3D50070001777,1601646490833,FES Receiver,2020-10-02 15:48:11.0335,"['SS', 'Standalone', 'version_184']",70001777,SENS_EVENT_MEASURE,124 cm,3630 mV,20 C,0 Degree,96 Times,
4120,2162526,70B3D50070001777,1601653690560,FES Receiver,2020-10-02 17:48:10.758067,"['SS', 'Standalone', 'version_184']",70001777,SENS_EVENT_MEASURE,122 cm,3630 mV,22 C,0 Degree,98 Times,
4119,2163213,70B3D50070001777,1601657290486,FES Receiver,2020-10-02 18:48:10.684006,"['SS', 'Standalone', 'version_184']",70001777,SENS_EVENT_MEASURE,122 cm,3630 mV,19 C,0 Degree,99 Times,
4118,2163883,70B3D50070001777,1601660891895,FES Receiver,2020-10-02 19:48:12.093856,"['SS', 'Standalone', 'version_184']",70001777,SENS_EVENT_MEASURE,122 cm,3620 mV,19 C,0 Degree,100 Times,
4117,2164568,70B3D50070001777,1601664491729,FES Receiver,2020-10-02 20:48:11.929646,"['SS', 'Standalone', 'version_184']",70001777,SENS_EVENT_MEASURE,122 cm,3620 mV,19 C,0 Degree,101 Times,
4116,2165261,70B3D50070001777,1601668091562,FES Receiver,2020-10-02 21:48:11.760402,"['SS', 'Standalone', 'version_184']",70001777,SENS_EVENT_MEASURE,122 cm,3620 mV,19 C,0 Degree,102 Times,
4115,2165968,70B3D50070001777,1601671691416,FES Receiver,2020-10-02 22:48:11.613816,"['SS', 'Standalone', 'version_184']",70001777,SENS_EVENT_MEASURE,122 cm,3620 mV,16 C,0 Degree,103 Times,
4114,2166675,70B3D50070001777,1601675291250,FES Receiver,2020-10-02 23:48:11.453038,"['SS', 'Standalone', 'version_184']",70001777,SENS_EVENT_MEASURE,122 cm,3620 mV,19 C,0 Degree,104 Times,
4113,2168024,70B3D50070001777,1601682490959,FES Receiver,2020-10-03 01:48:11.16093,"['SS', 'Standalone', 'version_184']",70001777,SENS_EVENT_MEASURE,122 cm,3610 mV,17 C,0 Degree,106 Times,
4112,2168704,70B3D50070001777,1601686090770,FES Receiver,2020-10-03 02:48:10.971698,"['SS', 'Standalone', 'version_184']",70001777,SENS_EVENT_MEASURE,122 cm,3610 mV,15 C,0 Degree,107 Times,
4111,2169388,70B3D50070001777,1601689690624,FES Receiver,2020-10-03 03:48:10.82552,"['SS', 'Standalone', 'version_184']",70001777,SENS_EVENT_MEASURE,124 cm,3610 mV,18 C,0 Degree,108 Times,
4110,2170090,70B3D50070001777,1601693290478,FES Receiver,2020-10-03 04:48:10.677117,"['SS', 'Standalone', 'version_184']",70001777,SENS_EVENT_MEASURE,122 cm,3610 mV,15 C,0 Degree,109 Times,
4109,2170802,70B3D50070001777,1601696890330,FES Receiver,2020-10-03 05:48:10.53137,"['SS', 'Standalone', 'version_184']",70001777,SENS_EVENT_MEASURE,122 cm,3610 mV,17 C,0 Degree,110 Times,
4108,2171499,70B3D50070001777,1601700490183,FES Receiver,2020-10-03 06:48:10.387464,"['SS', 'Standalone', 'version_184']",70001777,SENS_EVENT_MEASURE,124 cm,3610 mV,17 C,1 Degree,111 Times,
4107,2172188,70B3D50070001777,1601704090017,FES Receiver,2020-10-03 07:48:10.214912,"['SS', 'Standalone', 'version_184']",70001777,SENS_EVENT_MEASURE,122 cm,3610 mV,16 C,0 Degree,112 Times,
4106,2172838,70B3D50070001777,1601707689871,FES Receiver,2020-10-03 08:48:10.075096,"['SS', 'Standalone', 'version_184']",70001777,SENS_EVENT_MEASURE,122 cm,3610 mV,15 C,0 Degree,113 Times,
4105,2173521,70B3D50070001777,1601711289737,FES Receiver,2020-10-03 09:48:09.934932,"['SS', 'Standalone', 'version_184']",70001777,SENS_EVENT_MEASURE,122 cm,3610 mV,17 C,1 Degree,114 Times,
4104,2174196,70B3D50070001777,1601714889558,FES Receiver,2020-10-03 10:48:09.755653,"['SS', 'Standalone', 'version_184']",70001777,SENS_EVENT_MEASURE,122 cm,3620 mV,17 C,0 Degree,115 Times,
4103,2174860,70B3D50070001777,1601718489391,FES Receiver,2020-10-03 11:48:09.589465,"['SS', 'Standalone', 'version_184']",70001777,SENS_EVENT_MEASURE,122 cm,3620 mV,17 C,0 Degree,116 Times,
4102,2175532,70B3D50070001777,1601722089245,FES Receiver,2020-10-03 12:48:09.443938,"['SS', 'Standalone', 'version_184']",70001777,SENS_EVENT_MEASURE,120 cm,3610 mV,15 C,0 Degree,117 Times,
4101,2176208,70B3D50070001777,1601725689098,FES Receiver,2020-10-03 13:48:09.302506,"['SS', 'Standalone', 'version_184']",70001777,SENS_EVENT_MEASURE,124 cm,3610 mV,14 C,1 Degree,118 Times,
4100,2177632,70B3D50070001777,1601732888834,FES Receiver,2020-10-03 15:48:09.031722,"['SS', 'Standalone', 'version_184']",70001777,SENS_EVENT_MEASURE,120 cm,3600 mV,14 C,0 Degree,120 Times,
4099,2178356,70B3D50070001777,1601736488672,FES Receiver,2020-10-03 16:48:08.877069,"['SS', 'Standalone', 'version_184']",70001777,SENS_EVENT_MEASURE,122 cm,3610 mV,15 C,0 Degree,121 Times,
4098,2179765,70B3D50070001777,1601743688406,FES Receiver,2020-10-03 18:48:08.604983,"['SS', 'Standalone', 'version_184']",70001777,SENS_EVENT_MEASURE,122 cm,3600 mV,12 C,0 Degree,123 Times,
4097,2180453,70B3D50070001777,1601747289874,FES Receiver,2020-10-03 19:48:10.072643,"['SS', 'Standalone', 'version_184']",70001777,SENS_EVENT_MEASURE,124 cm,3600 mV,14 C,0 Degree,124 Times,
4096,2181183,70B3D50070001777,1601750889787,FES Receiver,2020-10-03 20:48:09.990081,"['SS', 'Standalone', 'version_184']",70001777,SENS_EVENT_MEASURE,124 cm,3590 mV,10 C,0 Degree,125 Times,
4095,2182590,70B3D50070001777,1601758089494,FES Receiver,2020-10-03 22:48:09.700023,"['SS', 'Standalone', 'version_184']",70001777,SENS_EVENT_MEASURE,124 cm,3590 mV,13 C,0 Degree,127 Times,
4094,2183962,70B3D50070001777,1601765289294,FES Receiver,2020-10-04 00:48:09.493806,"['SS', 'Standalone', 'version_184']",70001777,SENS_EVENT_MEASURE,124 cm,3590 mV,12 C,0 Degree,129 Times,
4093,2184638,70B3D50070001777,1601768889155,FES Receiver,2020-10-04 01:48:09.354539,"['SS', 'Standalone', 'version_184']",70001777,SENS_EVENT_MEASURE,124 cm,3590 mV,11 C,0 Degree,130 Times,
4092,2185330,70B3D50070001777,1601772489028,FES Receiver,2020-10-04 02:48:09.227992,"['SS', 'Standalone', 'version_184']",70001777,SENS_EVENT_MEASURE,124 cm,3590 mV,13 C,0 Degree,131 Times,
4091,2186019,70B3D50070001777,1601776088902,FES Receiver,2020-10-04 03:48:09.101947,"['SS', 'Standalone', 'version_184']",70001777,SENS_EVENT_MEASURE,124 cm,3600 mV,13 C,0 Degree,132 Times,
4090,2186700,70B3D50070001777,1601779688795,FES Receiver,2020-10-04 04:48:08.994715,"['SS', 'Standalone', 'version_184']",70001777,SENS_EVENT_MEASURE,124 cm,3600 mV,13 C,1 Degree,133 Times,
4089,2188060,70B3D50070001777,1601786888528,FES Receiver,2020-10-04 06:48:08.732299,"['SS', 'Standalone', 'version_184']",70001777,SENS_EVENT_MEASURE,124 cm,3600 mV,15 C,1 Degree,135 Times,
4088,2188745,70B3D50070001777,1601790488388,FES Receiver,2020-10-04 07:48:08.592566,"['SS', 'Standalone', 'version_184']",70001777,SENS_EVENT_MEASURE,122 cm,3600 mV,14 C,0 Degree,136 Times,
4087,2190133,70B3D50070001777,1601797688124,FES Receiver,2020-10-04 09:48:08.323543,"['SS', 'Standalone', 'version_184']",70001777,SENS_EVENT_MEASURE,118 cm,3610 mV,15 C,0 Degree,138 Times,
4086,2190834,70B3D50070001777,1601801287977,FES Receiver,2020-10-04 10:48:08.175766,"['SS', 'Standalone', 'version_184']",70001777,SENS_EVENT_MEASURE,118 cm,3610 mV,14 C,0 Degree,139 Times,
4085,2191528,70B3D50070001777,1601804887850,FES Receiver,2020-10-04 11:48:08.049063,"['SS', 'Standalone', 'version_184']",70001777,SENS_EVENT_MEASURE,118 cm,3610 mV,14 C,0 Degree,140 Times,
4084,2192202,70B3D50070001777,1601808487684,FES Receiver,2020-10-04 12:48:07.883776,"['SS', 'Standalone', 'version_184']",70001777,SENS_EVENT_MEASURE,120 cm,3610 mV,16 C,1 Degree,141 Times,
4083,2193584,70B3D50070001777,1601815687364,FES Receiver,2020-10-04 14:48:07.565527,"['SS', 'Standalone', 'version_184']",70001777,SENS_EVENT_MEASURE,122 cm,3620 mV,17 C,0 Degree,143 Times,
4082,2194937,70B3D50070001777,1601822887039,FES Receiver,2020-10-04 16:48:07.240022,"['SS', 'Standalone', 'version_184']",70001777,SENS_EVENT_MEASURE,118 cm,3620 mV,16 C,0 Degree,145 Times,
4081,2195647,70B3D50070001777,1601826486911,FES Receiver,2020-10-04 17:48:07.10947,"['SS', 'Standalone', 'version_184']",70001777,SENS_EVENT_MEASURE,114 cm,3620 mV,18 C,1 Degree,146 Times,
4080,2196349,70B3D50070001777,1601830086746,FES Receiver,2020-10-04 18:48:06.946949,"['SS', 'Standalone', 'version_184']",70001777,SENS_EVENT_MEASURE,118 cm,3620 mV,16 C,0 Degree,147 Times,
4079,2197003,70B3D50070001777,1601833688195,FES Receiver,2020-10-04 19:48:08.392598,"['SS', 'Standalone', 'version_184']",70001777,SENS_EVENT_MEASURE,118 cm,3610 mV,16 C,0 Degree,148 Times,
4078,2197717,70B3D50070001777,1601837288048,FES Receiver,2020-10-04 20:48:08.25023,"['SS', 'Standalone', 'version_184']",70001777,SENS_EVENT_MEASURE,118 cm,3610 mV,16 C,0 Degree,149 Times,
4077,2198430,70B3D50070001777,1601840887895,FES Receiver,2020-10-04 21:48:08.093359,"['SS', 'Standalone', 'version_184']",70001777,SENS_EVENT_MEASURE,118 cm,3610 mV,14 C,0 Degree,150 Times,
4076,2199816,70B3D50070001777,1601848087669,FES Receiver,2020-10-04 23:48:07.866783,"['SS', 'Standalone', 'version_184']",70001777,SENS_EVENT_MEASURE,118 cm,3600 mV,13 C,0 Degree,152 Times,
4075,2200514,70B3D50070001777,1601851687543,FES Receiver,2020-10-05 00:48:07.74112,"['SS', 'Standalone', 'version_184']",70001777,SENS_EVENT_MEASURE,118 cm,3600 mV,12 C,0 Degree,153 Times,
4074,2201221,70B3D50070001777,1601855287417,FES Receiver,2020-10-05 01:48:07.614423,"['SS', 'Standalone', 'version_184']",70001777,SENS_EVENT_MEASURE,118 cm,3600 mV,13 C,0 Degree,154 Times,
4073,2201903,70B3D50070001777,1601858887270,FES Receiver,2020-10-05 02:48:07.467404,"['SS', 'Standalone', 'version_184']",70001777,SENS_EVENT_MEASURE,118 cm,3600 mV,13 C,0 Degree,155 Times,
4072,2202577,70B3D50070001777,1601862487164,FES Receiver,2020-10-05 03:48:07.362725,"['SS', 'Standalone', 'version_184']",70001777,SENS_EVENT_MEASURE,118 cm,3600 mV,14 C,0 Degree,156 Times,
4071,2203274,70B3D50070001777,1601866087010,FES Receiver,2020-10-05 04:48:07.20923,"['SS', 'Standalone', 'version_184']",70001777,SENS_EVENT_MEASURE,118 cm,3600 mV,13 C,0 Degree,157 Times,
4070,2203967,70B3D50070001777,1601869686891,FES Receiver,2020-10-05 05:48:07.088761,"['SS', 'Standalone', 'version_184']",70001777,SENS_EVENT_MEASURE,118 cm,3600 mV,13 C,0 Degree,158 Times,
4069,2204660,70B3D50070001777,1601873286705,FES Receiver,2020-10-05 06:48:06.908452,"['SS', 'Standalone', 'version_184']",70001777,SENS_EVENT_MEASURE,118 cm,3600 mV,13 C,0 Degree,159 Times,
4068,2205337,70B3D50070001777,1601876886579,FES Receiver,2020-10-05 07:48:06.777223,"['SS', 'Standalone', 'version_184']",70001777,SENS_EVENT_MEASURE,116 cm,3600 mV,13 C,1 Degree,160 Times,
4067,2206110,70B3D50070001777,1601880486372,FES Receiver,2020-10-05 08:48:06.573674,"['SS', 'Standalone', 'version_184']",70001777,SENS_EVENT_MEASURE,116 cm,3610 mV,15 C,2 Degree,161 Times,
4066,2206829,70B3D50070001777,1601884086226,FES Receiver,2020-10-05 09:48:06.435264,"['SS', 'Standalone', 'version_184']",70001777,SENS_EVENT_MEASURE,114 cm,3610 mV,16 C,1 Degree,162 Times,
4065,2207585,70B3D50070001777,1601887686079,FES Receiver,2020-10-05 10:48:06.27772,"['SS', 'Standalone', 'version_184']",70001777,SENS_EVENT_MEASURE,116 cm,3620 mV,18 C,0 Degree,163 Times,
4064,2208308,70B3D50070001777,1601891285913,FES Receiver,2020-10-05 11:48:06.11146,"['SS', 'Standalone', 'version_184']",70001777,SENS_EVENT_MEASURE,120 cm,3620 mV,18 C,0 Degree,164 Times,
4063,2209023,70B3D50070001777,1601894885767,FES Receiver,2020-10-05 12:48:05.972886,"['SS', 'Standalone', 'version_184']",70001777,SENS_EVENT_MEASURE,120 cm,3620 mV,17 C,0 Degree,165 Times,
4062,2209698,70B3D50070001777,1601898485520,FES Receiver,2020-10-05 13:48:05.720436,"['SS', 'Standalone', 'version_184']",70001777,SENS_EVENT_MEASURE,108 cm,3630 mV,18 C,0 Degree,166 Times,
4061,2210389,70B3D50070001777,1601902085339,FES Receiver,2020-10-05 14:48:05.53846,"['SS', 'Standalone', 'version_184']",70001777,SENS_EVENT_MEASURE,110 cm,3620 mV,15 C,0 Degree,167 Times,
4060,2211814,70B3D50070001777,1601909285161,FES Receiver,2020-10-05 16:48:05.359066,"['SS', 'Standalone', 'version_184']",70001777,SENS_EVENT_MEASURE,110 cm,3610 mV,15 C,0 Degree,169 Times,
4059,2212499,70B3D50070001777,1601912885015,FES Receiver,2020-10-05 17:48:05.212997,"['SS', 'Standalone', 'version_184']",70001777,SENS_EVENT_MEASURE,110 cm,3610 mV,14 C,0 Degree,170 Times,
4058,2213161,70B3D50070001777,1601916464889,FES Receiver,2020-10-05 18:47:45.086208,"['SS', 'Standalone', 'version_184']",70001777,SENS_EVENT_MEASURE,110 cm,3610 mV,15 C,0 Degree,171 Times,
4057,2213817,70B3D50070001777,1601920066338,FES Receiver,2020-10-05 19:47:46.536456,"['SS', 'Standalone', 'version_184']",70001777,SENS_EVENT_MEASURE,120 cm,3600 mV,13 C,0 Degree,172 Times,
4056,2215184,70B3D50070001777,1601927266066,FES Receiver,2020-10-05 21:47:46.293236,"['SS', 'Standalone', 'version_184']",70001777,SENS_EVENT_MEASURE,122 cm,3610 mV,15 C,0 Degree,174 Times,
4055,2216568,70B3D50070001777,1601934465793,FES Receiver,2020-10-05 23:47:45.991584,"['SS', 'Standalone', 'version_184']",70001777,SENS_EVENT_MEASURE,120 cm,3600 mV,15 C,0 Degree,176 Times,
4054,2217265,70B3D50070001777,1601938065666,FES Receiver,2020-10-06 00:47:45.865734,"['SS', 'Standalone', 'version_184']",70001777,SENS_EVENT_MEASURE,120 cm,3600 mV,13 C,0 Degree,177 Times,
4053,2217984,70B3D50070001777,1601941665520,FES Receiver,2020-10-06 01:47:45.717955,"['SS', 'Standalone', 'version_184']",70001777,SENS_EVENT_MEASURE,120 cm,3600 mV,13 C,0 Degree,178 Times,
4052,2218668,70B3D50070001777,1601945265394,FES Receiver,2020-10-06 02:47:45.592702,"['SS', 'Standalone', 'version_184']",70001777,SENS_EVENT_MEASURE,116 cm,3600 mV,14 C,0 Degree,179 Times,
4051,2220065,70B3D50070001777,1601952465121,FES Receiver,2020-10-06 04:47:45.320799,"['SS', 'Standalone', 'version_184']",70001777,SENS_EVENT_MEASURE,118 cm,3610 mV,13 C,0 Degree,181 Times,
4050,2221375,70B3D50070001777,1601959664848,FES Receiver,2020-10-06 06:47:46.942173,"['SS', 'Standalone', 'version_184']",70001777,SENS_EVENT_MEASURE,118 cm,3610 mV,15 C,0 Degree,183 Times,
4049,2221965,70B3D50070001777,1601963264702,FES Receiver,2020-10-06 07:47:44.900909,"['SS', 'Standalone', 'version_184']",70001777,SENS_EVENT_MEASURE,118 cm,3610 mV,15 C,1 Degree,184 Times,
4048,2222682,70B3D50070001777,1601966864576,FES Receiver,2020-10-06 08:47:44.773352,"['SS', 'Standalone', 'version_184']",70001777,SENS_EVENT_MEASURE,118 cm,3610 mV,14 C,0 Degree,185 Times,
4047,2223457,70B3D50070001777,1601970464429,FES Receiver,2020-10-06 09:47:44.627725,"['SS', 'Standalone', 'version_184']",70001777,SENS_EVENT_MEASURE,112 cm,3610 mV,13 C,0 Degree,186 Times,
4046,2224166,70B3D50070001777,1601974064283,FES Receiver,2020-10-06 10:47:44.482613,"['SS', 'Standalone', 'version_184']",70001777,SENS_EVENT_MEASURE,108 cm,3610 mV,16 C,0 Degree,187 Times,
4045,2224913,70B3D50070001777,1601977664149,FES Receiver,2020-10-06 11:47:44.35132,"['SS', 'Standalone', 'version_184']",70001777,SENS_EVENT_MEASURE,110 cm,3610 mV,16 C,0 Degree,188 Times,
4044,2225659,70B3D50070001777,1601981264003,FES Receiver,2020-10-06 12:47:44.20667,"['SS', 'Standalone', 'version_184']",70001777,SENS_EVENT_MEASURE,110 cm,3610 mV,15 C,0 Degree,189 Times,
4043,2227806,70B3D50070001777,1601992063571,FES Receiver,2020-10-06 15:47:43.772577,"['SS', 'Standalone', 'version_184']",70001777,SENS_EVENT_MEASURE,106 cm,3610 mV,16 C,0 Degree,192 Times,
4042,2228505,70B3D50070001777,1601995663425,FES Receiver,2020-10-06 16:47:43.623257,"['SS', 'Standalone', 'version_184']",70001777,SENS_EVENT_MEASURE,108 cm,3610 mV,15 C,2 Degree,193 Times,
4041,2230545,70B3D50070001777,1602006464578,FES Receiver,2020-10-06 19:47:44.77627,"['SS', 'Standalone', 'version_184']",70001777,SENS_EVENT_MEASURE,110 cm,3610 mV,16 C,0 Degree,196 Times,
4040,2231240,70B3D50070001777,1602010064452,FES Receiver,2020-10-06 20:47:44.649633,"['SS', 'Standalone', 'version_184']",70001777,SENS_EVENT_MEASURE,108 cm,3610 mV,15 C,0 Degree,197 Times,
4039,2231944,70B3D50070001777,1602013669285,FES Receiver,2020-10-06 21:47:49.487282,"['SS', 'Standalone', 'version_184']",70001777,SENS_EVENT_MEASURE,106 cm,3610 mV,16 C,0 Degree,198 Times,
4038,2232637,70B3D50070001777,1602017264159,FES Receiver,2020-10-06 22:47:44.356611,"['SS', 'Standalone', 'version_184']",70001777,SENS_EVENT_MEASURE,106 cm,3610 mV,16 C,0 Degree,199 Times,
4037,2233332,70B3D50070001777,1602020864013,FES Receiver,2020-10-06 23:47:44.211721,"['SS', 'Standalone', 'version_184']",70001777,SENS_EVENT_MEASURE,106 cm,3610 mV,13 C,0 Degree,200 Times,
4036,2234663,70B3D50070001777,1602028063740,FES Receiver,2020-10-07 01:47:44.007296,"['SS', 'Standalone', 'version_184']",70001777,SENS_EVENT_MEASURE,106 cm,3610 mV,14 C,0 Degree,202 Times,
4035,2236715,70B3D50070001777,1602038863321,FES Receiver,2020-10-07 04:47:43.519814,"['SS', 'Standalone', 'version_184']",70001777,SENS_EVENT_MEASURE,106 cm,3600 mV,15 C,0 Degree,205 Times,
4034,2237431,70B3D50070001777,1602042463195,FES Receiver,2020-10-07 05:47:43.393126,"['SS', 'Standalone', 'version_184']",70001777,SENS_EVENT_MEASURE,106 cm,3610 mV,13 C,0 Degree,206 Times,
4033,2238139,70B3D50070001777,1602046063069,FES Receiver,2020-10-07 06:47:43.267179,"['SS', 'Standalone', 'version_184']",70001777,SENS_EVENT_MEASURE,106 cm,3610 mV,14 C,0 Degree,207 Times,
4032,2238862,70B3D50070001777,1602049662922,FES Receiver,2020-10-07 07:47:43.119307,"['SS', 'Standalone', 'version_184']",70001777,SENS_EVENT_MEASURE,106 cm,3610 mV,15 C,1 Degree,208 Times,
4031,2239622,70B3D50070001777,1602053262676,FES Receiver,2020-10-07 08:47:42.898985,"['SS', 'Standalone', 'version_184']",70001777,SENS_EVENT_MEASURE,106 cm,3610 mV,14 C,1 Degree,209 Times,
4030,2240342,70B3D50070001777,1602056862530,FES Receiver,2020-10-07 09:47:42.734963,"['SS', 'Standalone', 'version_184']",70001777,SENS_EVENT_MEASURE,104 cm,3610 mV,15 C,0 Degree,210 Times,
4029,2241827,70B3D50070001777,1602064062403,FES Receiver,2020-10-07 11:47:42.601135,"['SS', 'Standalone', 'version_184']",70001777,SENS_EVENT_MEASURE,106 cm,3620 mV,17 C,0 Degree,212 Times,
4028,2242784,70B3D50070001777,1602233258701,FES Receiver,2020-10-09 10:47:38.900939,"['SS', 'Standalone', 'version_184']",70001777,SENS_EVENT_MEASURE,70 cm,3610 mV,17 C,0 Degree,3 Times,
4027,2243513,70B3D50070001777,1602236858435,FES Receiver,2020-10-09 11:47:38.634964,"['SS', 'Standalone', 'version_184']",70001777,SENS_EVENT_MEASURE,70 cm,3610 mV,17 C,0 Degree,4 Times,
4026,2244256,70B3D50070001777,1602240458269,FES Receiver,2020-10-09 12:47:38.468306,"['SS', 'Standalone', 'version_184']",70001777,SENS_EVENT_MEASURE,70 cm,3620 mV,17 C,0 Degree,5 Times,
4025,2244999,70B3D50070001777,1602244058122,FES Receiver,2020-10-09 13:47:38.320865,"['SS', 'Standalone', 'version_184']",70001777,SENS_EVENT_MEASURE,74 cm,3620 mV,16 C,0 Degree,6 Times,
4024,2245678,70B3D50070001777,1602247657989,FES Receiver,2020-10-09 14:47:38.188113,"['SS', 'Standalone', 'version_184']",70001777,SENS_EVENT_MEASURE,70 cm,3620 mV,18 C,0 Degree,7 Times,
4023,2246404,70B3D50070001777,1602251257822,FES Receiver,2020-10-09 15:47:38.021067,"['SS', 'Standalone', 'version_184']",70001777,SENS_EVENT_MEASURE,72 cm,3620 mV,16 C,0 Degree,8 Times,
4022,2247130,70B3D50070001777,1602254857663,FES Receiver,2020-10-09 16:47:38.011323,"['SS', 'Standalone', 'version_184']",70001777,SENS_EVENT_MEASURE,72 cm,3610 mV,15 C,0 Degree,9 Times,
4021,2247856,70B3D50070001777,1602258457490,FES Receiver,2020-10-09 17:47:37.688724,"['SS', 'Standalone', 'version_184']",70001777,SENS_EVENT_MEASURE,68 cm,3620 mV,16 C,0 Degree,10 Times,
4020,2248521,70B3D50070001777,1602262057310,FES Receiver,2020-10-09 18:47:37.562925,"['SS', 'Standalone', 'version_184']",70001777,SENS_EVENT_MEASURE,72 cm,3620 mV,16 C,0 Degree,11 Times,
4019,2249181,70B3D50070001777,1602265658816,FES Receiver,2020-10-09 19:47:39.024989,"['SS', 'Standalone', 'version_184']",70001777,SENS_EVENT_MEASURE,70 cm,3620 mV,16 C,1 Degree,12 Times,
4018,2249867,70B3D50070001777,1602269258610,FES Receiver,2020-10-09 20:47:38.809838,"['SS', 'Standalone', 'version_184']",70001777,SENS_EVENT_MEASURE,70 cm,3610 mV,16 C,1 Degree,13 Times,
4017,2250586,70B3D50070001777,1602272858484,FES Receiver,2020-10-09 21:47:38.687678,"['SS', 'Standalone', 'version_184']",70001777,SENS_EVENT_MEASURE,70 cm,3610 mV,16 C,0 Degree,14 Times,
4016,2251289,70B3D50070001777,1602276458338,FES Receiver,2020-10-09 22:47:38.559892,"['SS', 'Standalone', 'version_184']",70001777,SENS_EVENT_MEASURE,72 cm,3610 mV,14 C,0 Degree,15 Times,
4015,2251974,70B3D50070001777,1602280058471,FES Receiver,2020-10-09 23:47:38.670124,"['SS', 'Standalone', 'version_184']",70001777,SENS_EVENT_MEASURE,70 cm,3610 mV,16 C,0 Degree,16 Times,
4014,2252652,70B3D50070001777,1602283658278,FES Receiver,2020-10-10 00:47:38.477407,"['SS', 'Standalone', 'version_184']",70001777,SENS_EVENT_MEASURE,70 cm,3610 mV,16 C,0 Degree,17 Times,
4013,2253354,70B3D50070001777,1602287258138,FES Receiver,2020-10-10 01:47:38.338734,"['SS', 'Standalone', 'version_184']",70001777,SENS_EVENT_MEASURE,70 cm,3610 mV,14 C,0 Degree,18 Times,
4012,2254027,70B3D50070001777,1602290858004,FES Receiver,2020-10-10 02:47:38.222182,"['SS', 'Standalone', 'version_184']",70001777,SENS_EVENT_MEASURE,70 cm,3610 mV,14 C,0 Degree,19 Times,
4011,2254720,70B3D50070001777,1602294457873,FES Receiver,2020-10-10 03:47:38.071436,"['SS', 'Standalone', 'version_184']",70001777,SENS_EVENT_MEASURE,70 cm,3610 mV,14 C,0 Degree,20 Times,
4010,2255396,70B3D50070001777,1602298057739,FES Receiver,2020-10-10 04:47:37.93807,"['SS', 'Standalone', 'version_184']",70001777,SENS_EVENT_MEASURE,70 cm,3600 mV,13 C,0 Degree,21 Times,
4009,2256064,70B3D50070001777,1602301657673,FES Receiver,2020-10-10 05:47:37.872098,"['SS', 'Standalone', 'version_184']",70001777,SENS_EVENT_MEASURE,72 cm,3610 mV,13 C,1 Degree,22 Times,
4008,2256727,70B3D50070001777,1602305257466,FES Receiver,2020-10-10 06:47:37.666649,"['SS', 'Standalone', 'version_184']",70001777,SENS_EVENT_MEASURE,72 cm,3610 mV,13 C,0 Degree,23 Times,
4007,2257423,70B3D50070001777,1602308857360,FES Receiver,2020-10-10 07:47:37.559531,"['SS', 'Standalone', 'version_184']",70001777,SENS_EVENT_MEASURE,72 cm,3610 mV,14 C,0 Degree,24 Times,
4006,2258787,70B3D50070001777,1602316057067,FES Receiver,2020-10-10 09:47:37.284819,"['SS', 'Standalone', 'version_184']",70001777,SENS_EVENT_MEASURE,64 cm,3610 mV,14 C,0 Degree,26 Times,
4005,2259459,70B3D50070001777,1602319656921,FES Receiver,2020-10-10 10:47:37.11904,"['SS', 'Standalone', 'version_184']",70001777,SENS_EVENT_MEASURE,62 cm,3620 mV,18 C,0 Degree,27 Times,
4004,2260124,70B3D50070001777,1602323256767,FES Receiver,2020-10-10 11:47:36.966367,"['SS', 'Standalone', 'version_184']",70001777,SENS_EVENT_MEASURE,60 cm,3630 mV,20 C,0 Degree,28 Times,
4003,2260814,70B3D50070001777,1602326856588,FES Receiver,2020-10-10 12:47:36.809168,"['SS', 'Standalone', 'version_184']",70001777,SENS_EVENT_MEASURE,62 cm,3640 mV,26 C,0 Degree,29 Times,
4002,2261482,70B3D50070001777,1602330456402,FES Receiver,2020-10-10 13:47:36.601114,"['SS', 'Standalone', 'version_184']",70001777,SENS_EVENT_MEASURE,58 cm,3640 mV,30 C,0 Degree,30 Times,
4001,2262169,70B3D50070001777,1602334056235,FES Receiver,2020-10-10 14:47:36.46254,"['SS', 'Standalone', 'version_184']",70001777,SENS_EVENT_MEASURE,52 cm,3640 mV,20 C,0 Degree,31 Times,
4000,2262834,70B3D50070001777,1602337656069,FES Receiver,2020-10-10 15:47:36.268403,"['SS', 'Standalone', 'version_184']",70001777,SENS_EVENT_MEASURE,48 cm,3630 mV,19 C,0 Degree,32 Times,
3999,2264173,70B3D50070001777,1602344855769,FES Receiver,2020-10-10 17:47:35.969274,"['SS', 'Standalone', 'version_184']",70001777,SENS_EVENT_MEASURE,40 cm,3620 mV,13 C,0 Degree,34 Times,
3998,2264865,70B3D50070001777,1602348455790,FES Receiver,2020-10-10 18:47:35.989918,"['SS', 'Standalone', 'version_184']",70001777,SENS_EVENT_MEASURE,42 cm,3610 mV,14 C,0 Degree,35 Times,
3997,2265543,70B3D50070001777,1602352057130,FES Receiver,2020-10-10 19:47:37.329925,"['SS', 'Standalone', 'version_184']",70001777,SENS_EVENT_MEASURE,48 cm,3610 mV,12 C,0 Degree,36 Times,
3996,2266238,70B3D50070001777,1602355657191,FES Receiver,2020-10-10 20:47:37.38951,"['SS', 'Standalone', 'version_184']",70001777,SENS_EVENT_MEASURE,42 cm,3600 mV,13 C,0 Degree,37 Times,
3995,2266932,70B3D50070001777,1602359263064,FES Receiver,2020-10-10 21:47:43.268932,"['SS', 'Standalone', 'version_184']",70001777,SENS_EVENT_MEASURE,44 cm,3600 mV,13 C,0 Degree,38 Times,
3994,2267606,70B3D50070001777,1602362856951,FES Receiver,2020-10-10 22:47:37.14897,"['SS', 'Standalone', 'version_184']",70001777,SENS_EVENT_MEASURE,44 cm,3600 mV,11 C,0 Degree,39 Times,
3993,2268263,70B3D50070001777,1602366456832,FES Receiver,2020-10-10 23:47:37.030296,"['SS', 'Standalone', 'version_184']",70001777,SENS_EVENT_MEASURE,44 cm,3600 mV,11 C,0 Degree,40 Times,
3992,2268948,70B3D50070001777,1602370056546,FES Receiver,2020-10-11 00:47:36.748635,"['SS', 'Standalone', 'version_184']",70001777,SENS_EVENT_MEASURE,44 cm,3590 mV,8 C,0 Degree,41 Times,
3991,2269636,70B3D50070001777,1602373656511,FES Receiver,2020-10-11 01:47:36.714818,"['SS', 'Standalone', 'version_184']",70001777,SENS_EVENT_MEASURE,48 cm,3600 mV,10 C,0 Degree,42 Times,
3990,2270309,70B3D50070001777,1602377256293,FES Receiver,2020-10-11 02:47:36.508349,"['SS', 'Standalone', 'version_184']",70001777,SENS_EVENT_MEASURE,44 cm,3600 mV,12 C,0 Degree,43 Times,
3989,2271012,70B3D50070001777,1602380855987,FES Receiver,2020-10-11 03:47:36.185884,"['SS', 'Standalone', 'version_184']",70001777,SENS_EVENT_MEASURE,42 cm,3600 mV,9 C,0 Degree,44 Times,
3988,2271701,70B3D50070001777,1602384455840,FES Receiver,2020-10-11 04:47:36.038339,"['SS', 'Standalone', 'version_184']",70001777,SENS_EVENT_MEASURE,44 cm,3600 mV,12 C,1 Degree,45 Times,
3987,2272402,70B3D50070001777,1602388055747,FES Receiver,2020-10-11 05:47:35.946479,"['SS', 'Standalone', 'version_184']",70001777,SENS_EVENT_MEASURE,44 cm,3590 mV,9 C,0 Degree,46 Times,
3986,2273081,70B3D50070001777,1602391655608,FES Receiver,2020-10-11 06:47:35.825436,"['SS', 'Standalone', 'version_184']",70001777,SENS_EVENT_MEASURE,44 cm,3590 mV,10 C,0 Degree,47 Times,
3985,2273763,70B3D50070001777,1602395255521,FES Receiver,2020-10-11 07:47:35.720979,"['SS', 'Standalone', 'version_184']",70001777,SENS_EVENT_MEASURE,44 cm,3590 mV,10 C,1 Degree,48 Times,
3984,2274460,70B3D50070001777,1602398855375,FES Receiver,2020-10-11 08:47:35.574955,"['SS', 'Standalone', 'version_184']",70001777,SENS_EVENT_MEASURE,52 cm,3600 mV,13 C,0 Degree,49 Times,
3983,2275161,70B3D50070001777,1602402455261,FES Receiver,2020-10-11 09:47:35.460779,"['SS', 'Standalone', 'version_184']",70001777,SENS_EVENT_MEASURE,52 cm,3600 mV,13 C,0 Degree,50 Times,
3982,2276515,70B3D50070001777,1602409654949,FES Receiver,2020-10-11 11:47:35.148174,"['SS', 'Standalone', 'version_184']",70001777,SENS_EVENT_MEASURE,44 cm,3640 mV,21 C,1 Degree,52 Times,
3981,2277189,70B3D50070001777,1602413254770,FES Receiver,2020-10-11 12:47:34.968171,"['SS', 'Standalone', 'version_184']",70001777,SENS_EVENT_MEASURE,48 cm,3640 mV,26 C,1 Degree,53 Times,
3980,2277862,70B3D50070001777,1602416854596,FES Receiver,2020-10-11 13:47:34.794949,"['SS', 'Standalone', 'version_184']",70001777,SENS_EVENT_MEASURE,46 cm,3640 mV,27 C,0 Degree,54 Times,
3979,2278546,70B3D50070001777,1602420454417,FES Receiver,2020-10-11 14:47:34.616855,"['SS', 'Standalone', 'version_184']",70001777,SENS_EVENT_MEASURE,44 cm,3630 mV,19 C,0 Degree,55 Times,
3978,2279206,70B3D50070001777,1602424054271,FES Receiver,2020-10-11 15:47:34.470891,"['SS', 'Standalone', 'version_184']",70001777,SENS_EVENT_MEASURE,42 cm,3630 mV,15 C,1 Degree,56 Times,
3977,2279893,70B3D50070001777,1602427654118,FES Receiver,2020-10-11 16:47:34.322922,"['SS', 'Standalone', 'version_184']",70001777,SENS_EVENT_MEASURE,44 cm,3620 mV,17 C,0 Degree,57 Times,
3976,2280586,70B3D50070001777,1602431253879,FES Receiver,2020-10-11 17:47:34.077919,"['SS', 'Standalone', 'version_184']",70001777,SENS_EVENT_MEASURE,40 cm,3610 mV,15 C,0 Degree,58 Times,
3975,2281264,70B3D50070001777,1602434853745,FES Receiver,2020-10-11 18:47:33.943313,"['SS', 'Standalone', 'version_184']",70001777,SENS_EVENT_MEASURE,42 cm,3610 mV,12 C,0 Degree,59 Times,
3974,2281939,70B3D50070001777,1602438455199,FES Receiver,2020-10-11 19:47:35.397068,"['SS', 'Standalone', 'version_184']",70001777,SENS_EVENT_MEASURE,42 cm,3610 mV,14 C,1 Degree,60 Times,
3973,2282619,70B3D50070001777,1602442055052,FES Receiver,2020-10-11 20:47:35.250288,"['SS', 'Standalone', 'version_184']",70001777,SENS_EVENT_MEASURE,44 cm,3610 mV,13 C,0 Degree,61 Times,
3972,2283318,70B3D50070001777,1602445654939,FES Receiver,2020-10-11 21:47:35.142118,"['SS', 'Standalone', 'version_184']",70001777,SENS_EVENT_MEASURE,42 cm,3600 mV,12 C,0 Degree,62 Times,
3971,2283992,70B3D50070001777,1602449254800,FES Receiver,2020-10-11 22:47:34.999015,"['SS', 'Standalone', 'version_184']",70001777,SENS_EVENT_MEASURE,42 cm,3600 mV,12 C,0 Degree,63 Times,
3970,2284691,70B3D50070001777,1602452854674,FES Receiver,2020-10-11 23:47:34.871708,"['SS', 'Standalone', 'version_184']",70001777,SENS_EVENT_MEASURE,42 cm,3600 mV,13 C,0 Degree,64 Times,
3969,2285395,70B3D50070001777,1602456454548,FES Receiver,2020-10-12 00:47:34.745797,"['SS', 'Standalone', 'version_184']",70001777,SENS_EVENT_MEASURE,42 cm,3600 mV,13 C,0 Degree,65 Times,
3968,2286080,70B3D50070001777,1602460054436,FES Receiver,2020-10-12 01:47:34.634674,"['SS', 'Standalone', 'version_184']",70001777,SENS_EVENT_MEASURE,42 cm,3600 mV,12 C,0 Degree,66 Times,
3967,2286785,70B3D50070001777,1602463654295,FES Receiver,2020-10-12 02:47:34.492631,"['SS', 'Standalone', 'version_184']",70001777,SENS_EVENT_MEASURE,42 cm,3590 mV,12 C,0 Degree,67 Times,
3966,2287486,70B3D50070001777,1602467254169,FES Receiver,2020-10-12 03:47:34.376536,"['SS', 'Standalone', 'version_184']",70001777,SENS_EVENT_MEASURE,42 cm,3600 mV,13 C,0 Degree,68 Times,
3965,2288840,70B3D50070001777,1602474453916,FES Receiver,2020-10-12 05:47:34.130725,"['SS', 'Standalone', 'version_184']",70001777,SENS_EVENT_MEASURE,42 cm,3600 mV,13 C,0 Degree,70 Times,
3964,2289409,70B3D50070001777,1602478053810,FES Receiver,2020-10-12 06:47:34.016238,"['SS', 'Standalone', 'version_184']",70001777,SENS_EVENT_MEASURE,42 cm,3600 mV,12 C,0 Degree,71 Times,
3963,2290011,70B3D50070001777,1602481653624,FES Receiver,2020-10-12 07:47:33.822759,"['SS', 'Standalone', 'version_184']",70001777,SENS_EVENT_MEASURE,48 cm,3600 mV,12 C,0 Degree,72 Times,
3962,2292035,70B3D50070001777,1602492453225,FES Receiver,2020-10-12 10:47:33.434034,"['SS', 'Standalone', 'version_184']",70001777,SENS_EVENT_MEASURE,44 cm,3610 mV,15 C,1 Degree,75 Times,
3961,2293544,70B3D50070001777,1602499652932,FES Receiver,2020-10-12 12:47:33.131086,"['SS', 'Standalone', 'version_184']",70001777,SENS_EVENT_MEASURE,42 cm,3620 mV,18 C,0 Degree,77 Times,
3960,2294257,70B3D50070001777,1602503252766,FES Receiver,2020-10-12 13:47:32.978273,"['SS', 'Standalone', 'version_184']",70001777,SENS_EVENT_MEASURE,36 cm,3620 mV,17 C,0 Degree,78 Times,
3959,2294925,70B3D50070001777,1602506852619,FES Receiver,2020-10-12 14:47:32.816553,"['SS', 'Standalone', 'version_184']",70001777,SENS_EVENT_MEASURE,36 cm,3620 mV,18 C,0 Degree,79 Times,
3958,2295656,70B3D50070001777,1602510452473,FES Receiver,2020-10-12 15:47:32.705021,"['SS', 'Standalone', 'version_184']",70001777,SENS_EVENT_MEASURE,36 cm,3620 mV,18 C,1 Degree,80 Times,
3957,2296404,70B3D50070001777,1602514052307,FES Receiver,2020-10-12 16:47:32.505218,"['SS', 'Standalone', 'version_184']",70001777,SENS_EVENT_MEASURE,38 cm,3620 mV,15 C,1 Degree,81 Times,
3956,2297109,70B3D50070001777,1602517652173,FES Receiver,2020-10-12 17:47:32.370818,"['SS', 'Standalone', 'version_184']",70001777,SENS_EVENT_MEASURE,38 cm,3610 mV,16 C,0 Degree,82 Times,
3955,2297777,70B3D50070001777,1602521252015,FES Receiver,2020-10-12 18:47:32.212277,"['SS', 'Standalone', 'version_184']",70001777,SENS_EVENT_MEASURE,38 cm,3610 mV,16 C,0 Degree,83 Times,
3954,2299846,70B3D50070001777,1602532053230,FES Receiver,2020-10-12 21:47:33.426453,"['SS', 'Standalone', 'version_184']",70001777,SENS_EVENT_MEASURE,30 cm,3600 mV,12 C,0 Degree,86 Times,
3953,2301227,70B3D50070001777,1602539252985,FES Receiver,2020-10-12 23:47:33.177353,"['SS', 'Standalone', 'version_184']",70001777,SENS_EVENT_MEASURE,30 cm,3590 mV,11 C,0 Degree,88 Times,
3952,2302600,70B3D50070001777,1602546452752,FES Receiver,2020-10-13 01:47:32.945353,"['SS', 'Standalone', 'version_184']",70001777,SENS_EVENT_MEASURE,30 cm,3590 mV,11 C,0 Degree,90 Times,
3951,2303281,70B3D50070001777,1602550052638,FES Receiver,2020-10-13 02:47:32.838012,"['SS', 'Standalone', 'version_184']",70001777,SENS_EVENT_MEASURE,30 cm,3590 mV,12 C,1 Degree,91 Times,
3950,2304635,70B3D50070001777,1602557252453,FES Receiver,2020-10-13 04:47:32.645493,"['SS', 'Standalone', 'version_184']",70001777,SENS_EVENT_MEASURE,30 cm,3590 mV,11 C,0 Degree,93 Times,
3949,2305305,70B3D50070001777,1602560852326,FES Receiver,2020-10-13 05:47:32.520141,"['SS', 'Standalone', 'version_184']",70001777,SENS_EVENT_MEASURE,30 cm,3590 mV,12 C,1 Degree,94 Times,
3948,2305969,70B3D50070001777,1602564452220,FES Receiver,2020-10-13 06:47:32.412839,"['SS', 'Standalone', 'version_184']",70001777,SENS_EVENT_MEASURE,30 cm,3590 mV,12 C,0 Degree,95 Times,
3947,2306694,70B3D50070001777,1602568052094,FES Receiver,2020-10-13 07:47:32.287556,"['SS', 'Standalone', 'version_184']",70001777,SENS_EVENT_MEASURE,30 cm,3600 mV,11 C,0 Degree,96 Times,
3946,2307439,70B3D50070001777,1602571651988,FES Receiver,2020-10-13 08:47:32.183849,"['SS', 'Standalone', 'version_184']",70001777,SENS_EVENT_MEASURE,40 cm,3600 mV,11 C,0 Degree,97 Times,
3945,2308145,70B3D50070001777,1602575251892,FES Receiver,2020-10-13 09:47:32.090364,"['SS', 'Standalone', 'version_184']",70001777,SENS_EVENT_MEASURE,40 cm,3600 mV,13 C,0 Degree,98 Times,
3944,2310273,70B3D50070001777,1602586051435,FES Receiver,2020-10-13 12:47:31.62822,"['SS', 'Standalone', 'version_184']",70001777,SENS_EVENT_MEASURE,40 cm,3620 mV,16 C,0 Degree,101 Times,
3943,2310977,70B3D50070001777,1602589651269,FES Receiver,2020-10-13 13:47:31.461249,"['SS', 'Standalone', 'version_184']",70001777,SENS_EVENT_MEASURE,34 cm,3630 mV,20 C,1 Degree,102 Times,
3942,2313094,70B3D50070001777,1602600450791,FES Receiver,2020-10-13 16:47:30.984127,"['SS', 'Standalone', 'version_184']",70001777,SENS_EVENT_MEASURE,24 cm,3620 mV,17 C,0 Degree,105 Times,
3941,2313785,70B3D50070001777,1602604050644,FES Receiver,2020-10-13 17:47:30.836885,"['SS', 'Standalone', 'version_184']",70001777,SENS_EVENT_MEASURE,26 cm,3610 mV,16 C,0 Degree,106 Times,
3940,2314455,70B3D50070001777,1602607650511,FES Receiver,2020-10-13 18:47:30.704422,"['SS', 'Standalone', 'version_184']",70001777,SENS_EVENT_MEASURE,24 cm,3610 mV,14 C,0 Degree,107 Times,
3939,2315807,70B3D50070001777,1602614851825,FES Receiver,2020-10-13 20:47:32.024364,"['SS', 'Standalone', 'version_184']",70001777,SENS_EVENT_MEASURE,24 cm,3600 mV,12 C,0 Degree,109 Times,
3938,2316490,70B3D50070001777,1602618451706,FES Receiver,2020-10-13 21:47:31.911915,"['SS', 'Standalone', 'version_184']",70001777,SENS_EVENT_MEASURE,24 cm,3600 mV,11 C,0 Degree,110 Times,
3937,2317177,70B3D50070001777,1602622051700,FES Receiver,2020-10-13 22:47:31.898715,"['SS', 'Standalone', 'version_184']",70001777,SENS_EVENT_MEASURE,24 cm,3600 mV,10 C,0 Degree,111 Times,
3936,2317858,70B3D50070001777,1602625651565,FES Receiver,2020-10-13 23:47:31.764235,"['SS', 'Standalone', 'version_184']",70001777,SENS_EVENT_MEASURE,24 cm,3590 mV,11 C,0 Degree,112 Times,
3935,2318528,70B3D50070001777,1602629251447,FES Receiver,2020-10-14 00:47:31.645823,"['SS', 'Standalone', 'version_184']",70001777,SENS_EVENT_MEASURE,24 cm,3590 mV,12 C,0 Degree,113 Times,
3934,2319213,70B3D50070001777,1602632851340,FES Receiver,2020-10-14 01:47:31.539752,"['SS', 'Standalone', 'version_184']",70001777,SENS_EVENT_MEASURE,24 cm,3590 mV,12 C,0 Degree,114 Times,
3933,2319909,70B3D50070001777,1602636451234,FES Receiver,2020-10-14 02:47:31.43981,"['SS', 'Standalone', 'version_184']",70001777,SENS_EVENT_MEASURE,24 cm,3590 mV,11 C,1 Degree,115 Times,
3932,2320580,70B3D50070001777,1602640051108,FES Receiver,2020-10-14 03:47:31.305979,"['SS', 'Standalone', 'version_184']",70001777,SENS_EVENT_MEASURE,24 cm,3590 mV,10 C,0 Degree,116 Times,
3931,2321268,70B3D50070001777,1602643651001,FES Receiver,2020-10-14 04:47:31.200492,"['SS', 'Standalone', 'version_184']",70001777,SENS_EVENT_MEASURE,24 cm,3590 mV,10 C,0 Degree,117 Times,
3930,2321947,70B3D50070001777,1602647250896,FES Receiver,2020-10-14 05:47:31.239312,"['SS', 'Standalone', 'version_184']",70001777,SENS_EVENT_MEASURE,26 cm,3590 mV,12 C,1 Degree,118 Times,
3929,2322642,70B3D50070001777,1602650850769,FES Receiver,2020-10-14 06:47:30.995358,"['SS', 'Standalone', 'version_184']",70001777,SENS_EVENT_MEASURE,26 cm,3590 mV,12 C,0 Degree,119 Times,
3928,2324073,70B3D50070001777,1602658050536,FES Receiver,2020-10-14 08:47:30.735658,"['SS', 'Standalone', 'version_184']",70001777,SENS_EVENT_MEASURE,24 cm,3600 mV,11 C,0 Degree,121 Times,
3927,2324758,70B3D50070001777,1602661650423,FES Receiver,2020-10-14 09:47:30.621044,"['SS', 'Standalone', 'version_184']",70001777,SENS_EVENT_MEASURE,20 cm,3600 mV,12 C,0 Degree,122 Times,
3926,2325501,70B3D50070001777,1602665250296,FES Receiver,2020-10-14 10:47:30.512995,"['SS', 'Standalone', 'version_184']",70001777,SENS_EVENT_MEASURE,20 cm,3610 mV,14 C,1 Degree,123 Times,
3925,2326177,70B3D50070001777,1602668850158,FES Receiver,2020-10-14 11:47:30.364053,"['SS', 'Standalone', 'version_184']",70001777,SENS_EVENT_MEASURE,18 cm,3610 mV,16 C,0 Degree,124 Times,
3924,2326877,70B3D50070001777,1602672449924,FES Receiver,2020-10-14 12:47:30.127974,"['SS', 'Standalone', 'version_184']",70001777,SENS_EVENT_MEASURE,18 cm,3620 mV,14 C,0 Degree,125 Times,
3923,2327543,70B3D50070001777,1602676049940,FES Receiver,2020-10-14 13:47:30.138964,"['SS', 'Standalone', 'version_184']",70001777,SENS_EVENT_MEASURE,124 cm,3620 mV,18 C,0 Degree,126 Times,
3922,2329616,70B3D50070001777,1602686849526,FES Receiver,2020-10-14 16:47:29.724229,"['SS', 'Standalone', 'version_184']",70001777,SENS_EVENT_MEASURE,132 cm,3610 mV,13 C,0 Degree,129 Times,
3921,2331680,70B3D50070001777,1602697650736,FES Receiver,2020-10-14 19:47:30.9551,"['SS', 'Standalone', 'version_184']",70001777,SENS_EVENT_MEASURE,132 cm,3600 mV,11 C,0 Degree,132 Times,
3920,2332353,70B3D50070001777,1602701250636,FES Receiver,2020-10-14 20:47:30.833997,"['SS', 'Standalone', 'version_184']",70001777,SENS_EVENT_MEASURE,126 cm,3600 mV,13 C,0 Degree,133 Times,
3919,2333079,70B3D50070001777,1602704850504,FES Receiver,2020-10-14 21:47:30.706249,"['SS', 'Standalone', 'version_184']",70001777,SENS_EVENT_MEASURE,124 cm,3600 mV,11 C,0 Degree,134 Times,
3918,2333769,70B3D50070001777,1602708450377,FES Receiver,2020-10-14 22:47:30.575637,"['SS', 'Standalone', 'version_184']",70001777,SENS_EVENT_MEASURE,124 cm,3600 mV,10 C,1 Degree,135 Times,
3917,2334487,70B3D50070001777,1602712050271,FES Receiver,2020-10-14 23:47:30.469569,"['SS', 'Standalone', 'version_184']",70001777,SENS_EVENT_MEASURE,124 cm,3600 mV,12 C,0 Degree,136 Times,
3916,2335170,70B3D50070001777,1602715650144,FES Receiver,2020-10-15 00:47:30.343099,"['SS', 'Standalone', 'version_184']",70001777,SENS_EVENT_MEASURE,124 cm,3600 mV,13 C,0 Degree,137 Times,
3915,2336521,70B3D50070001777,1602722849931,FES Receiver,2020-10-15 02:47:30.130316,"['SS', 'Standalone', 'version_184']",70001777,SENS_EVENT_MEASURE,124 cm,3600 mV,12 C,0 Degree,139 Times,
3914,2337206,70B3D50070001777,1602726449805,FES Receiver,2020-10-15 03:47:30.003099,"['SS', 'Standalone', 'version_184']",70001777,SENS_EVENT_MEASURE,124 cm,3600 mV,11 C,0 Degree,140 Times,
3913,2337884,70B3D50070001777,1602730049698,FES Receiver,2020-10-15 04:47:29.89634,"['SS', 'Standalone', 'version_184']",70001777,SENS_EVENT_MEASURE,124 cm,3600 mV,11 C,1 Degree,141 Times,
3912,2339225,70B3D50070001777,1602737229459,FES Receiver,2020-10-15 06:47:09.658525,"['SS', 'Standalone', 'version_184']",70001777,SENS_EVENT_MEASURE,124 cm,3600 mV,10 C,0 Degree,143 Times,
3911,2339868,70B3D50070001777,1602740829340,FES Receiver,2020-10-15 07:47:09.539203,"['SS', 'Standalone', 'version_184']",70001777,SENS_EVENT_MEASURE,122 cm,3580 mV,10 C,1 Degree,144 Times,
3910,2342038,70B3D50070001777,1602751628981,FES Receiver,2020-10-15 10:47:09.179536,"['SS', 'Standalone', 'version_184']",70001777,SENS_EVENT_MEASURE,126 cm,3600 mV,12 C,0 Degree,147 Times,
3909,2342745,70B3D50070001777,1602755228795,FES Receiver,2020-10-15 11:47:08.993144,"['SS', 'Standalone', 'version_184']",70001777,SENS_EVENT_MEASURE,122 cm,3610 mV,14 C,1 Degree,148 Times,
3908,2345373,70B3D50070001777,1602769628242,FES Receiver,2020-10-15 15:47:08.444371,"['SS', 'Standalone', 'version_184']",70001777,SENS_EVENT_MEASURE,122 cm,3610 mV,13 C,1 Degree,152 Times,
3907,2346868,70B3D50070001777,1602780427883,FES Receiver,2020-10-15 18:47:08.086072,"['SS', 'Standalone', 'version_184']",70001777,SENS_EVENT_MEASURE,122 cm,3610 mV,12 C,1 Degree,155 Times,
3906,2347373,70B3D50070001777,1602784029340,FES Receiver,2020-10-15 19:47:09.542185,"['SS', 'Standalone', 'version_184']",70001777,SENS_EVENT_MEASURE,124 cm,3600 mV,13 C,0 Degree,156 Times,
3905,2348895,70B3D50070001777,1602794828961,FES Receiver,2020-10-15 22:47:09.164252,"['SS', 'Standalone', 'version_184']",70001777,SENS_EVENT_MEASURE,130 cm,3600 mV,13 C,0 Degree,159 Times,
3904,2349401,70B3D50070001777,1602798428975,FES Receiver,2020-10-15 23:47:09.176889,"['SS', 'Standalone', 'version_184']",70001777,SENS_EVENT_MEASURE,132 cm,3600 mV,13 C,0 Degree,160 Times,
3903,2349907,70B3D50070001777,1602802028848,FES Receiver,2020-10-16 00:47:09.046487,"['SS', 'Standalone', 'version_184']",70001777,SENS_EVENT_MEASURE,130 cm,3600 mV,12 C,0 Degree,161 Times,
3902,2350394,70B3D50070001777,1602805628702,FES Receiver,2020-10-16 01:47:08.899422,"['SS', 'Standalone', 'version_184']",70001777,SENS_EVENT_MEASURE,130 cm,3600 mV,11 C,0 Degree,162 Times,
3901,2350900,70B3D50070001777,1602809228588,FES Receiver,2020-10-16 02:47:08.795206,"['SS', 'Standalone', 'version_184']",70001777,SENS_EVENT_MEASURE,130 cm,3610 mV,13 C,0 Degree,163 Times,
3900,2351388,70B3D50070001777,1602812828449,FES Receiver,2020-10-16 03:47:08.651779,"['SS', 'Standalone', 'version_184']",70001777,SENS_EVENT_MEASURE,130 cm,3610 mV,14 C,1 Degree,164 Times,
3899,2351892,70B3D50070001777,1602816428543,FES Receiver,2020-10-16 04:47:08.741258,"['SS', 'Standalone', 'version_184']",70001777,SENS_EVENT_MEASURE,130 cm,3600 mV,12 C,0 Degree,165 Times,
3898,2352382,70B3D50070001777,1602820028429,FES Receiver,2020-10-16 05:47:08.6274,"['SS', 'Standalone', 'version_184']",70001777,SENS_EVENT_MEASURE,130 cm,3600 mV,11 C,0 Degree,166 Times,
3897,2352875,70B3D50070001777,1602823628311,FES Receiver,2020-10-16 06:47:08.509688,"['SS', 'Standalone', 'version_184']",70001777,SENS_EVENT_MEASURE,130 cm,3600 mV,11 C,1 Degree,167 Times,
3896,2353408,70B3D50070001777,1602827228190,FES Receiver,2020-10-16 07:47:08.388009,"['SS', 'Standalone', 'version_184']",70001777,SENS_EVENT_MEASURE,130 cm,3600 mV,11 C,1 Degree,168 Times,
3895,2353916,70B3D50070001777,1602830828038,FES Receiver,2020-10-16 08:47:08.236483,"['SS', 'Standalone', 'version_184']",70001777,SENS_EVENT_MEASURE,130 cm,3600 mV,11 C,0 Degree,169 Times,
3894,2354394,70B3D50070001777,1602834427812,FES Receiver,2020-10-16 09:47:08.009696,"['SS', 'Standalone', 'version_184']",70001777,SENS_EVENT_MEASURE,122 cm,3590 mV,12 C,0 Degree,170 Times,
3893,2354890,70B3D50070001777,1602838027759,FES Receiver,2020-10-16 10:47:07.962676,"['SS', 'Standalone', 'version_184']",70001777,SENS_EVENT_MEASURE,122 cm,3610 mV,13 C,1 Degree,171 Times,
3892,2355497,70B3D50070001777,1602841627620,FES Receiver,2020-10-16 11:47:07.818042,"['SS', 'Standalone', 'version_184']",70001777,SENS_EVENT_MEASURE,122 cm,3610 mV,15 C,0 Degree,172 Times,
3891,2356805,70B3D50070001777,1602848827329,FES Receiver,2020-10-16 13:47:07.534923,"['SS', 'Standalone', 'version_184']",70001777,SENS_EVENT_MEASURE,124 cm,3620 mV,18 C,2 Degree,174 Times,
3890,2357418,70B3D50070001777,1602852427181,FES Receiver,2020-10-16 14:47:07.379288,"['SS', 'Standalone', 'version_184']",70001777,SENS_EVENT_MEASURE,124 cm,3620 mV,18 C,1 Degree,175 Times,
3889,2358055,70B3D50070001777,1602856027028,FES Receiver,2020-10-16 15:47:07.226439,"['SS', 'Standalone', 'version_184']",70001777,SENS_EVENT_MEASURE,124 cm,3620 mV,18 C,1 Degree,176 Times,
3888,2358653,70B3D50070001777,1602859626870,FES Receiver,2020-10-16 16:47:07.068092,"['SS', 'Standalone', 'version_184']",70001777,SENS_EVENT_MEASURE,122 cm,3620 mV,16 C,1 Degree,177 Times,
3887,2359244,70B3D50070001777,1602863226803,FES Receiver,2020-10-16 17:47:07.014345,"['SS', 'Standalone', 'version_184']",70001777,SENS_EVENT_MEASURE,122 cm,3610 mV,14 C,0 Degree,178 Times,
3886,2359848,70B3D50070001777,1602866826457,FES Receiver,2020-10-16 18:47:06.656381,"['SS', 'Standalone', 'version_184']",70001777,SENS_EVENT_MEASURE,128 cm,3610 mV,13 C,1 Degree,179 Times,
3885,2360436,70B3D50070001777,1602870427899,FES Receiver,2020-10-16 19:47:08.096344,"['SS', 'Standalone', 'version_184']",70001777,SENS_EVENT_MEASURE,116 cm,3610 mV,13 C,0 Degree,180 Times,
3884,2361662,70B3D50070001777,1602877627646,FES Receiver,2020-10-16 21:47:07.844436,"['SS', 'Standalone', 'version_184']",70001777,SENS_EVENT_MEASURE,114 cm,3610 mV,13 C,0 Degree,182 Times,
3883,2362274,70B3D50070001777,1602881227522,FES Receiver,2020-10-16 22:47:07.725019,"['SS', 'Standalone', 'version_184']",70001777,SENS_EVENT_MEASURE,114 cm,3610 mV,12 C,1 Degree,183 Times,
3882,2364646,70B3D50070001777,1602895627056,FES Receiver,2020-10-17 02:47:07.256968,"['SS', 'Standalone', 'version_184']",70001777,SENS_EVENT_MEASURE,114 cm,3600 mV,10 C,0 Degree,187 Times,
3881,2365244,70B3D50070001777,1602899226949,FES Receiver,2020-10-17 03:47:07.159918,"['SS', 'Standalone', 'version_184']",70001777,SENS_EVENT_MEASURE,114 cm,3600 mV,11 C,1 Degree,188 Times,
3880,2365836,70B3D50070001777,1602902826843,FES Receiver,2020-10-17 04:47:07.041853,"['SS', 'Standalone', 'version_184']",70001777,SENS_EVENT_MEASURE,114 cm,3600 mV,11 C,1 Degree,189 Times,
3879,2366427,70B3D50070001777,1602906426697,FES Receiver,2020-10-17 05:47:06.894884,"['SS', 'Standalone', 'version_184']",70001777,SENS_EVENT_MEASURE,114 cm,3600 mV,11 C,1 Degree,190 Times,
3878,2367007,70B3D50070001777,1602910026591,FES Receiver,2020-10-17 06:47:06.790668,"['SS', 'Standalone', 'version_184']",70001777,SENS_EVENT_MEASURE,114 cm,3600 mV,11 C,0 Degree,191 Times,
3877,2367601,70B3D50070001777,1602913626485,FES Receiver,2020-10-17 07:47:06.691419,"['SS', 'Standalone', 'version_184']",70001777,SENS_EVENT_MEASURE,114 cm,3600 mV,10 C,1 Degree,192 Times,
3876,2368806,70B3D50070001777,1602920826253,FES Receiver,2020-10-17 09:47:06.451222,"['SS', 'Standalone', 'version_184']",70001777,SENS_EVENT_MEASURE,114 cm,3610 mV,13 C,0 Degree,194 Times,
3875,2369412,70B3D50070001777,1602924425946,FES Receiver,2020-10-17 10:47:06.145052,"['SS', 'Standalone', 'version_184']",70001777,SENS_EVENT_MEASURE,116 cm,3610 mV,13 C,0 Degree,195 Times,
3874,2370648,70B3D50070001777,1602931625854,FES Receiver,2020-10-17 12:47:06.058958,"['SS', 'Standalone', 'version_184']",70001777,SENS_EVENT_MEASURE,114 cm,3610 mV,13 C,0 Degree,197 Times,
3873,2371232,70B3D50070001777,1602935225560,FES Receiver,2020-10-17 13:47:05.757886,"['SS', 'Standalone', 'version_184']",70001777,SENS_EVENT_MEASURE,118 cm,3610 mV,15 C,0 Degree,198 Times,
3872,2371831,70B3D50070001777,1602938825402,FES Receiver,2020-10-17 14:47:05.599859,"['SS', 'Standalone', 'version_184']",70001777,SENS_EVENT_MEASURE,112 cm,3620 mV,14 C,0 Degree,199 Times,
3871,2372428,70B3D50070001777,1602942425256,FES Receiver,2020-10-17 15:47:05.454798,"['SS', 'Standalone', 'version_184']",70001777,SENS_EVENT_MEASURE,110 cm,3620 mV,16 C,1 Degree,200 Times,
3870,2373587,70B3D50070001777,1602949625024,FES Receiver,2020-10-17 17:47:05.223282,"['SS', 'Standalone', 'version_184']",70001777,SENS_EVENT_MEASURE,106 cm,3610 mV,15 C,0 Degree,202 Times,
3869,2375378,70B3D50070001777,1602960426231,FES Receiver,2020-10-17 20:47:06.430076,"['SS', 'Standalone', 'version_184']",70001777,SENS_EVENT_MEASURE,108 cm,3610 mV,13 C,1 Degree,205 Times,
3868,2376636,70B3D50070001777,1602967625979,FES Receiver,2020-10-17 22:47:06.18072,"['SS', 'Standalone', 'version_184']",70001777,SENS_EVENT_MEASURE,108 cm,3600 mV,12 C,1 Degree,207 Times,
3867,2377244,70B3D50070001777,1602971225873,FES Receiver,2020-10-17 23:47:06.071303,"['SS', 'Standalone', 'version_184']",70001777,SENS_EVENT_MEASURE,108 cm,3590 mV,11 C,1 Degree,208 Times,
3866,2377850,70B3D50070001777,1602974825767,FES Receiver,2020-10-18 00:47:05.967225,"['SS', 'Standalone', 'version_184']",70001777,SENS_EVENT_MEASURE,108 cm,3590 mV,11 C,0 Degree,209 Times,
3865,2378446,70B3D50070001777,1602978425661,FES Receiver,2020-10-18 01:47:05.859231,"['SS', 'Standalone', 'version_184']",70001777,SENS_EVENT_MEASURE,108 cm,3590 mV,10 C,0 Degree,210 Times,
3864,2379631,70B3D50070001777,1602985625448,FES Receiver,2020-10-18 03:47:05.648449,"['SS', 'Standalone', 'version_184']",70001777,SENS_EVENT_MEASURE,108 cm,3590 mV,12 C,0 Degree,212 Times,
3863,2380240,70B3D50070001777,1602989225342,FES Receiver,2020-10-18 04:47:05.540162,"['SS', 'Standalone', 'version_184']",70001777,SENS_EVENT_MEASURE,108 cm,3590 mV,8 C,2 Degree,213 Times,
3862,2380853,70B3D50070001777,1602992825256,FES Receiver,2020-10-18 05:47:05.520448,"['SS', 'Standalone', 'version_184']",70001777,SENS_EVENT_MEASURE,108 cm,3580 mV,8 C,0 Degree,214 Times,
3861,2381454,70B3D50070001777,1602996425181,FES Receiver,2020-10-18 06:47:05.571278,"['SS', 'Standalone', 'version_184']",70001777,SENS_EVENT_MEASURE,108 cm,3580 mV,8 C,0 Degree,215 Times,
3860,2382056,70B3D50070001777,1603000025084,FES Receiver,2020-10-18 07:47:05.282885,"['SS', 'Standalone', 'version_184']",70001777,SENS_EVENT_MEASURE,108 cm,3580 mV,9 C,0 Degree,216 Times,
3859,2382646,70B3D50070001777,1603003624978,FES Receiver,2020-10-18 08:47:05.175776,"['SS', 'Standalone', 'version_184']",70001777,SENS_EVENT_MEASURE,108 cm,3580 mV,9 C,0 Degree,217 Times,
3858,2383249,70B3D50070001777,1603007224892,FES Receiver,2020-10-18 09:47:05.089706,"['SS', 'Standalone', 'version_184']",70001777,SENS_EVENT_MEASURE,108 cm,3590 mV,11 C,0 Degree,218 Times,
3857,2384470,70B3D50070001777,1603014424639,FES Receiver,2020-10-18 11:47:04.839922,"['SS', 'Standalone', 'version_184']",70001777,SENS_EVENT_MEASURE,106 cm,3600 mV,13 C,0 Degree,220 Times,
3856,2385075,70B3D50070001777,1603018024459,FES Receiver,2020-10-18 12:47:04.659347,"['SS', 'Standalone', 'version_184']",70001777,SENS_EVENT_MEASURE,102 cm,3610 mV,13 C,0 Degree,221 Times,
3855,2385685,70B3D50070001777,1603021624347,FES Receiver,2020-10-18 13:47:04.546152,"['SS', 'Standalone', 'version_184']",70001777,SENS_EVENT_MEASURE,102 cm,3610 mV,16 C,0 Degree,222 Times,
3854,2386298,70B3D50070001777,1603025224181,FES Receiver,2020-10-18 14:47:04.379885,"['SS', 'Standalone', 'version_184']",70001777,SENS_EVENT_MEASURE,106 cm,3620 mV,18 C,0 Degree,223 Times,
3853,2386892,70B3D50070001777,1603028824035,FES Receiver,2020-10-18 15:47:04.234439,"['SS', 'Standalone', 'version_184']",70001777,SENS_EVENT_MEASURE,106 cm,3620 mV,14 C,0 Degree,224 Times,
3852,2387493,70B3D50070001777,1603032423889,FES Receiver,2020-10-18 16:47:04.086929,"['SS', 'Standalone', 'version_184']",70001777,SENS_EVENT_MEASURE,106 cm,3610 mV,13 C,1 Degree,225 Times,
3851,2388112,70B3D50070001777,1603036023803,FES Receiver,2020-10-18 17:47:04.001312,"['SS', 'Standalone', 'version_184']",70001777,SENS_EVENT_MEASURE,108 cm,3610 mV,14 C,0 Degree,226 Times,
3850,2388710,70B3D50070001777,1603039623697,FES Receiver,2020-10-18 18:47:03.894635,"['SS', 'Standalone', 'version_184']",70001777,SENS_EVENT_MEASURE,104 cm,3610 mV,15 C,0 Degree,227 Times,
3849,2389311,70B3D50070001777,1603043225138,FES Receiver,2020-10-18 19:47:05.336151,"['SS', 'Standalone', 'version_184']",70001777,SENS_EVENT_MEASURE,104 cm,3610 mV,13 C,0 Degree,228 Times,
3848,2389921,70B3D50070001777,1603046825012,FES Receiver,2020-10-18 20:47:05.219879,"['SS', 'Standalone', 'version_184']",70001777,SENS_EVENT_MEASURE,104 cm,3610 mV,12 C,0 Degree,229 Times,
3847,2391160,70B3D50070001777,1603054024720,FES Receiver,2020-10-18 22:47:04.922212,"['SS', 'Standalone', 'version_184']",70001777,SENS_EVENT_MEASURE,104 cm,3610 mV,13 C,1 Degree,231 Times,
3846,2391763,70B3D50070001777,1603057624594,FES Receiver,2020-10-18 23:47:04.793193,"['SS', 'Standalone', 'version_184']",70001777,SENS_EVENT_MEASURE,104 cm,3610 mV,13 C,1 Degree,232 Times,
3845,2393567,70B3D50070001777,1603068424215,FES Receiver,2020-10-19 02:47:04.413634,"['SS', 'Standalone', 'version_184']",70001777,SENS_EVENT_MEASURE,104 cm,3600 mV,13 C,0 Degree,235 Times,
3844,2394175,70B3D50070001777,1603072024089,FES Receiver,2020-10-19 03:47:04.286923,"['SS', 'Standalone', 'version_184']",70001777,SENS_EVENT_MEASURE,102 cm,3600 mV,11 C,1 Degree,236 Times,
3843,2394784,70B3D50070001777,1603075623983,FES Receiver,2020-10-19 04:47:04.181335,"['SS', 'Standalone', 'version_184']",70001777,SENS_EVENT_MEASURE,102 cm,3600 mV,11 C,1 Degree,237 Times,
3842,2395397,70B3D50070001777,1603079223857,FES Receiver,2020-10-19 05:47:04.055265,"['SS', 'Standalone', 'version_184']",70001777,SENS_EVENT_MEASURE,104 cm,3600 mV,11 C,0 Degree,238 Times,
3841,2396639,70B3D50070001777,1603086423617,FES Receiver,2020-10-19 07:47:03.815495,"['SS', 'Standalone', 'version_184']",70001777,SENS_EVENT_MEASURE,98 cm,3600 mV,11 C,1 Degree,240 Times,
3840,2397181,70B3D50070001777,1603090023498,FES Receiver,2020-10-19 08:47:03.700986,"['SS', 'Standalone', 'version_184']",70001777,SENS_EVENT_MEASURE,96 cm,3600 mV,11 C,0 Degree,241 Times,
3839,2398461,70B3D50070001777,1603097223186,FES Receiver,2020-10-19 10:47:03.396972,"['SS', 'Standalone', 'version_184']",70001777,SENS_EVENT_MEASURE,96 cm,3610 mV,16 C,0 Degree,243 Times,
3838,2399083,70B3D50070001777,1603100822940,FES Receiver,2020-10-19 11:47:03.154001,"['SS', 'Standalone', 'version_184']",70001777,SENS_EVENT_MEASURE,96 cm,3620 mV,17 C,0 Degree,244 Times,
3837,2399724,70B3D50070001777,1603104422867,FES Receiver,2020-10-19 12:47:03.066375,"['SS', 'Standalone', 'version_184']",70001777,SENS_EVENT_MEASURE,94 cm,3630 mV,18 C,0 Degree,245 Times,
3836,2400339,70B3D50070001777,1603108022608,FES Receiver,2020-10-19 13:47:02.806207,"['SS', 'Standalone', 'version_184']",70001777,SENS_EVENT_MEASURE,92 cm,3630 mV,18 C,1 Degree,246 Times,
3835,2400960,70B3D50070001777,1603111622461,FES Receiver,2020-10-19 14:47:02.661961,"['SS', 'Standalone', 'version_184']",70001777,SENS_EVENT_MEASURE,92 cm,3630 mV,16 C,0 Degree,247 Times,
3834,2401614,70B3D50070001777,1603115222395,FES Receiver,2020-10-19 15:47:02.593838,"['SS', 'Standalone', 'version_184']",70001777,SENS_EVENT_MEASURE,94 cm,3630 mV,18 C,1 Degree,248 Times,
3833,2403442,70B3D50070001777,1603126021877,FES Receiver,2020-10-19 18:47:02.08946,"['SS', 'Standalone', 'version_184']",70001777,SENS_EVENT_MEASURE,98 cm,3610 mV,13 C,1 Degree,251 Times,
3832,2404039,70B3D50070001777,1603129623493,FES Receiver,2020-10-19 19:47:03.676753,"['SS', 'Standalone', 'version_184']",70001777,SENS_EVENT_MEASURE,86 cm,3610 mV,14 C,0 Degree,252 Times,
3831,2404640,70B3D50070001777,1603133223368,FES Receiver,2020-10-19 20:47:03.551785,"['SS', 'Standalone', 'version_184']",70001777,SENS_EVENT_MEASURE,98 cm,3600 mV,11 C,0 Degree,253 Times,
3830,2405258,70B3D50070001777,1603136823240,FES Receiver,2020-10-19 21:47:03.424546,"['SS', 'Standalone', 'version_184']",70001777,SENS_EVENT_MEASURE,98 cm,3600 mV,12 C,1 Degree,254 Times,
3829,2405880,70B3D50070001777,1603140427136,FES Receiver,2020-10-19 22:47:07.323491,"['SS', 'Standalone', 'version_184']",70001777,SENS_EVENT_MEASURE,86 cm,3590 mV,11 C,1 Degree,255 Times,
3828,2406494,70B3D50070001777,1603144023028,FES Receiver,2020-10-19 23:47:03.214666,"['SS', 'Standalone', 'version_184']",70001777,SENS_EVENT_MEASURE,96 cm,3590 mV,10 C,0 Degree,0 Times,
3827,2407100,70B3D50070001777,1603147622902,FES Receiver,2020-10-20 00:47:03.085627,"['SS', 'Standalone', 'version_184']",70001777,SENS_EVENT_MEASURE,98 cm,3590 mV,10 C,0 Degree,1 Times,
3826,2407703,70B3D50070001777,1603151222816,FES Receiver,2020-10-20 01:47:02.999893,"['SS', 'Standalone', 'version_184']",70001777,SENS_EVENT_MEASURE,98 cm,3590 mV,11 C,0 Degree,2 Times,
3825,2408335,70B3D50070001777,1603154822709,FES Receiver,2020-10-20 02:47:02.893474,"['SS', 'Standalone', 'version_184']",70001777,SENS_EVENT_MEASURE,86 cm,3590 mV,9 C,0 Degree,3 Times,
3824,2408939,70B3D50070001777,1603158422605,FES Receiver,2020-10-20 03:47:02.790393,"['SS', 'Standalone', 'version_184']",70001777,SENS_EVENT_MEASURE,98 cm,3580 mV,10 C,1 Degree,4 Times,
3823,2409554,70B3D50070001777,1603162022510,FES Receiver,2020-10-20 04:47:02.693685,"['SS', 'Standalone', 'version_184']",70001777,SENS_EVENT_MEASURE,96 cm,3580 mV,8 C,1 Degree,5 Times,
3822,2410151,70B3D50070001777,1603165622411,FES Receiver,2020-10-20 05:47:02.596169,"['SS', 'Standalone', 'version_184']",70001777,SENS_EVENT_MEASURE,98 cm,3580 mV,9 C,0 Degree,6 Times,
3821,2411363,70B3D50070001777,1603172822218,FES Receiver,2020-10-20 07:47:02.401994,"['SS', 'Standalone', 'version_184']",70001777,SENS_EVENT_MEASURE,98 cm,3580 mV,11 C,0 Degree,8 Times,
3820,2412006,70B3D50070001777,1603176422132,FES Receiver,2020-10-20 08:47:02.413406,"['SS', 'Standalone', 'version_184']",70001777,SENS_EVENT_MEASURE,86 cm,3580 mV,9 C,0 Degree,9 Times,
3819,2412693,70B3D50070001777,1603180022026,FES Receiver,2020-10-20 09:47:02.209326,"['SS', 'Standalone', 'version_184']",70001777,SENS_EVENT_MEASURE,84 cm,3590 mV,11 C,1 Degree,10 Times,
3818,2413348,70B3D50070001777,1603183621860,FES Receiver,2020-10-20 10:47:02.044064,"['SS', 'Standalone', 'version_184']",70001777,SENS_EVENT_MEASURE,92 cm,3600 mV,13 C,0 Degree,11 Times,
3817,2414670,70B3D50070001777,1603190821387,FES Receiver,2020-10-20 12:47:01.571761,"['SS', 'Standalone', 'version_184']",70001777,SENS_EVENT_MEASURE,92 cm,3640 mV,22 C,0 Degree,13 Times,
3816,2416651,70B3D50070001777,1603201621049,FES Receiver,2020-10-20 15:47:01.237616,"['SS', 'Standalone', 'version_184']",70001777,SENS_EVENT_MEASURE,88 cm,3630 mV,15 C,1 Degree,16 Times,
3815,2417266,70B3D50070001777,1603205220796,FES Receiver,2020-10-20 16:47:00.984305,"['SS', 'Standalone', 'version_184']",70001777,SENS_EVENT_MEASURE,90 cm,3620 mV,14 C,0 Degree,17 Times,
3814,2417857,70B3D50070001777,1603208820677,FES Receiver,2020-10-20 17:47:00.860203,"['SS', 'Standalone', 'version_184']",70001777,SENS_EVENT_MEASURE,88 cm,3610 mV,14 C,0 Degree,18 Times,
3813,2418456,70B3D50070001777,1603212420531,FES Receiver,2020-10-20 18:47:00.714257,"['SS', 'Standalone', 'version_184']",70001777,SENS_EVENT_MEASURE,90 cm,3610 mV,13 C,0 Degree,19 Times,
3812,2419065,70B3D50070001777,1603216021969,FES Receiver,2020-10-20 19:47:02.167222,"['SS', 'Standalone', 'version_184']",70001777,SENS_EVENT_MEASURE,88 cm,3610 mV,13 C,1 Degree,20 Times,
3811,2419662,70B3D50070001777,1603219621835,FES Receiver,2020-10-20 20:47:02.057743,"['SS', 'Standalone', 'version_184']",70001777,SENS_EVENT_MEASURE,88 cm,3610 mV,13 C,0 Degree,21 Times,
3810,2420935,70B3D50070001777,1603226825563,FES Receiver,2020-10-20 22:47:05.791814,"['SS', 'Standalone', 'version_184']",70001777,SENS_EVENT_MEASURE,90 cm,3610 mV,13 C,0 Degree,23 Times,
3809,2421536,70B3D50070001777,1603230421437,FES Receiver,2020-10-20 23:47:01.636442,"['SS', 'Standalone', 'version_184']",70001777,SENS_EVENT_MEASURE,88 cm,3610 mV,13 C,0 Degree,24 Times,
3808,2422734,70B3D50070001777,1603237621172,FES Receiver,2020-10-21 01:47:01.391914,"['SS', 'Standalone', 'version_184']",70001777,SENS_EVENT_MEASURE,88 cm,3610 mV,13 C,0 Degree,26 Times,
3807,2423358,70B3D50070001777,1603241221038,FES Receiver,2020-10-21 02:47:01.236817,"['SS', 'Standalone', 'version_184']",70001777,SENS_EVENT_MEASURE,90 cm,3610 mV,13 C,0 Degree,27 Times,
3806,2423947,70B3D50070001777,1603244820899,FES Receiver,2020-10-21 03:47:01.097404,"['SS', 'Standalone', 'version_184']",70001777,SENS_EVENT_MEASURE,90 cm,3610 mV,13 C,0 Degree,28 Times,
3805,2424580,70B3D50070001777,1603248420773,FES Receiver,2020-10-21 04:47:00.972576,"['SS', 'Standalone', 'version_184']",70001777,SENS_EVENT_MEASURE,88 cm,3600 mV,14 C,0 Degree,29 Times,
3804,2425763,70B3D50070001777,1603255620521,FES Receiver,2020-10-21 06:47:00.75324,"['SS', 'Standalone', 'version_184']",70001777,SENS_EVENT_MEASURE,90 cm,3610 mV,13 C,1 Degree,31 Times,
3803,2426403,70B3D50070001777,1603259220474,FES Receiver,2020-10-21 07:47:00.672406,"['SS', 'Standalone', 'version_184']",70001777,SENS_EVENT_MEASURE,86 cm,3600 mV,13 C,1 Degree,32 Times,
3802,2427063,70B3D50070001777,1603262820328,FES Receiver,2020-10-21 08:47:00.528016,"['SS', 'Standalone', 'version_184']",70001777,SENS_EVENT_MEASURE,86 cm,3610 mV,13 C,1 Degree,33 Times,
3801,2428312,70B3D50070001777,1603270020056,FES Receiver,2020-10-21 10:47:00.254679,"['SS', 'Standalone', 'version_184']",70001777,SENS_EVENT_MEASURE,84 cm,3610 mV,16 C,0 Degree,35 Times,
3800,2428962,70B3D50070001777,1603273619909,FES Receiver,2020-10-21 11:47:00.109071,"['SS', 'Standalone', 'version_184']",70001777,SENS_EVENT_MEASURE,84 cm,3620 mV,16 C,0 Degree,36 Times,
3799,2429584,70B3D50070001777,1603277219603,FES Receiver,2020-10-21 12:46:59.811557,"['SS', 'Standalone', 'version_184']",70001777,SENS_EVENT_MEASURE,84 cm,3620 mV,17 C,0 Degree,37 Times,
3798,2431437,70B3D50070001777,1603288019104,FES Receiver,2020-10-21 15:46:59.304055,"['SS', 'Standalone', 'version_184']",70001777,SENS_EVENT_MEASURE,76 cm,3630 mV,18 C,0 Degree,40 Times,
3797,2432056,70B3D50070001777,1603291618938,FES Receiver,2020-10-21 16:46:59.139272,"['SS', 'Standalone', 'version_184']",70001777,SENS_EVENT_MEASURE,78 cm,3630 mV,18 C,0 Degree,41 Times,
3796,2433304,70B3D50070001777,1603298818766,FES Receiver,2020-10-21 18:46:58.968607,"['SS', 'Standalone', 'version_184']",70001777,SENS_EVENT_MEASURE,78 cm,3620 mV,17 C,0 Degree,43 Times,
3795,2433931,70B3D50070001777,1603302420198,FES Receiver,2020-10-21 19:47:00.414751,"['SS', 'Standalone', 'version_184']",70001777,SENS_EVENT_MEASURE,78 cm,3620 mV,15 C,0 Degree,44 Times,
3794,2434573,70B3D50070001777,1603306020058,FES Receiver,2020-10-21 20:47:00.256578,"['SS', 'Standalone', 'version_184']",70001777,SENS_EVENT_MEASURE,76 cm,3610 mV,18 C,1 Degree,45 Times,
3793,2435201,70B3D50070001777,1603309619911,FES Receiver,2020-10-21 21:47:00.110126,"['SS', 'Standalone', 'version_184']",70001777,SENS_EVENT_MEASURE,76 cm,3610 mV,16 C,0 Degree,46 Times,
3792,2435857,70B3D50070001777,1603313228799,FES Receiver,2020-10-21 22:47:09.001545,"['SS', 'Standalone', 'version_184']",70001777,SENS_EVENT_MEASURE,76 cm,3610 mV,16 C,0 Degree,47 Times,
3791,2436450,70B3D50070001777,1603316819673,FES Receiver,2020-10-21 23:46:59.870495,"['SS', 'Standalone', 'version_184']",70001777,SENS_EVENT_MEASURE,76 cm,3620 mV,17 C,0 Degree,48 Times,
3790,2437056,70B3D50070001777,1603320419453,FES Receiver,2020-10-22 00:46:59.65231,"['SS', 'Standalone', 'version_184']",70001777,SENS_EVENT_MEASURE,76 cm,3610 mV,16 C,1 Degree,49 Times,
3789,2438256,70B3D50070001777,1603327619133,FES Receiver,2020-10-22 02:46:59.332423,"['SS', 'Standalone', 'version_184']",70001777,SENS_EVENT_MEASURE,76 cm,3610 mV,15 C,1 Degree,51 Times,
3788,2438868,70B3D50070001777,1603331218987,FES Receiver,2020-10-22 03:46:59.184627,"['SS', 'Standalone', 'version_184']",70001777,SENS_EVENT_MEASURE,76 cm,3610 mV,16 C,0 Degree,52 Times,
3787,2439474,70B3D50070001777,1603334818841,FES Receiver,2020-10-22 04:46:59.038778,"['SS', 'Standalone', 'version_184']",70001777,SENS_EVENT_MEASURE,76 cm,3610 mV,16 C,1 Degree,53 Times,
3786,2440078,70B3D50070001777,1603338418694,FES Receiver,2020-10-22 05:46:58.891231,"['SS', 'Standalone', 'version_184']",70001777,SENS_EVENT_MEASURE,76 cm,3610 mV,16 C,0 Degree,54 Times,
3785,2440679,70B3D50070001777,1603342018568,FES Receiver,2020-10-22 06:46:58.766903,"['SS', 'Standalone', 'version_184']",70001777,SENS_EVENT_MEASURE,76 cm,3610 mV,16 C,1 Degree,55 Times,
3784,2441320,70B3D50070001777,1603345618422,FES Receiver,2020-10-22 07:46:58.62536,"['SS', 'Standalone', 'version_184']",70001777,SENS_EVENT_MEASURE,76 cm,3610 mV,16 C,1 Degree,56 Times,
3783,2441994,70B3D50070001777,1603349218215,FES Receiver,2020-10-22 08:46:58.432414,"['SS', 'Standalone', 'version_184']",70001777,SENS_EVENT_MEASURE,76 cm,3610 mV,15 C,0 Degree,57 Times,
3782,2443302,70B3D50070001777,1603356417943,FES Receiver,2020-10-22 10:46:58.14087,"['SS', 'Standalone', 'version_184']",70001777,SENS_EVENT_MEASURE,74 cm,3620 mV,17 C,0 Degree,59 Times,
3781,2445186,70B3D50070001777,1603367217349,FES Receiver,2020-10-22 13:46:57.547801,"['SS', 'Standalone', 'version_184']",70001777,SENS_EVENT_MEASURE,70 cm,3640 mV,27 C,0 Degree,62 Times,
3780,2445821,70B3D50070001777,1603370817157,FES Receiver,2020-10-22 14:46:57.355285,"['SS', 'Standalone', 'version_184']",70001777,SENS_EVENT_MEASURE,70 cm,3640 mV,20 C,1 Degree,63 Times,
3779,2446459,70B3D50070001777,1603374417016,FES Receiver,2020-10-22 15:46:57.214943,"['SS', 'Standalone', 'version_184']",70001777,SENS_EVENT_MEASURE,68 cm,3640 mV,19 C,1 Degree,64 Times,
3778,2447081,70B3D50070001777,1603378016824,FES Receiver,2020-10-22 16:46:57.023064,"['SS', 'Standalone', 'version_184']",70001777,SENS_EVENT_MEASURE,76 cm,3630 mV,22 C,0 Degree,65 Times,
3777,2447716,70B3D50070001777,1603381616670,FES Receiver,2020-10-22 17:46:56.867714,"['SS', 'Standalone', 'version_184']",70001777,SENS_EVENT_MEASURE,70 cm,3630 mV,18 C,1 Degree,66 Times,
3776,2448331,70B3D50070001777,1603385216492,FES Receiver,2020-10-22 18:46:56.69016,"['SS', 'Standalone', 'version_184']",70001777,SENS_EVENT_MEASURE,66 cm,3630 mV,19 C,0 Degree,67 Times,
3775,2448960,70B3D50070001777,1603388817917,FES Receiver,2020-10-22 19:46:58.115381,"['SS', 'Standalone', 'version_184']",70001777,SENS_EVENT_MEASURE,66 cm,3620 mV,18 C,0 Degree,68 Times,
3774,2449581,70B3D50070001777,1603392417751,FES Receiver,2020-10-22 20:46:57.950245,"['SS', 'Standalone', 'version_184']",70001777,SENS_EVENT_MEASURE,66 cm,3620 mV,19 C,0 Degree,69 Times,
3773,2450191,70B3D50070001777,1603396017585,FES Receiver,2020-10-22 21:46:57.788162,"['SS', 'Standalone', 'version_184']",70001777,SENS_EVENT_MEASURE,66 cm,3620 mV,18 C,0 Degree,70 Times,
3772,2450823,70B3D50070001777,1603399617439,FES Receiver,2020-10-22 22:46:57.642711,"['SS', 'Standalone', 'version_184']",70001777,SENS_EVENT_MEASURE,66 cm,3620 mV,17 C,0 Degree,71 Times,
3771,2452039,70B3D50070001777,1603406817119,FES Receiver,2020-10-23 00:46:57.335331,"['SS', 'Standalone', 'version_184']",70001777,SENS_EVENT_MEASURE,66 cm,3610 mV,17 C,0 Degree,73 Times,
3770,2452645,70B3D50070001777,1603410417020,FES Receiver,2020-10-23 01:46:57.2279,"['SS', 'Standalone', 'version_184']",70001777,SENS_EVENT_MEASURE,66 cm,3610 mV,17 C,0 Degree,74 Times,
3769,2453230,70B3D50070001777,1603414016879,FES Receiver,2020-10-23 02:46:57.077066,"['SS', 'Standalone', 'version_184']",70001777,SENS_EVENT_MEASURE,66 cm,3610 mV,18 C,0 Degree,75 Times,
3768,2453838,70B3D50070001777,1603417616707,FES Receiver,2020-10-23 03:46:56.905522,"['SS', 'Standalone', 'version_184']",70001777,SENS_EVENT_MEASURE,66 cm,3610 mV,16 C,0 Degree,76 Times,
3767,2454460,70B3D50070001777,1603421216561,FES Receiver,2020-10-23 04:46:56.760926,"['SS', 'Standalone', 'version_184']",70001777,SENS_EVENT_MEASURE,66 cm,3610 mV,14 C,0 Degree,77 Times,
3766,2455074,70B3D50070001777,1603424816427,FES Receiver,2020-10-23 05:46:56.625534,"['SS', 'Standalone', 'version_184']",70001777,SENS_EVENT_MEASURE,66 cm,3610 mV,17 C,0 Degree,78 Times,
3765,2455635,70B3D50070001777,1603428416268,FES Receiver,2020-10-23 06:46:56.466548,"['SS', 'Standalone', 'version_184']",70001777,SENS_EVENT_MEASURE,68 cm,3610 mV,17 C,0 Degree,79 Times,
3764,2456158,70B3D50070001777,1603432016102,FES Receiver,2020-10-23 07:46:56.301671,"['SS', 'Standalone', 'version_184']",70001777,SENS_EVENT_MEASURE,62 cm,3610 mV,17 C,0 Degree,80 Times,
3763,2456677,70B3D50070001777,1603435616116,FES Receiver,2020-10-23 08:46:56.328614,"['SS', 'Standalone', 'version_184']",70001777,SENS_EVENT_MEASURE,60 cm,3610 mV,15 C,0 Degree,81 Times,
3762,2457189,70B3D50070001777,1603439215809,FES Receiver,2020-10-23 09:46:56.007604,"['SS', 'Standalone', 'version_184']",70001777,SENS_EVENT_MEASURE,62 cm,3610 mV,17 C,0 Degree,82 Times,
3761,2457716,70B3D50070001777,1603442815664,FES Receiver,2020-10-23 10:46:55.861329,"['SS', 'Standalone', 'version_184']",70001777,SENS_EVENT_MEASURE,64 cm,3620 mV,16 C,0 Degree,83 Times,
3760,2458890,70B3D50070001777,1603450015510,FES Receiver,2020-10-23 12:46:55.708817,"['SS', 'Standalone', 'version_184']",70001777,SENS_EVENT_MEASURE,62 cm,3620 mV,16 C,1 Degree,85 Times,
3759,2459550,70B3D50070001777,1603453615324,FES Receiver,2020-10-23 13:46:55.611774,"['SS', 'Standalone', 'version_184']",70001777,SENS_EVENT_MEASURE,122 cm,3620 mV,16 C,0 Degree,86 Times,
3758,2460193,70B3D50070001777,1603457215058,FES Receiver,2020-10-23 14:46:55.263151,"['SS', 'Standalone', 'version_184']",70001777,SENS_EVENT_MEASURE,122 cm,3610 mV,17 C,0 Degree,87 Times,
3757,2460811,70B3D50070001777,1603460814972,FES Receiver,2020-10-23 15:46:55.170346,"['SS', 'Standalone', 'version_184']",70001777,SENS_EVENT_MEASURE,122 cm,3610 mV,17 C,0 Degree,88 Times,
3756,2461410,70B3D50070001777,1603464414765,FES Receiver,2020-10-23 16:46:54.97361,"['SS', 'Standalone', 'version_184']",70001777,SENS_EVENT_MEASURE,122 cm,3620 mV,18 C,0 Degree,89 Times,
3755,2462000,70B3D50070001777,1603468014679,FES Receiver,2020-10-23 17:46:54.877347,"['SS', 'Standalone', 'version_184']",70001777,SENS_EVENT_MEASURE,122 cm,3620 mV,16 C,0 Degree,90 Times,
3754,2462596,70B3D50070001777,1603471614532,FES Receiver,2020-10-23 18:46:54.73068,"['SS', 'Standalone', 'version_184']",70001777,SENS_EVENT_MEASURE,122 cm,3610 mV,17 C,0 Degree,91 Times,
3753,2463842,70B3D50070001777,1603478815811,FES Receiver,2020-10-23 20:46:56.010353,"['SS', 'Standalone', 'version_184']",70001777,SENS_EVENT_MEASURE,122 cm,3610 mV,17 C,1 Degree,93 Times,
3752,2464458,70B3D50070001777,1603482415665,FES Receiver,2020-10-23 21:46:55.863109,"['SS', 'Standalone', 'version_184']",70001777,SENS_EVENT_MEASURE,124 cm,3610 mV,19 C,0 Degree,94 Times,
3751,2465096,70B3D50070001777,1603486015519,FES Receiver,2020-10-23 22:46:55.72089,"['SS', 'Standalone', 'version_184']",70001777,SENS_EVENT_MEASURE,122 cm,3610 mV,17 C,1 Degree,95 Times,
3750,2466307,70B3D50070001777,1603493215226,FES Receiver,2020-10-24 00:46:55.429703,"['SS', 'Standalone', 'version_184']",70001777,SENS_EVENT_MEASURE,122 cm,3610 mV,13 C,0 Degree,97 Times,
3749,2468116,70B3D50070001777,1603504014807,FES Receiver,2020-10-24 03:46:55.01086,"['SS', 'Standalone', 'version_184']",70001777,SENS_EVENT_MEASURE,122 cm,3600 mV,15 C,0 Degree,100 Times,
3748,2468711,70B3D50070001777,1603507614681,FES Receiver,2020-10-24 04:46:54.924301,"['SS', 'Standalone', 'version_184']",70001777,SENS_EVENT_MEASURE,122 cm,3600 mV,14 C,0 Degree,101 Times,
3747,2469307,70B3D50070001777,1603511214534,FES Receiver,2020-10-24 05:46:54.752538,"['SS', 'Standalone', 'version_184']",70001777,SENS_EVENT_MEASURE,122 cm,3600 mV,14 C,1 Degree,102 Times,
3746,2469904,70B3D50070001777,1603514814408,FES Receiver,2020-10-24 06:46:54.607144,"['SS', 'Standalone', 'version_184']",70001777,SENS_EVENT_MEASURE,122 cm,3600 mV,14 C,0 Degree,103 Times,
3745,2470519,70B3D50070001777,1603518414274,FES Receiver,2020-10-24 07:46:54.475394,"['SS', 'Standalone', 'version_184']",70001777,SENS_EVENT_MEASURE,122 cm,3600 mV,13 C,0 Degree,104 Times,
3744,2471126,70B3D50070001777,1603522014135,FES Receiver,2020-10-24 08:46:54.332529,"['SS', 'Standalone', 'version_184']",70001777,SENS_EVENT_MEASURE,122 cm,3600 mV,12 C,1 Degree,105 Times,
3743,2471725,70B3D50070001777,1603525613989,FES Receiver,2020-10-24 09:46:54.187764,"['SS', 'Standalone', 'version_184']",70001777,SENS_EVENT_MEASURE,122 cm,3600 mV,15 C,0 Degree,106 Times,
3742,2472914,70B3D50070001777,1603532813656,FES Receiver,2020-10-24 11:46:53.856134,"['SS', 'Standalone', 'version_184']",70001777,SENS_EVENT_MEASURE,124 cm,3620 mV,19 C,1 Degree,108 Times,
3741,2473502,70B3D50070001777,1603536413390,FES Receiver,2020-10-24 12:46:53.588377,"['SS', 'Standalone', 'version_184']",70001777,SENS_EVENT_MEASURE,122 cm,3620 mV,18 C,1 Degree,109 Times,
3740,2474087,70B3D50070001777,1603540013224,FES Receiver,2020-10-24 13:46:53.423857,"['SS', 'Standalone', 'version_184']",70001777,SENS_EVENT_MEASURE,120 cm,3630 mV,23 C,0 Degree,110 Times,
3739,2474681,70B3D50070001777,1603543613203,FES Receiver,2020-10-24 14:46:53.401946,"['SS', 'Standalone', 'version_184']",70001777,SENS_EVENT_MEASURE,120 cm,3630 mV,19 C,0 Degree,111 Times,
3738,2475853,70B3D50070001777,1603550812765,FES Receiver,2020-10-24 16:46:52.96351,"['SS', 'Standalone', 'version_184']",70001777,SENS_EVENT_MEASURE,114 cm,3620 mV,18 C,0 Degree,113 Times,
3737,2476433,70B3D50070001777,1603554392619,FES Receiver,2020-10-24 17:46:32.817174,"['SS', 'Standalone', 'version_184']",70001777,SENS_EVENT_MEASURE,114 cm,3620 mV,18 C,1 Degree,114 Times,
3736,2477648,70B3D50070001777,1603561593999,FES Receiver,2020-10-24 19:46:34.198003,"['SS', 'Standalone', 'version_184']",70001777,SENS_EVENT_MEASURE,118 cm,3610 mV,17 C,0 Degree,116 Times,
3735,2478245,70B3D50070001777,1603565193853,FES Receiver,2020-10-24 20:46:34.050664,"['SS', 'Standalone', 'version_184']",70001777,SENS_EVENT_MEASURE,112 cm,3610 mV,17 C,0 Degree,117 Times,
3734,2478845,70B3D50070001777,1603568793707,FES Receiver,2020-10-24 21:46:33.910856,"['SS', 'Standalone', 'version_184']",70001777,SENS_EVENT_MEASURE,112 cm,3610 mV,15 C,0 Degree,118 Times,
3733,2479462,70B3D50070001777,1603572393560,FES Receiver,2020-10-24 22:46:33.782652,"['SS', 'Standalone', 'version_184']",70001777,SENS_EVENT_MEASURE,112 cm,3610 mV,17 C,0 Degree,119 Times,
3732,2480077,70B3D50070001777,1603575993414,FES Receiver,2020-10-24 23:46:33.618081,"['SS', 'Standalone', 'version_184']",70001777,SENS_EVENT_MEASURE,112 cm,3610 mV,18 C,0 Degree,120 Times,
3731,2480672,70B3D50070001777,1603579593328,FES Receiver,2020-10-25 00:46:33.525775,"['SS', 'Standalone', 'version_184']",70001777,SENS_EVENT_MEASURE,112 cm,3610 mV,15 C,0 Degree,121 Times,
3730,2481287,70B3D50070001777,1603583193181,FES Receiver,2020-10-25 01:46:33.378387,"['SS', 'Standalone', 'version_184']",70001777,SENS_EVENT_MEASURE,112 cm,3610 mV,15 C,1 Degree,122 Times,
3729,2482473,70B3D50070001777,1603590392888,FES Receiver,2020-10-25 02:46:33.085404,"['SS', 'Standalone', 'version_184']",70001777,SENS_EVENT_MEASURE,112 cm,3610 mV,15 C,0 Degree,124 Times,
3728,2481871,70B3D50070001777,1603586793035,FES Receiver,2020-10-25 02:46:33.232487,"['SS', 'Standalone', 'version_184']",70001777,SENS_EVENT_MEASURE,112 cm,3610 mV,16 C,0 Degree,123 Times,
3727,2483650,70B3D50070001777,1603597592670,FES Receiver,2020-10-25 04:46:32.867133,"['SS', 'Standalone', 'version_184']",70001777,SENS_EVENT_MEASURE,112 cm,3600 mV,13 C,0 Degree,126 Times,
3726,2484241,70B3D50070001777,1603601192522,FES Receiver,2020-10-25 05:46:32.719884,"['SS', 'Standalone', 'version_184']",70001777,SENS_EVENT_MEASURE,112 cm,3600 mV,13 C,0 Degree,127 Times,
3725,2485454,70B3D50070001777,1603608392297,FES Receiver,2020-10-25 07:46:32.503536,"['SS', 'Standalone', 'version_184']",70001777,SENS_EVENT_MEASURE,112 cm,3600 mV,13 C,1 Degree,129 Times,
3724,2486047,70B3D50070001777,1603611992155,FES Receiver,2020-10-25 08:46:32.368158,"['SS', 'Standalone', 'version_184']",70001777,SENS_EVENT_MEASURE,112 cm,3600 mV,14 C,0 Degree,130 Times,
3723,2486643,70B3D50070001777,1603615591964,FES Receiver,2020-10-25 09:46:32.162994,"['SS', 'Standalone', 'version_184']",70001777,SENS_EVENT_MEASURE,112 cm,3610 mV,17 C,0 Degree,131 Times,
3722,2487236,70B3D50070001777,1603619191658,FES Receiver,2020-10-25 10:46:31.854702,"['SS', 'Standalone', 'version_184']",70001777,SENS_EVENT_MEASURE,112 cm,3630 mV,20 C,0 Degree,132 Times,
3721,2487836,70B3D50070001777,1603622791471,FES Receiver,2020-10-25 11:46:31.668425,"['SS', 'Standalone', 'version_184']",70001777,SENS_EVENT_MEASURE,112 cm,3640 mV,24 C,0 Degree,133 Times,
3720,2488426,70B3D50070001777,1603626391305,FES Receiver,2020-10-25 12:46:31.502036,"['SS', 'Standalone', 'version_184']",70001777,SENS_EVENT_MEASURE,112 cm,3630 mV,20 C,0 Degree,134 Times,
3719,2489627,70B3D50070001777,1603633591113,FES Receiver,2020-10-25 14:46:31.311806,"['SS', 'Standalone', 'version_184']",70001777,SENS_EVENT_MEASURE,112 cm,3630 mV,18 C,0 Degree,136 Times,
3718,2490255,70B3D50070001777,1603637190946,FES Receiver,2020-10-25 15:46:31.143739,"['SS', 'Standalone', 'version_184']",70001777,SENS_EVENT_MEASURE,114 cm,3620 mV,18 C,1 Degree,137 Times,
3717,2490870,70B3D50070001777,1603640790798,FES Receiver,2020-10-25 16:46:30.996901,"['SS', 'Standalone', 'version_184']",70001777,SENS_EVENT_MEASURE,118 cm,3620 mV,18 C,1 Degree,138 Times,
3716,2491481,70B3D50070001777,1603644390633,FES Receiver,2020-10-25 17:46:30.830236,"['SS', 'Standalone', 'version_184']",70001777,SENS_EVENT_MEASURE,118 cm,3610 mV,18 C,0 Degree,139 Times,
3715,2492091,70B3D50070001777,1603647990486,FES Receiver,2020-10-25 18:46:30.684361,"['SS', 'Standalone', 'version_184']",70001777,SENS_EVENT_MEASURE,118 cm,3610 mV,17 C,1 Degree,140 Times,
3714,2493304,70B3D50070001777,1603655191887,FES Receiver,2020-10-25 20:46:32.086628,"['SS', 'Standalone', 'version_184']",70001777,SENS_EVENT_MEASURE,120 cm,3600 mV,15 C,0 Degree,142 Times,
3713,2494547,70B3D50070001777,1603662391588,FES Receiver,2020-10-25 22:46:31.784737,"['SS', 'Standalone', 'version_184']",70001777,SENS_EVENT_MEASURE,132 cm,3600 mV,16 C,0 Degree,144 Times,
3712,2495786,70B3D50070001777,1603669591335,FES Receiver,2020-10-26 00:46:31.541097,"['SS', 'Standalone', 'version_184']",70001777,SENS_EVENT_MEASURE,130 cm,3600 mV,15 C,0 Degree,146 Times,
3711,2496402,70B3D50070001777,1603673191189,FES Receiver,2020-10-26 01:46:31.382557,"['SS', 'Standalone', 'version_184']",70001777,SENS_EVENT_MEASURE,124 cm,3600 mV,12 C,0 Degree,147 Times,
3710,2497001,70B3D50070001777,1603676791062,FES Receiver,2020-10-26 02:46:31.256798,"['SS', 'Standalone', 'version_184']",70001777,SENS_EVENT_MEASURE,122 cm,3600 mV,13 C,0 Degree,148 Times,
3709,2497616,70B3D50070001777,1603680390916,FES Receiver,2020-10-26 03:46:31.110385,"['SS', 'Standalone', 'version_184']",70001777,SENS_EVENT_MEASURE,124 cm,3600 mV,15 C,0 Degree,149 Times,
3708,2498830,70B3D50070001777,1603687590663,FES Receiver,2020-10-26 05:46:30.858137,"['SS', 'Standalone', 'version_184']",70001777,SENS_EVENT_MEASURE,118 cm,3600 mV,12 C,1 Degree,151 Times,
3707,2499455,70B3D50070001777,1603691190517,FES Receiver,2020-10-26 06:46:30.725532,"['SS', 'Standalone', 'version_184']",70001777,SENS_EVENT_MEASURE,118 cm,3600 mV,12 C,0 Degree,152 Times,
3706,2500564,70B3D50070001777,1603698390264,FES Receiver,2020-10-26 08:46:30.470395,"['SS', 'Standalone', 'version_184']",70001777,SENS_EVENT_MEASURE,114 cm,3600 mV,14 C,0 Degree,154 Times,
3705,2501129,70B3D50070001777,1603701990117,FES Receiver,2020-10-26 09:46:30.312397,"['SS', 'Standalone', 'version_184']",70001777,SENS_EVENT_MEASURE,106 cm,3600 mV,14 C,0 Degree,155 Times,
3704,2501803,70B3D50070001777,1603705589991,FES Receiver,2020-10-26 10:46:30.189602,"['SS', 'Standalone', 'version_184']",70001777,SENS_EVENT_MEASURE,112 cm,3600 mV,12 C,0 Degree,156 Times,
3703,2502422,70B3D50070001777,1603709189864,FES Receiver,2020-10-26 11:46:30.071918,"['SS', 'Standalone', 'version_184']",70001777,SENS_EVENT_MEASURE,114 cm,3600 mV,13 C,1 Degree,157 Times,
3702,2503788,70B3D50070001777,1603716389572,FES Receiver,2020-10-26 13:46:29.766823,"['SS', 'Standalone', 'version_184']",70001777,SENS_EVENT_MEASURE,104 cm,3610 mV,15 C,0 Degree,159 Times,
3701,2504441,70B3D50070001777,1603719989427,FES Receiver,2020-10-26 14:46:29.620717,"['SS', 'Standalone', 'version_184']",70001777,SENS_EVENT_MEASURE,106 cm,3610 mV,16 C,0 Degree,160 Times,
3700,2505735,70B3D50070001777,1603727189192,FES Receiver,2020-10-26 16:46:29.385595,"['SS', 'Standalone', 'version_184']",70001777,SENS_EVENT_MEASURE,100 cm,3600 mV,15 C,1 Degree,162 Times,
3699,2506334,70B3D50070001777,1603730789066,FES Receiver,2020-10-26 17:46:29.261383,"['SS', 'Standalone', 'version_184']",70001777,SENS_EVENT_MEASURE,100 cm,3600 mV,13 C,0 Degree,163 Times,
3698,2506922,70B3D50070001777,1603734388900,FES Receiver,2020-10-26 18:46:29.092834,"['SS', 'Standalone', 'version_184']",70001777,SENS_EVENT_MEASURE,102 cm,3600 mV,13 C,0 Degree,164 Times,
3697,2507506,70B3D50070001777,1603737990378,FES Receiver,2020-10-26 19:46:30.577594,"['SS', 'Standalone', 'version_184']",70001777,SENS_EVENT_MEASURE,112 cm,3600 mV,13 C,0 Degree,165 Times,
3696,2508722,70B3D50070001777,1603745190146,FES Receiver,2020-10-26 21:46:30.357894,"['SS', 'Standalone', 'version_184']",70001777,SENS_EVENT_MEASURE,112 cm,3590 mV,11 C,0 Degree,167 Times,
3695,2509343,70B3D50070001777,1603748790039,FES Receiver,2020-10-26 22:46:30.241204,"['SS', 'Standalone', 'version_184']",70001777,SENS_EVENT_MEASURE,120 cm,3590 mV,11 C,0 Degree,168 Times,
3694,2509942,70B3D50070001777,1603752389893,FES Receiver,2020-10-26 23:46:30.091003,"['SS', 'Standalone', 'version_184']",70001777,SENS_EVENT_MEASURE,122 cm,3590 mV,11 C,0 Degree,169 Times,
3693,2510551,70B3D50070001777,1603755989806,FES Receiver,2020-10-27 00:46:30.102693,"['SS', 'Standalone', 'version_184']",70001777,SENS_EVENT_MEASURE,112 cm,3590 mV,11 C,1 Degree,170 Times,
3692,2511167,70B3D50070001777,1603759589680,FES Receiver,2020-10-27 01:46:30.012986,"['SS', 'Standalone', 'version_184']",70001777,SENS_EVENT_MEASURE,112 cm,3580 mV,9 C,0 Degree,171 Times,
3691,2511771,70B3D50070001777,1603763189573,FES Receiver,2020-10-27 02:46:30.268963,"['SS', 'Standalone', 'version_184']",70001777,SENS_EVENT_MEASURE,114 cm,3580 mV,12 C,0 Degree,172 Times,
3690,2512962,70B3D50070001777,1603770389340,FES Receiver,2020-10-27 04:46:29.538351,"['SS', 'Standalone', 'version_184']",70001777,SENS_EVENT_MEASURE,112 cm,3590 mV,11 C,0 Degree,174 Times,
3689,2513589,70B3D50070001777,1603773989234,FES Receiver,2020-10-27 05:46:29.432237,"['SS', 'Standalone', 'version_184']",70001777,SENS_EVENT_MEASURE,112 cm,3590 mV,11 C,0 Degree,175 Times,
3688,2514211,70B3D50070001777,1603777589107,FES Receiver,2020-10-27 06:46:29.314641,"['SS', 'Standalone', 'version_184']",70001777,SENS_EVENT_MEASURE,108 cm,3590 mV,10 C,0 Degree,176 Times,
3687,2514812,70B3D50070001777,1603781188993,FES Receiver,2020-10-27 07:46:29.19105,"['SS', 'Standalone', 'version_184']",70001777,SENS_EVENT_MEASURE,110 cm,3590 mV,11 C,0 Degree,177 Times,
3686,2515485,70B3D50070001777,1603784788875,FES Receiver,2020-10-27 08:46:29.073039,"['SS', 'Standalone', 'version_184']",70001777,SENS_EVENT_MEASURE,100 cm,3600 mV,13 C,0 Degree,178 Times,
3685,2516155,70B3D50070001777,1603788388734,FES Receiver,2020-10-27 09:46:28.932392,"['SS', 'Standalone', 'version_184']",70001777,SENS_EVENT_MEASURE,112 cm,3600 mV,13 C,1 Degree,179 Times,
3684,2516781,70B3D50070001777,1603791988442,FES Receiver,2020-10-27 10:46:28.640273,"['SS', 'Standalone', 'version_184']",70001777,SENS_EVENT_MEASURE,96 cm,3600 mV,15 C,1 Degree,180 Times,
3683,2517428,70B3D50070001777,1603795588396,FES Receiver,2020-10-27 11:46:28.595008,"['SS', 'Standalone', 'version_184']",70001777,SENS_EVENT_MEASURE,92 cm,3620 mV,19 C,0 Degree,181 Times,
3682,2518018,70B3D50070001777,1603799188249,FES Receiver,2020-10-27 12:46:28.459739,"['SS', 'Standalone', 'version_184']",70001777,SENS_EVENT_MEASURE,94 cm,3610 mV,14 C,0 Degree,182 Times,
3681,2518598,70B3D50070001777,1603802788103,FES Receiver,2020-10-27 13:46:28.305497,"['SS', 'Standalone', 'version_184']",70001777,SENS_EVENT_MEASURE,94 cm,3610 mV,15 C,0 Degree,183 Times,
3680,2519202,70B3D50070001777,1603806387957,FES Receiver,2020-10-27 14:46:28.157868,"['SS', 'Standalone', 'version_184']",70001777,SENS_EVENT_MEASURE,92 cm,3610 mV,15 C,0 Degree,184 Times,
3679,2519815,70B3D50070001777,1603809987713,FES Receiver,2020-10-27 15:46:27.910941,"['SS', 'Standalone', 'version_184']",70001777,SENS_EVENT_MEASURE,96 cm,3610 mV,15 C,0 Degree,185 Times,
3678,2520479,70B3D50070001777,1603813587697,FES Receiver,2020-10-27 16:46:27.895407,"['SS', 'Standalone', 'version_184']",70001777,SENS_EVENT_MEASURE,92 cm,3610 mV,15 C,0 Degree,186 Times,
3677,2521737,70B3D50070001777,1603820787344,FES Receiver,2020-10-27 18:46:27.542679,"['SS', 'Standalone', 'version_184']",70001777,SENS_EVENT_MEASURE,90 cm,3600 mV,13 C,0 Degree,188 Times,
3676,2522355,70B3D50070001777,1603824388800,FES Receiver,2020-10-27 19:46:28.996903,"['SS', 'Standalone', 'version_184']",70001777,SENS_EVENT_MEASURE,90 cm,3600 mV,13 C,0 Degree,189 Times,
3675,2522991,70B3D50070001777,1603827988674,FES Receiver,2020-10-27 20:46:28.871247,"['SS', 'Standalone', 'version_184']",70001777,SENS_EVENT_MEASURE,90 cm,3600 mV,13 C,0 Degree,190 Times,
3674,2523596,70B3D50070001777,1603831588567,FES Receiver,2020-10-27 21:46:28.764604,"['SS', 'Standalone', 'version_184']",70001777,SENS_EVENT_MEASURE,90 cm,3600 mV,11 C,0 Degree,191 Times,
3673,2524220,70B3D50070001777,1603835188422,FES Receiver,2020-10-27 22:46:28.62357,"['SS', 'Standalone', 'version_184']",70001777,SENS_EVENT_MEASURE,90 cm,3600 mV,13 C,0 Degree,192 Times,
3672,2524833,70B3D50070001777,1603838788295,FES Receiver,2020-10-27 23:46:28.493218,"['SS', 'Standalone', 'version_184']",70001777,SENS_EVENT_MEASURE,90 cm,3600 mV,15 C,0 Degree,193 Times,
3671,2526055,70B3D50070001777,1603845988022,FES Receiver,2020-10-28 01:46:28.221381,"['SS', 'Standalone', 'version_184']",70001777,SENS_EVENT_MEASURE,90 cm,3600 mV,13 C,1 Degree,195 Times,
3670,2527255,70B3D50070001777,1603853187769,FES Receiver,2020-10-28 03:46:27.966454,"['SS', 'Standalone', 'version_184']",70001777,SENS_EVENT_MEASURE,90 cm,3600 mV,13 C,0 Degree,197 Times,
3669,2527854,70B3D50070001777,1603856787643,FES Receiver,2020-10-28 04:46:27.868001,"['SS', 'Standalone', 'version_184']",70001777,SENS_EVENT_MEASURE,90 cm,3600 mV,13 C,1 Degree,198 Times,
3668,2528467,70B3D50070001777,1603860387597,FES Receiver,2020-10-28 05:46:27.794459,"['SS', 'Standalone', 'version_184']",70001777,SENS_EVENT_MEASURE,90 cm,3600 mV,13 C,0 Degree,199 Times,
3667,2529079,70B3D50070001777,1603863987449,FES Receiver,2020-10-28 06:46:27.685793,"['SS', 'Standalone', 'version_184']",70001777,SENS_EVENT_MEASURE,90 cm,3600 mV,12 C,0 Degree,200 Times,
3666,2529724,70B3D50070001777,1603867587444,FES Receiver,2020-10-28 07:46:27.642036,"['SS', 'Standalone', 'version_184']",70001777,SENS_EVENT_MEASURE,92 cm,3600 mV,13 C,1 Degree,201 Times,
3665,2530377,70B3D50070001777,1603871187290,FES Receiver,2020-10-28 08:46:27.487356,"['SS', 'Standalone', 'version_184']",70001777,SENS_EVENT_MEASURE,92 cm,3600 mV,13 C,0 Degree,202 Times,
3664,2530791,70B3D50070001777,1603874787154,FES Receiver,2020-10-28 09:46:27.351507,"['SS', 'Standalone', 'version_184']",70001777,SENS_EVENT_MEASURE,84 cm,3600 mV,13 C,0 Degree,203 Times,
3663,2531212,70B3D50070001777,1603878387029,FES Receiver,2020-10-28 10:46:27.226096,"['SS', 'Standalone', 'version_184']",70001777,SENS_EVENT_MEASURE,84 cm,3610 mV,14 C,0 Degree,204 Times,
3662,2531716,70B3D50070001777,1603881986859,FES Receiver,2020-10-28 11:46:27.055919,"['SS', 'Standalone', 'version_184']",70001777,SENS_EVENT_MEASURE,86 cm,3620 mV,16 C,1 Degree,205 Times,
3661,2532253,70B3D50070001777,1603885586712,FES Receiver,2020-10-28 12:46:26.917425,"['SS', 'Standalone', 'version_184']",70001777,SENS_EVENT_MEASURE,84 cm,3610 mV,15 C,0 Degree,206 Times,
3660,2532757,70B3D50070001777,1603889186566,FES Receiver,2020-10-28 13:46:26.763773,"['SS', 'Standalone', 'version_184']",70001777,SENS_EVENT_MEASURE,124 cm,3620 mV,18 C,0 Degree,207 Times,
3659,2533287,70B3D50070001777,1603892786400,FES Receiver,2020-10-28 14:46:26.596684,"['SS', 'Standalone', 'version_184']",70001777,SENS_EVENT_MEASURE,124 cm,3610 mV,17 C,0 Degree,208 Times,
3658,2533828,70B3D50070001777,1603896386174,FES Receiver,2020-10-28 15:46:26.394782,"['SS', 'Standalone', 'version_184']",70001777,SENS_EVENT_MEASURE,124 cm,3620 mV,17 C,0 Degree,209 Times,
3657,2534665,70B3D50070001777,1603903586021,FES Receiver,2020-10-28 17:46:26.22292,"['SS', 'Standalone', 'version_184']",70001777,SENS_EVENT_MEASURE,124 cm,3610 mV,16 C,1 Degree,211 Times,
3656,2535444,70B3D50070001777,1603910787282,FES Receiver,2020-10-28 19:46:27.525445,"['SS', 'Standalone', 'version_184']",70001777,SENS_EVENT_MEASURE,124 cm,3610 mV,15 C,0 Degree,213 Times,
3655,2535831,70B3D50070001777,1603914387154,FES Receiver,2020-10-28 20:46:27.357219,"['SS', 'Standalone', 'version_184']",70001777,SENS_EVENT_MEASURE,124 cm,3610 mV,14 C,0 Degree,214 Times,
3654,2536246,70B3D50070001777,1603917987080,FES Receiver,2020-10-28 21:46:27.303566,"['SS', 'Standalone', 'version_184']",70001777,SENS_EVENT_MEASURE,124 cm,3610 mV,14 C,0 Degree,215 Times,
3653,2536657,70B3D50070001777,1603921586774,FES Receiver,2020-10-28 22:46:26.980031,"['SS', 'Standalone', 'version_184']",70001777,SENS_EVENT_MEASURE,124 cm,3610 mV,15 C,0 Degree,216 Times,
3652,2537034,70B3D50070001777,1603925186615,FES Receiver,2020-10-28 23:46:26.824592,"['SS', 'Standalone', 'version_184']",70001777,SENS_EVENT_MEASURE,124 cm,3610 mV,15 C,1 Degree,217 Times,
3651,2538181,70B3D50070001777,1603935986215,FES Receiver,2020-10-29 02:46:26.680122,"['SS', 'Standalone', 'version_184']",70001777,SENS_EVENT_MEASURE,124 cm,3600 mV,15 C,0 Degree,220 Times,
3650,2538581,70B3D50070001777,1603939586068,FES Receiver,2020-10-29 03:46:26.300618,"['SS', 'Standalone', 'version_184']",70001777,SENS_EVENT_MEASURE,124 cm,3600 mV,14 C,1 Degree,221 Times,
3649,2539387,70B3D50070001777,1603946785855,FES Receiver,2020-10-29 05:46:26.339054,"['SS', 'Standalone', 'version_184']",70001777,SENS_EVENT_MEASURE,126 cm,3600 mV,13 C,0 Degree,223 Times,
3648,2539787,70B3D50070001777,1603950385669,FES Receiver,2020-10-29 06:46:25.868304,"['SS', 'Standalone', 'version_184']",70001777,SENS_EVENT_MEASURE,124 cm,3600 mV,13 C,1 Degree,224 Times,
3647,2540071,70B3D50070001777,1603953985543,FES Receiver,2020-10-29 07:46:25.740406,"['SS', 'Standalone', 'version_184']",70001777,SENS_EVENT_MEASURE,126 cm,3600 mV,12 C,0 Degree,225 Times,
3646,2540345,70B3D50070001777,1603957585416,FES Receiver,2020-10-29 08:46:25.613864,"['SS', 'Standalone', 'version_184']",70001777,SENS_EVENT_MEASURE,124 cm,3600 mV,13 C,1 Degree,226 Times,
3645,2540733,70B3D50070001777,1603961185136,FES Receiver,2020-10-29 09:46:25.333936,"['SS', 'Standalone', 'version_184']",70001777,SENS_EVENT_MEASURE,122 cm,3620 mV,20 C,1 Degree,227 Times,
3644,2541130,70B3D50070001777,1603964784996,FES Receiver,2020-10-29 10:46:25.196149,"['SS', 'Standalone', 'version_184']",70001777,SENS_EVENT_MEASURE,122 cm,3630 mV,17 C,1 Degree,228 Times,
3643,2541487,70B3D50070001777,1603968384838,FES Receiver,2020-10-29 11:46:25.034694,"['SS', 'Standalone', 'version_184']",70001777,SENS_EVENT_MEASURE,122 cm,3620 mV,19 C,0 Degree,229 Times,
3642,2542257,70B3D50070001777,1603975584624,FES Receiver,2020-10-29 13:46:24.821126,"['SS', 'Standalone', 'version_184']",70001777,SENS_EVENT_MEASURE,122 cm,3610 mV,15 C,0 Degree,231 Times,
3641,2542644,70B3D50070001777,1603979184498,FES Receiver,2020-10-29 14:46:24.701522,"['SS', 'Standalone', 'version_184']",70001777,SENS_EVENT_MEASURE,122 cm,3610 mV,16 C,0 Degree,232 Times,
3640,2543023,70B3D50070001777,1603982784292,FES Receiver,2020-10-29 15:46:24.490867,"['SS', 'Standalone', 'version_184']",70001777,SENS_EVENT_MEASURE,122 cm,3610 mV,14 C,0 Degree,233 Times,
3639,2543411,70B3D50070001777,1603986384166,FES Receiver,2020-10-29 16:46:24.362104,"['SS', 'Standalone', 'version_184']",70001777,SENS_EVENT_MEASURE,136 cm,3600 mV,13 C,1 Degree,234 Times,
3638,2544207,70B3D50070001777,1603993583893,FES Receiver,2020-10-29 18:46:24.091161,"['SS', 'Standalone', 'version_184']",70001777,SENS_EVENT_MEASURE,122 cm,3600 mV,14 C,1 Degree,236 Times,
3637,2545422,70B3D50070001777,1604004385088,FES Receiver,2020-10-29 21:46:25.286607,"['SS', 'Standalone', 'version_184']",70001777,SENS_EVENT_MEASURE,122 cm,3600 mV,13 C,0 Degree,239 Times,
3636,2545847,70B3D50070001777,1604007984961,FES Receiver,2020-10-29 22:46:25.163137,"['SS', 'Standalone', 'version_184']",70001777,SENS_EVENT_MEASURE,122 cm,3600 mV,12 C,0 Degree,240 Times,
3635,2546247,70B3D50070001777,1604011584835,FES Receiver,2020-10-29 23:46:25.037639,"['SS', 'Standalone', 'version_184']",70001777,SENS_EVENT_MEASURE,122 cm,3600 mV,13 C,1 Degree,241 Times,
3634,2546646,70B3D50070001777,1604015184709,FES Receiver,2020-10-30 00:46:24.907045,"['SS', 'Standalone', 'version_184']",70001777,SENS_EVENT_MEASURE,122 cm,3600 mV,12 C,1 Degree,242 Times,
3633,2547049,70B3D50070001777,1604018784562,FES Receiver,2020-10-30 01:46:24.761462,"['SS', 'Standalone', 'version_184']",70001777,SENS_EVENT_MEASURE,122 cm,3600 mV,13 C,0 Degree,243 Times,
3632,2548235,70B3D50070001777,1604029584143,FES Receiver,2020-10-30 04:46:24.342547,"['SS', 'Standalone', 'version_184']",70001777,SENS_EVENT_MEASURE,122 cm,3600 mV,13 C,0 Degree,246 Times,
3631,2548618,70B3D50070001777,1604033184017,FES Receiver,2020-10-30 05:46:24.215842,"['SS', 'Standalone', 'version_184']",70001777,SENS_EVENT_MEASURE,122 cm,3600 mV,15 C,0 Degree,247 Times,
3630,2549022,70B3D50070001777,1604036783871,FES Receiver,2020-10-30 06:46:24.069717,"['SS', 'Standalone', 'version_184']",70001777,SENS_EVENT_MEASURE,122 cm,3610 mV,14 C,0 Degree,248 Times,
3629,2549414,70B3D50070001777,1604040383747,FES Receiver,2020-10-30 07:46:23.946283,"['SS', 'Standalone', 'version_184']",70001777,SENS_EVENT_MEASURE,122 cm,3610 mV,16 C,0 Degree,249 Times,
3628,2549793,70B3D50070001777,1604043983598,FES Receiver,2020-10-30 08:46:23.810556,"['SS', 'Standalone', 'version_184']",70001777,SENS_EVENT_MEASURE,120 cm,3610 mV,13 C,0 Degree,250 Times,
3627,2550178,70B3D50070001777,1604047583372,FES Receiver,2020-10-30 09:46:23.56977,"['SS', 'Standalone', 'version_184']",70001777,SENS_EVENT_MEASURE,122 cm,3610 mV,15 C,0 Degree,251 Times,
3626,2551318,70B3D50070001777,1604058382973,FES Receiver,2020-10-30 12:46:23.206377,"['SS', 'Standalone', 'version_184']",70001777,SENS_EVENT_MEASURE,122 cm,3610 mV,17 C,0 Degree,254 Times,
3625,2551697,70B3D50070001777,1604061982847,FES Receiver,2020-10-30 13:46:23.058005,"['SS', 'Standalone', 'version_184']",70001777,SENS_EVENT_MEASURE,120 cm,3610 mV,18 C,1 Degree,255 Times,
3624,2552084,70B3D50070001777,1604065582701,FES Receiver,2020-10-30 14:46:22.900789,"['SS', 'Standalone', 'version_184']",70001777,SENS_EVENT_MEASURE,120 cm,3610 mV,17 C,0 Degree,0 Times,
3623,2552477,70B3D50070001777,1604069182535,FES Receiver,2020-10-30 15:46:22.733937,"['SS', 'Standalone', 'version_184']",70001777,SENS_EVENT_MEASURE,118 cm,3610 mV,17 C,0 Degree,1 Times,
3622,2553262,70B3D50070001777,1604076382242,FES Receiver,2020-10-30 17:46:22.442306,"['SS', 'Standalone', 'version_184']",70001777,SENS_EVENT_MEASURE,120 cm,3610 mV,15 C,0 Degree,3 Times,
3621,2553658,70B3D50070001777,1604079982089,FES Receiver,2020-10-30 18:46:22.307592,"['SS', 'Standalone', 'version_184']",70001777,SENS_EVENT_MEASURE,120 cm,3610 mV,17 C,0 Degree,4 Times,
3620,2554448,70B3D50070001777,1604087183375,FES Receiver,2020-10-30 20:46:23.570809,"['SS', 'Standalone', 'version_184']",70001777,SENS_EVENT_MEASURE,128 cm,3610 mV,16 C,0 Degree,6 Times,
3619,2554840,70B3D50070001777,1604090783229,FES Receiver,2020-10-30 21:46:23.4248,"['SS', 'Standalone', 'version_184']",70001777,SENS_EVENT_MEASURE,128 cm,3610 mV,15 C,0 Degree,7 Times,
3618,2555269,70B3D50070001777,1604094396123,FES Receiver,2020-10-30 22:46:36.339536,"['SS', 'Standalone', 'version_184']",70001777,SENS_EVENT_MEASURE,132 cm,3610 mV,17 C,1 Degree,8 Times,
3617,2555658,70B3D50070001777,1604097982996,FES Receiver,2020-10-30 23:46:23.204017,"['SS', 'Standalone', 'version_184']",70001777,SENS_EVENT_MEASURE,128 cm,3610 mV,15 C,0 Degree,9 Times,
3616,2556056,70B3D50070001777,1604101582850,FES Receiver,2020-10-31 00:46:23.047037,"['SS', 'Standalone', 'version_184']",70001777,SENS_EVENT_MEASURE,132 cm,3610 mV,16 C,0 Degree,10 Times,
3615,2556874,70B3D50070001777,1604108782577,FES Receiver,2020-10-31 02:46:22.780951,"['SS', 'Standalone', 'version_184']",70001777,SENS_EVENT_MEASURE,128 cm,3610 mV,15 C,0 Degree,12 Times,
3614,2557287,70B3D50070001777,1604112382384,FES Receiver,2020-10-31 03:46:22.585182,"['SS', 'Standalone', 'version_184']",70001777,SENS_EVENT_MEASURE,128 cm,3610 mV,15 C,1 Degree,13 Times,
3613,2557684,70B3D50070001777,1604115982257,FES Receiver,2020-10-31 04:46:22.454031,"['SS', 'Standalone', 'version_184']",70001777,SENS_EVENT_MEASURE,128 cm,3610 mV,14 C,0 Degree,14 Times,
3612,2558094,70B3D50070001777,1604119582098,FES Receiver,2020-10-31 05:46:22.29447,"['SS', 'Standalone', 'version_184']",70001777,SENS_EVENT_MEASURE,128 cm,3600 mV,13 C,1 Degree,15 Times,
3611,2558478,70B3D50070001777,1604123181952,FES Receiver,2020-10-31 06:46:22.147306,"['SS', 'Standalone', 'version_184']",70001777,SENS_EVENT_MEASURE,136 cm,3600 mV,15 C,0 Degree,16 Times,
3610,2559655,70B3D50070001777,1604133981553,FES Receiver,2020-10-31 09:46:21.762051,"['SS', 'Standalone', 'version_184']",70001777,SENS_EVENT_MEASURE,122 cm,3610 mV,17 C,0 Degree,19 Times,
3609,2560050,70B3D50070001777,1604137581367,FES Receiver,2020-10-31 10:46:21.562533,"['SS', 'Standalone', 'version_184']",70001777,SENS_EVENT_MEASURE,120 cm,3620 mV,18 C,0 Degree,20 Times,
3608,2560432,70B3D50070001777,1604141181081,FES Receiver,2020-10-31 11:46:21.278782,"['SS', 'Standalone', 'version_184']",70001777,SENS_EVENT_MEASURE,110 cm,3620 mV,19 C,1 Degree,21 Times,
3607,2561225,70B3D50070001777,1604148380728,FES Receiver,2020-10-31 13:46:20.925106,"['SS', 'Standalone', 'version_184']",70001777,SENS_EVENT_MEASURE,108 cm,3630 mV,18 C,0 Degree,23 Times,
3606,2561587,70B3D50070001777,1604151980722,FES Receiver,2020-10-31 14:46:20.923638,"['SS', 'Standalone', 'version_184']",70001777,SENS_EVENT_MEASURE,108 cm,3620 mV,18 C,1 Degree,24 Times,
3605,2561853,70B3D50070001777,1604155580570,FES Receiver,2020-10-31 15:46:20.774439,"['SS', 'Standalone', 'version_184']",70001777,SENS_EVENT_MEASURE,106 cm,3620 mV,19 C,0 Degree,25 Times,
3604,2562435,70B3D50070001777,1604162780263,FES Receiver,2020-10-31 17:46:20.467327,"['SS', 'Standalone', 'version_184']",70001777,SENS_EVENT_MEASURE,102 cm,3610 mV,16 C,0 Degree,27 Times,
3603,2562730,70B3D50070001777,1604166380117,FES Receiver,2020-10-31 18:46:20.312944,"['SS', 'Standalone', 'version_184']",70001777,SENS_EVENT_MEASURE,100 cm,3600 mV,14 C,0 Degree,28 Times,
3602,2563016,70B3D50070001777,1604169981560,FES Receiver,2020-10-31 19:46:21.75975,"['SS', 'Standalone', 'version_184']",70001777,SENS_EVENT_MEASURE,100 cm,3600 mV,15 C,0 Degree,29 Times,
3601,2563603,70B3D50070001777,1604177181299,FES Receiver,2020-10-31 21:46:21.497602,"['SS', 'Standalone', 'version_184']",70001777,SENS_EVENT_MEASURE,100 cm,3600 mV,12 C,0 Degree,31 Times,
3600,2563907,70B3D50070001777,1604180781167,FES Receiver,2020-10-31 22:46:21.375585,"['SS', 'Standalone', 'version_184']",70001777,SENS_EVENT_MEASURE,100 cm,3600 mV,13 C,0 Degree,32 Times,
3599,2564181,70B3D50070001777,1604184381034,FES Receiver,2020-10-31 23:46:21.233369,"['SS', 'Standalone', 'version_184']",70001777,SENS_EVENT_MEASURE,100 cm,3600 mV,14 C,0 Degree,33 Times,
3598,2564716,70B3D50070001777,1604191580742,FES Receiver,2020-11-01 01:46:21.116416,"['SS', 'Standalone', 'version_184']",70001777,SENS_EVENT_MEASURE,100 cm,3600 mV,12 C,0 Degree,35 Times,
3597,2564981,70B3D50070001777,1604195180608,FES Receiver,2020-11-01 02:46:20.811073,"['SS', 'Standalone', 'version_184']",70001777,SENS_EVENT_MEASURE,100 cm,3600 mV,13 C,0 Degree,36 Times,
3596,2565524,70B3D50070001777,1604202380335,FES Receiver,2020-11-01 04:46:20.532908,"['SS', 'Standalone', 'version_184']",70001777,SENS_EVENT_MEASURE,100 cm,3600 mV,15 C,0 Degree,38 Times,
3595,2565783,70B3D50070001777,1604205980196,FES Receiver,2020-11-01 05:46:20.406575,"['SS', 'Standalone', 'version_184']",70001777,SENS_EVENT_MEASURE,100 cm,3600 mV,12 C,0 Degree,39 Times,
3594,2566064,70B3D50070001777,1604209580050,FES Receiver,2020-11-01 06:46:20.591563,"['SS', 'Standalone', 'version_184']",70001777,SENS_EVENT_MEASURE,100 cm,3600 mV,14 C,1 Degree,40 Times,
3593,2566346,70B3D50070001777,1604213179929,FES Receiver,2020-11-01 07:46:20.150851,"['SS', 'Standalone', 'version_184']",70001777,SENS_EVENT_MEASURE,100 cm,3600 mV,13 C,1 Degree,41 Times,
3592,2566594,70B3D50070001777,1604216779777,FES Receiver,2020-11-01 08:46:19.974764,"['SS', 'Standalone', 'version_184']",70001777,SENS_EVENT_MEASURE,102 cm,3600 mV,16 C,0 Degree,42 Times,
3591,2566849,70B3D50070001777,1604220379631,FES Receiver,2020-11-01 09:46:20.038121,"['SS', 'Standalone', 'version_184']",70001777,SENS_EVENT_MEASURE,100 cm,3610 mV,15 C,0 Degree,43 Times,
3590,2567614,70B3D50070001777,1604231179192,FES Receiver,2020-11-01 12:46:19.3986,"['SS', 'Standalone', 'version_184']",70001777,SENS_EVENT_MEASURE,100 cm,3610 mV,17 C,0 Degree,46 Times,
3589,2567899,70B3D50070001777,1604234779051,FES Receiver,2020-11-01 13:46:19.257678,"['SS', 'Standalone', 'version_184']",70001777,SENS_EVENT_MEASURE,100 cm,3610 mV,17 C,0 Degree,47 Times,
3588,2568165,70B3D50070001777,1604238378899,FES Receiver,2020-11-01 14:46:19.110754,"['SS', 'Standalone', 'version_184']",70001777,SENS_EVENT_MEASURE,100 cm,3610 mV,17 C,0 Degree,48 Times,
3587,2568432,70B3D50070001777,1604241978733,FES Receiver,2020-11-01 15:46:18.958028,"['SS', 'Standalone', 'version_184']",70001777,SENS_EVENT_MEASURE,100 cm,3610 mV,17 C,0 Degree,49 Times,
3586,2568957,70B3D50070001777,1604249178340,FES Receiver,2020-11-01 17:46:18.539223,"['SS', 'Standalone', 'version_184']",70001777,SENS_EVENT_MEASURE,98 cm,3610 mV,17 C,0 Degree,51 Times,
3585,2569219,70B3D50070001777,1604252778294,FES Receiver,2020-11-01 18:46:18.493221,"['SS', 'Standalone', 'version_184']",70001777,SENS_EVENT_MEASURE,104 cm,3610 mV,17 C,1 Degree,52 Times,
3584,2569776,70B3D50070001777,1604259979576,FES Receiver,2020-11-01 20:46:19.775496,"['SS', 'Standalone', 'version_184']",70001777,SENS_EVENT_MEASURE,100 cm,3610 mV,17 C,2 Degree,54 Times,
3583,2570025,70B3D50070001777,1604263579429,FES Receiver,2020-11-01 21:46:19.63562,"['SS', 'Standalone', 'version_184']",70001777,SENS_EVENT_MEASURE,98 cm,3610 mV,18 C,0 Degree,55 Times,
3582,2570329,70B3D50070001777,1604267179283,FES Receiver,2020-11-01 22:46:19.48349,"['SS', 'Standalone', 'version_184']",70001777,SENS_EVENT_MEASURE,98 cm,3610 mV,18 C,1 Degree,56 Times,
3581,2570588,70B3D50070001777,1604270779117,FES Receiver,2020-11-01 23:46:19.3125,"['SS', 'Standalone', 'version_184']",70001777,SENS_EVENT_MEASURE,98 cm,3610 mV,15 C,0 Degree,57 Times,
3580,2570841,70B3D50070001777,1604274378970,FES Receiver,2020-11-02 00:46:19.165493,"['SS', 'Standalone', 'version_184']",70001777,SENS_EVENT_MEASURE,98 cm,3610 mV,17 C,0 Degree,58 Times,
3579,2571125,70B3D50070001777,1604277978823,FES Receiver,2020-11-02 01:46:19.187227,"['SS', 'Standalone', 'version_184']",70001777,SENS_EVENT_MEASURE,98 cm,3610 mV,17 C,0 Degree,59 Times,
3578,2571404,70B3D50070001777,1604281578657,FES Receiver,2020-11-02 02:46:19.469612,"['SS', 'Standalone', 'version_184']",70001777,SENS_EVENT_MEASURE,96 cm,3610 mV,15 C,0 Degree,60 Times,
3577,2571651,70B3D50070001777,1604285178491,FES Receiver,2020-11-02 03:46:18.794922,"['SS', 'Standalone', 'version_184']",70001777,SENS_EVENT_MEASURE,98 cm,3610 mV,17 C,0 Degree,61 Times,
3576,2571904,70B3D50070001777,1604288778370,FES Receiver,2020-11-02 04:46:18.567673,"['SS', 'Standalone', 'version_184']",70001777,SENS_EVENT_MEASURE,96 cm,3610 mV,16 C,0 Degree,62 Times,
3575,2572712,70B3D50070001777,1604299577745,FES Receiver,2020-11-02 07:46:17.940825,"['SS', 'Standalone', 'version_184']",70001777,SENS_EVENT_MEASURE,96 cm,3620 mV,18 C,0 Degree,65 Times,
3574,2573061,70B3D50070001777,1604303177644,FES Receiver,2020-11-02 08:46:18.120797,"['SS', 'Standalone', 'version_184']",70001777,SENS_EVENT_MEASURE,96 cm,3620 mV,20 C,0 Degree,66 Times,
3573,2573326,70B3D50070001777,1604306777574,FES Receiver,2020-11-02 09:46:17.787148,"['SS', 'Standalone', 'version_184']",70001777,SENS_EVENT_MEASURE,106 cm,3620 mV,19 C,0 Degree,67 Times,
3572,2573736,70B3D50070001777,1604310377271,FES Receiver,2020-11-02 10:46:17.491086,"['SS', 'Standalone', 'version_184']",70001777,SENS_EVENT_MEASURE,92 cm,3620 mV,20 C,1 Degree,68 Times,
3571,2574103,70B3D50070001777,1604313977119,FES Receiver,2020-11-02 11:46:17.316118,"['SS', 'Standalone', 'version_184']",70001777,SENS_EVENT_MEASURE,92 cm,3630 mV,24 C,0 Degree,69 Times,
3570,2574481,70B3D50070001777,1604317576958,FES Receiver,2020-11-02 12:46:17.180057,"['SS', 'Standalone', 'version_184']",70001777,SENS_EVENT_MEASURE,84 cm,3640 mV,26 C,0 Degree,70 Times,
3569,2574831,70B3D50070001777,1604321176732,FES Receiver,2020-11-02 13:46:16.927841,"['SS', 'Standalone', 'version_184']",70001777,SENS_EVENT_MEASURE,84 cm,3630 mV,25 C,0 Degree,71 Times,
3568,2575221,70B3D50070001777,1604324776560,FES Receiver,2020-11-02 14:46:16.758387,"['SS', 'Standalone', 'version_184']",70001777,SENS_EVENT_MEASURE,84 cm,3630 mV,24 C,1 Degree,72 Times,
3567,2575561,70B3D50070001777,1604328376395,FES Receiver,2020-11-02 15:46:16.602277,"['SS', 'Standalone', 'version_184']",70001777,SENS_EVENT_MEASURE,84 cm,3630 mV,23 C,0 Degree,73 Times,
3566,2575934,70B3D50070001777,1604331976207,FES Receiver,2020-11-02 16:46:16.40213,"['SS', 'Standalone', 'version_184']",70001777,SENS_EVENT_MEASURE,86 cm,3630 mV,19 C,1 Degree,74 Times,
3565,2576295,70B3D50070001777,1604335576080,FES Receiver,2020-11-02 17:46:16.275274,"['SS', 'Standalone', 'version_184']",70001777,SENS_EVENT_MEASURE,86 cm,3620 mV,20 C,1 Degree,75 Times,
3564,2576678,70B3D50070001777,1604339175880,FES Receiver,2020-11-02 18:46:16.086024,"['SS', 'Standalone', 'version_184']",70001777,SENS_EVENT_MEASURE,86 cm,3620 mV,19 C,0 Degree,76 Times,
3563,2577045,70B3D50070001777,1604342777300,FES Receiver,2020-11-02 19:46:17.509732,"['SS', 'Standalone', 'version_184']",70001777,SENS_EVENT_MEASURE,84 cm,3620 mV,17 C,0 Degree,77 Times,
3562,2577420,70B3D50070001777,1604346377194,FES Receiver,2020-11-02 20:46:17.391415,"['SS', 'Standalone', 'version_184']",70001777,SENS_EVENT_MEASURE,86 cm,3620 mV,19 C,0 Degree,78 Times,
3561,2577779,70B3D50070001777,1604349977047,FES Receiver,2020-11-02 21:46:17.245348,"['SS', 'Standalone', 'version_184']",70001777,SENS_EVENT_MEASURE,86 cm,3620 mV,19 C,0 Degree,79 Times,
3560,2578179,70B3D50070001777,1604353576961,FES Receiver,2020-11-02 22:46:17.18294,"['SS', 'Standalone', 'version_184']",70001777,SENS_EVENT_MEASURE,86 cm,3620 mV,18 C,1 Degree,80 Times,
3559,2578562,70B3D50070001777,1604357176814,FES Receiver,2020-11-02 23:46:17.019671,"['SS', 'Standalone', 'version_184']",70001777,SENS_EVENT_MEASURE,86 cm,3610 mV,17 C,0 Degree,81 Times,
3558,2578946,70B3D50070001777,1604360776568,FES Receiver,2020-11-03 00:46:16.765938,"['SS', 'Standalone', 'version_184']",70001777,SENS_EVENT_MEASURE,86 cm,3610 mV,17 C,0 Degree,82 Times,
3557,2579710,70B3D50070001777,1604367976354,FES Receiver,2020-11-03 02:46:16.551923,"['SS', 'Standalone', 'version_184']",70001777,SENS_EVENT_MEASURE,86 cm,3600 mV,15 C,0 Degree,84 Times,
3556,2580075,70B3D50070001777,1604371556221,FES Receiver,2020-11-03 03:45:56.41906,"['SS', 'Standalone', 'version_184']",70001777,SENS_EVENT_MEASURE,84 cm,3600 mV,13 C,0 Degree,85 Times,
3555,2580456,70B3D50070001777,1604375156082,FES Receiver,2020-11-03 04:45:56.487768,"['SS', 'Standalone', 'version_184']",70001777,SENS_EVENT_MEASURE,86 cm,3600 mV,15 C,0 Degree,86 Times,
3554,2580821,70B3D50070001777,1604378755935,FES Receiver,2020-11-03 05:45:56.133406,"['SS', 'Standalone', 'version_184']",70001777,SENS_EVENT_MEASURE,86 cm,3600 mV,15 C,0 Degree,87 Times,
3553,2581600,70B3D50070001777,1604385955662,FES Receiver,2020-11-03 07:45:55.860935,"['SS', 'Standalone', 'version_184']",70001777,SENS_EVENT_MEASURE,88 cm,3600 mV,16 C,0 Degree,89 Times,
3552,2581994,70B3D50070001777,1604389555516,FES Receiver,2020-11-03 08:45:55.731846,"['SS', 'Standalone', 'version_184']",70001777,SENS_EVENT_MEASURE,88 cm,3600 mV,13 C,0 Degree,90 Times,
3551,2582749,70B3D50070001777,1604396755064,FES Receiver,2020-11-03 10:45:55.690058,"['SS', 'Standalone', 'version_184']",70001777,SENS_EVENT_MEASURE,92 cm,3630 mV,23 C,0 Degree,92 Times,
3550,2583086,70B3D50070001777,1604400354936,FES Receiver,2020-11-03 11:45:55.202288,"['SS', 'Standalone', 'version_184']",70001777,SENS_EVENT_MEASURE,90 cm,3630 mV,21 C,0 Degree,93 Times,
3549,2583467,70B3D50070001777,1604403954870,FES Receiver,2020-11-03 12:45:55.105221,"['SS', 'Standalone', 'version_184']",70001777,SENS_EVENT_MEASURE,122 cm,3620 mV,17 C,0 Degree,94 Times,
3548,2583848,70B3D50070001777,1604407554703,FES Receiver,2020-11-03 13:45:54.900326,"['SS', 'Standalone', 'version_184']",70001777,SENS_EVENT_MEASURE,124 cm,3620 mV,19 C,0 Degree,95 Times,
3547,2584611,70B3D50070001777,1604414754391,FES Receiver,2020-11-03 15:45:54.715917,"['SS', 'Standalone', 'version_184']",70001777,SENS_EVENT_MEASURE,124 cm,3610 mV,16 C,0 Degree,97 Times,
3546,2584991,70B3D50070001777,1604418354264,FES Receiver,2020-11-03 16:45:54.469134,"['SS', 'Standalone', 'version_184']",70001777,SENS_EVENT_MEASURE,122 cm,3600 mV,15 C,0 Degree,98 Times,
3545,2585748,70B3D50070001777,1604425554031,FES Receiver,2020-11-03 18:45:54.234582,"['SS', 'Standalone', 'version_184']",70001777,SENS_EVENT_MEASURE,124 cm,3600 mV,14 C,0 Degree,100 Times,
3544,2586128,70B3D50070001777,1604429155477,FES Receiver,2020-11-03 19:45:55.95821,"['SS', 'Standalone', 'version_184']",70001777,SENS_EVENT_MEASURE,124 cm,3600 mV,16 C,0 Degree,101 Times,
3543,2586523,70B3D50070001777,1604432755351,FES Receiver,2020-11-03 20:45:55.790642,"['SS', 'Standalone', 'version_184']",70001777,SENS_EVENT_MEASURE,124 cm,3600 mV,13 C,0 Degree,102 Times,
3542,2586905,70B3D50070001777,1604436355204,FES Receiver,2020-11-03 21:45:55.599244,"['SS', 'Standalone', 'version_184']",70001777,SENS_EVENT_MEASURE,128 cm,3590 mV,13 C,1 Degree,103 Times,
3541,2587696,70B3D50070001777,1604443554964,FES Receiver,2020-11-03 23:45:55.167603,"['SS', 'Standalone', 'version_184']",70001777,SENS_EVENT_MEASURE,124 cm,3580 mV,13 C,0 Degree,105 Times,
3540,2588493,70B3D50070001777,1604450754718,FES Receiver,2020-11-04 01:45:54.92546,"['SS', 'Standalone', 'version_184']",70001777,SENS_EVENT_MEASURE,128 cm,3580 mV,11 C,0 Degree,107 Times,
3539,2588873,70B3D50070001777,1604454354612,FES Receiver,2020-11-04 02:45:54.809964,"['SS', 'Standalone', 'version_184']",70001777,SENS_EVENT_MEASURE,124 cm,3580 mV,12 C,0 Degree,108 Times,
3538,2589282,70B3D50070001777,1604457954485,FES Receiver,2020-11-04 03:45:55.08136,"['SS', 'Standalone', 'version_184']",70001777,SENS_EVENT_MEASURE,124 cm,3570 mV,11 C,0 Degree,109 Times,
3537,2589700,70B3D50070001777,1604461554379,FES Receiver,2020-11-04 04:45:54.578387,"['SS', 'Standalone', 'version_184']",70001777,SENS_EVENT_MEASURE,128 cm,3570 mV,10 C,0 Degree,110 Times,
3536,2590069,70B3D50070001777,1604465154273,FES Receiver,2020-11-04 05:45:54.49493,"['SS', 'Standalone', 'version_184']",70001777,SENS_EVENT_MEASURE,128 cm,3570 mV,11 C,0 Degree,111 Times,
3535,2590477,70B3D50070001777,1604468754166,FES Receiver,2020-11-04 06:45:54.369876,"['SS', 'Standalone', 'version_184']",70001777,SENS_EVENT_MEASURE,124 cm,3570 mV,9 C,0 Degree,112 Times,
3534,2590877,70B3D50070001777,1604472354060,FES Receiver,2020-11-04 07:45:54.273646,"['SS', 'Standalone', 'version_184']",70001777,SENS_EVENT_MEASURE,124 cm,3560 mV,10 C,0 Degree,113 Times,
3533,2591269,70B3D50070001777,1604475953847,FES Receiver,2020-11-04 08:45:54.208623,"['SS', 'Standalone', 'version_184']",70001777,SENS_EVENT_MEASURE,126 cm,3570 mV,10 C,0 Degree,114 Times,
3532,2591658,70B3D50070001777,1604479553808,FES Receiver,2020-11-04 09:45:54.116049,"['SS', 'Standalone', 'version_184']",70001777,SENS_EVENT_MEASURE,126 cm,3580 mV,13 C,0 Degree,115 Times,
3531,2592035,70B3D50070001777,1604483153506,FES Receiver,2020-11-04 10:45:53.705108,"['SS', 'Standalone', 'version_184']",70001777,SENS_EVENT_MEASURE,122 cm,3620 mV,21 C,0 Degree,116 Times,
3530,2592391,70B3D50070001777,1604486753334,FES Receiver,2020-11-04 11:45:53.564042,"['SS', 'Standalone', 'version_184']",70001777,SENS_EVENT_MEASURE,122 cm,3640 mV,28 C,0 Degree,117 Times,
3529,2593518,70B3D50070001777,1604497552976,FES Receiver,2020-11-04 14:45:53.571965,"['SS', 'Standalone', 'version_184']",70001777,SENS_EVENT_MEASURE,120 cm,3610 mV,16 C,1 Degree,120 Times,
3528,2593898,70B3D50070001777,1604501152889,FES Receiver,2020-11-04 15:45:53.370757,"['SS', 'Standalone', 'version_184']",70001777,SENS_EVENT_MEASURE,120 cm,3600 mV,13 C,1 Degree,121 Times,
3527,2594632,70B3D50070001777,1604508352650,FES Receiver,2020-11-04 17:45:53.061191,"['SS', 'Standalone', 'version_184']",70001777,SENS_EVENT_MEASURE,122 cm,3580 mV,12 C,0 Degree,123 Times,
3526,2595012,70B3D50070001777,1604511952530,FES Receiver,2020-11-04 18:45:56.564966,"['SS', 'Standalone', 'version_184']",70001777,SENS_EVENT_MEASURE,126 cm,3580 mV,11 C,0 Degree,124 Times,
3525,2595397,70B3D50070001777,1604515554014,FES Receiver,2020-11-04 19:45:54.359369,"['SS', 'Standalone', 'version_184']",70001777,SENS_EVENT_MEASURE,126 cm,3570 mV,10 C,0 Degree,125 Times,
3524,2595799,70B3D50070001777,1604519153908,FES Receiver,2020-11-04 20:45:54.375194,"['SS', 'Standalone', 'version_184']",70001777,SENS_EVENT_MEASURE,126 cm,3570 mV,9 C,0 Degree,126 Times,
3523,2596167,70B3D50070001777,1604522753867,FES Receiver,2020-11-04 21:45:54.065807,"['SS', 'Standalone', 'version_184']",70001777,SENS_EVENT_MEASURE,126 cm,3560 mV,11 C,0 Degree,127 Times,
3522,2596576,70B3D50070001777,1604526353755,FES Receiver,2020-11-04 22:45:54.076215,"['SS', 'Standalone', 'version_184']",70001777,SENS_EVENT_MEASURE,126 cm,3570 mV,10 C,0 Degree,128 Times,
3521,2596979,70B3D50070001777,1604529953669,FES Receiver,2020-11-04 23:45:53.959133,"['SS', 'Standalone', 'version_184']",70001777,SENS_EVENT_MEASURE,126 cm,3560 mV,10 C,0 Degree,129 Times,
3520,2597355,70B3D50070001777,1604533553562,FES Receiver,2020-11-05 00:45:53.810212,"['SS', 'Standalone', 'version_184']",70001777,SENS_EVENT_MEASURE,126 cm,3560 mV,8 C,0 Degree,130 Times,
3519,2597736,70B3D50070001777,1604537153476,FES Receiver,2020-11-05 01:45:53.67719,"['SS', 'Standalone', 'version_184']",70001777,SENS_EVENT_MEASURE,126 cm,3550 mV,8 C,0 Degree,131 Times,
3518,2598114,70B3D50070001777,1604540753389,FES Receiver,2020-11-05 02:45:53.745533,"['SS', 'Standalone', 'version_184']",70001777,SENS_EVENT_MEASURE,126 cm,3550 mV,8 C,0 Degree,132 Times,
3517,2598489,70B3D50070001777,1604544353303,FES Receiver,2020-11-05 03:45:53.537395,"['SS', 'Standalone', 'version_184']",70001777,SENS_EVENT_MEASURE,126 cm,3550 mV,7 C,0 Degree,133 Times,
3516,2599246,70B3D50070001777,1604551553156,FES Receiver,2020-11-05 05:45:53.355275,"['SS', 'Standalone', 'version_184']",70001777,SENS_EVENT_MEASURE,126 cm,3550 mV,8 C,0 Degree,135 Times,
3515,2599623,70B3D50070001777,1604555153064,FES Receiver,2020-11-05 06:45:53.263187,"['SS', 'Standalone', 'version_184']",70001777,SENS_EVENT_MEASURE,126 cm,3550 mV,8 C,0 Degree,136 Times,
3514,2600417,70B3D50070001777,1604562352904,FES Receiver,2020-11-05 08:45:53.225584,"['SS', 'Standalone', 'version_184']",70001777,SENS_EVENT_MEASURE,126 cm,3550 mV,7 C,0 Degree,138 Times,
3513,2600807,70B3D50070001777,1604565952725,FES Receiver,2020-11-05 09:45:53.100292,"['SS', 'Standalone', 'version_184']",70001777,SENS_EVENT_MEASURE,116 cm,3590 mV,14 C,1 Degree,139 Times,
3512,2601182,70B3D50070001777,1604569552438,FES Receiver,2020-11-05 10:45:52.637697,"['SS', 'Standalone', 'version_184']",70001777,SENS_EVENT_MEASURE,116 cm,3620 mV,19 C,0 Degree,140 Times,
3511,2601562,70B3D50070001777,1604573152252,FES Receiver,2020-11-05 11:45:52.488774,"['SS', 'Standalone', 'version_184']",70001777,SENS_EVENT_MEASURE,118 cm,3630 mV,27 C,0 Degree,141 Times,
3510,2602354,70B3D50070001777,1604580352039,FES Receiver,2020-11-05 13:45:52.538863,"['SS', 'Standalone', 'version_184']",70001777,SENS_EVENT_MEASURE,118 cm,3630 mV,18 C,0 Degree,143 Times,
3509,2602692,70B3D50070001777,1604583951953,FES Receiver,2020-11-05 14:45:52.24434,"['SS', 'Standalone', 'version_184']",70001777,SENS_EVENT_MEASURE,116 cm,3610 mV,14 C,0 Degree,144 Times,
3508,2603256,70B3D50070001777,1604591151700,FES Receiver,2020-11-05 16:45:51.966552,"['SS', 'Standalone', 'version_184']",70001777,SENS_EVENT_MEASURE,120 cm,3590 mV,11 C,0 Degree,146 Times,
3507,2603524,70B3D50070001777,1604594751594,FES Receiver,2020-11-05 17:45:51.797004,"['SS', 'Standalone', 'version_184']",70001777,SENS_EVENT_MEASURE,120 cm,3580 mV,10 C,0 Degree,147 Times,
3506,2603795,70B3D50070001777,1604598351487,FES Receiver,2020-11-05 18:45:52.026516,"['SS', 'Standalone', 'version_184']",70001777,SENS_EVENT_MEASURE,120 cm,3580 mV,12 C,0 Degree,148 Times,
3505,2604077,70B3D50070001777,1604601952977,FES Receiver,2020-11-05 19:45:53.507712,"['SS', 'Standalone', 'version_184']",70001777,SENS_EVENT_MEASURE,122 cm,3570 mV,9 C,0 Degree,149 Times,
3504,2604367,70B3D50070001777,1604605552764,FES Receiver,2020-11-05 20:45:52.964129,"['SS', 'Standalone', 'version_184']",70001777,SENS_EVENT_MEASURE,124 cm,3570 mV,9 C,2 Degree,150 Times,
3503,2604659,70B3D50070001777,1604609152790,FES Receiver,2020-11-05 21:45:52.988353,"['SS', 'Standalone', 'version_184']",70001777,SENS_EVENT_MEASURE,124 cm,3560 mV,8 C,0 Degree,151 Times,
3502,2604954,70B3D50070001777,1604612752698,FES Receiver,2020-11-05 22:45:53.461413,"['SS', 'Standalone', 'version_184']",70001777,SENS_EVENT_MEASURE,124 cm,3550 mV,9 C,0 Degree,152 Times,
3501,2605251,70B3D50070001777,1604616352606,FES Receiver,2020-11-05 23:45:52.868288,"['SS', 'Standalone', 'version_184']",70001777,SENS_EVENT_MEASURE,124 cm,3560 mV,8 C,0 Degree,153 Times,
3500,2605541,70B3D50070001777,1604619952526,FES Receiver,2020-11-06 00:45:52.950522,"['SS', 'Standalone', 'version_184']",70001777,SENS_EVENT_MEASURE,124 cm,3550 mV,7 C,0 Degree,154 Times,
3499,2605834,70B3D50070001777,1604623552439,FES Receiver,2020-11-06 01:45:52.658824,"['SS', 'Standalone', 'version_184']",70001777,SENS_EVENT_MEASURE,124 cm,3550 mV,7 C,0 Degree,155 Times,
3498,2606097,70B3D50070001777,1604627152293,FES Receiver,2020-11-06 02:45:52.492757,"['SS', 'Standalone', 'version_184']",70001777,SENS_EVENT_MEASURE,122 cm,3550 mV,7 C,0 Degree,156 Times,
3497,2606369,70B3D50070001777,1604630752227,FES Receiver,2020-11-06 03:45:52.425412,"['SS', 'Standalone', 'version_184']",70001777,SENS_EVENT_MEASURE,124 cm,3550 mV,6 C,1 Degree,157 Times,
3496,2606922,70B3D50070001777,1604637952074,FES Receiver,2020-11-06 05:45:52.27497,"['SS', 'Standalone', 'version_184']",70001777,SENS_EVENT_MEASURE,124 cm,3540 mV,6 C,0 Degree,159 Times,
3495,2607199,70B3D50070001777,1604641552008,FES Receiver,2020-11-06 06:45:52.206158,"['SS', 'Standalone', 'version_184']",70001777,SENS_EVENT_MEASURE,122 cm,3540 mV,5 C,1 Degree,160 Times,
3494,2607468,70B3D50070001777,1604645151942,FES Receiver,2020-11-06 07:45:52.140087,"['SS', 'Standalone', 'version_184']",70001777,SENS_EVENT_MEASURE,120 cm,3540 mV,5 C,1 Degree,161 Times,
3493,2607731,70B3D50070001777,1604648751876,FES Receiver,2020-11-06 08:45:55.117272,"['SS', 'Standalone', 'version_184']",70001777,SENS_EVENT_MEASURE,118 cm,3540 mV,6 C,1 Degree,162 Times,
3492,2608294,70B3D50070001777,1604655951424,FES Receiver,2020-11-06 10:45:51.937153,"['SS', 'Standalone', 'version_184']",70001777,SENS_EVENT_MEASURE,118 cm,3620 mV,22 C,0 Degree,164 Times,
3491,2611604,70B3D50070001777,1604702760664,FES Receiver,2020-11-06 23:46:00.87875,"['SS', 'Standalone', 'version_184']",70001777,SENS_EVENT_MEASURE,120 cm,3550 mV,6 C,1 Degree,177 Times,
3490,2611875,70B3D50070001777,1604706361478,FES Receiver,2020-11-07 00:46:01.642038,"['SS', 'Standalone', 'version_184']",70001777,SENS_EVENT_MEASURE,120 cm,3550 mV,6 C,0 Degree,178 Times,
3489,2612144,70B3D50070001777,1604709953192,FES Receiver,2020-11-07 01:45:53.66267,"['SS', 'Standalone', 'version_184']",70001777,SENS_EVENT_MEASURE,114 cm,3560 mV,7 C,0 Degree,179 Times,
3488,2612403,70B3D50070001777,1604713553165,FES Receiver,2020-11-07 02:45:53.333247,"['SS', 'Standalone', 'version_184']",70001777,SENS_EVENT_MEASURE,120 cm,3560 mV,7 C,0 Degree,180 Times,
3487,2612670,70B3D50070001777,1604717152919,FES Receiver,2020-11-07 03:45:55.27324,"['SS', 'Standalone', 'version_184']",70001777,SENS_EVENT_MEASURE,120 cm,3560 mV,10 C,0 Degree,181 Times,
3486,2612931,70B3D50070001777,1604720752833,FES Receiver,2020-11-07 04:45:52.992692,"['SS', 'Standalone', 'version_184']",70001777,SENS_EVENT_MEASURE,120 cm,3560 mV,7 C,0 Degree,182 Times,
3485,2613209,70B3D50070001777,1604724352747,FES Receiver,2020-11-07 05:45:52.906945,"['SS', 'Standalone', 'version_184']",70001777,SENS_EVENT_MEASURE,120 cm,3560 mV,6 C,0 Degree,183 Times,
3484,2613481,70B3D50070001777,1604727952687,FES Receiver,2020-11-07 06:45:57.645262,"['SS', 'Standalone', 'version_184']",70001777,SENS_EVENT_MEASURE,122 cm,3560 mV,8 C,0 Degree,184 Times,
3483,2613753,70B3D50070001777,1604731552594,FES Receiver,2020-11-07 07:45:53.218396,"['SS', 'Standalone', 'version_184']",70001777,SENS_EVENT_MEASURE,122 cm,3570 mV,7 C,0 Degree,185 Times,
3482,2614035,70B3D50070001777,1604735152388,FES Receiver,2020-11-07 08:45:52.555755,"['SS', 'Standalone', 'version_184']",70001777,SENS_EVENT_MEASURE,108 cm,3570 mV,7 C,0 Degree,186 Times,
3481,2614328,70B3D50070001777,1604738752368,FES Receiver,2020-11-07 09:45:52.553408,"['SS', 'Standalone', 'version_184']",70001777,SENS_EVENT_MEASURE,110 cm,3590 mV,12 C,0 Degree,187 Times,
3480,2614583,70B3D50070001777,1604742352076,FES Receiver,2020-11-07 10:45:53.380321,"['SS', 'Standalone', 'version_184']",70001777,SENS_EVENT_MEASURE,110 cm,3610 mV,20 C,0 Degree,188 Times,
3479,2615350,70B3D50070001777,1604753151697,FES Receiver,2020-11-07 13:45:51.867545,"['SS', 'Standalone', 'version_184']",70001777,SENS_EVENT_MEASURE,108 cm,3630 mV,19 C,0 Degree,191 Times,
3478,2615615,70B3D50070001777,1604756751551,FES Receiver,2020-11-07 14:45:52.167248,"['SS', 'Standalone', 'version_184']",70001777,SENS_EVENT_MEASURE,106 cm,3620 mV,14 C,1 Degree,192 Times,
3477,2615881,70B3D50070001777,1604760351465,FES Receiver,2020-11-07 15:45:51.651713,"['SS', 'Standalone', 'version_184']",70001777,SENS_EVENT_MEASURE,104 cm,3610 mV,15 C,0 Degree,193 Times,
3476,2616146,70B3D50070001777,1604763951320,FES Receiver,2020-11-07 16:45:51.496015,"['SS', 'Standalone', 'version_184']",70001777,SENS_EVENT_MEASURE,100 cm,3610 mV,14 C,0 Degree,194 Times,
3475,2616440,70B3D50070001777,1604767551193,FES Receiver,2020-11-07 17:45:51.440216,"['SS', 'Standalone', 'version_184']",70001777,SENS_EVENT_MEASURE,104 cm,3600 mV,12 C,0 Degree,195 Times,
3474,2616713,70B3D50070001777,1604771151086,FES Receiver,2020-11-07 18:45:51.455206,"['SS', 'Standalone', 'version_184']",70001777,SENS_EVENT_MEASURE,96 cm,3600 mV,12 C,0 Degree,196 Times,
3473,2616964,70B3D50070001777,1604774752534,FES Receiver,2020-11-07 19:45:52.872274,"['SS', 'Standalone', 'version_184']",70001777,SENS_EVENT_MEASURE,96 cm,3600 mV,11 C,0 Degree,197 Times,
3472,2617246,70B3D50070001777,1604778352402,FES Receiver,2020-11-07 20:45:52.804397,"['SS', 'Standalone', 'version_184']",70001777,SENS_EVENT_MEASURE,96 cm,3590 mV,10 C,0 Degree,198 Times,
3471,2617551,70B3D50070001777,1604781952296,FES Receiver,2020-11-07 21:45:52.494076,"['SS', 'Standalone', 'version_184']",70001777,SENS_EVENT_MEASURE,104 cm,3590 mV,10 C,0 Degree,199 Times,
3470,2617858,70B3D50070001777,1604785552210,FES Receiver,2020-11-07 22:45:52.959463,"['SS', 'Standalone', 'version_184']",70001777,SENS_EVENT_MEASURE,104 cm,3590 mV,12 C,0 Degree,200 Times,
3469,2618163,70B3D50070001777,1604789152104,FES Receiver,2020-11-07 23:45:52.322871,"['SS', 'Standalone', 'version_184']",70001777,SENS_EVENT_MEASURE,102 cm,3590 mV,10 C,0 Degree,201 Times,
3468,2618432,70B3D50070001777,1604792751998,FES Receiver,2020-11-08 00:45:52.225592,"['SS', 'Standalone', 'version_184']",70001777,SENS_EVENT_MEASURE,102 cm,3590 mV,9 C,0 Degree,202 Times,
3467,2618706,70B3D50070001777,1604796351911,FES Receiver,2020-11-08 01:45:52.108728,"['SS', 'Standalone', 'version_184']",70001777,SENS_EVENT_MEASURE,102 cm,3590 mV,8 C,0 Degree,203 Times,
3466,2618991,70B3D50070001777,1604799951685,FES Receiver,2020-11-08 02:45:53.125709,"['SS', 'Standalone', 'version_184']",70001777,SENS_EVENT_MEASURE,104 cm,3590 mV,9 C,0 Degree,204 Times,
3465,2619288,70B3D50070001777,1604803551599,FES Receiver,2020-11-08 03:45:52.070806,"['SS', 'Standalone', 'version_184']",70001777,SENS_EVENT_MEASURE,102 cm,3590 mV,8 C,0 Degree,205 Times,
3464,2619550,70B3D50070001777,1604807150842,FES Receiver,2020-11-08 04:45:51.072415,"['SS', 'Standalone', 'version_184']",70001777,SENS_EVENT_MEASURE,102 cm,3590 mV,7 C,0 Degree,206 Times,
3463,2619835,70B3D50070001777,1604810750747,FES Receiver,2020-11-08 05:45:50.946468,"['SS', 'Standalone', 'version_184']",70001777,SENS_EVENT_MEASURE,102 cm,3590 mV,7 C,1 Degree,207 Times,
3462,2620116,70B3D50070001777,1604814350562,FES Receiver,2020-11-08 06:45:50.763646,"['SS', 'Standalone', 'version_184']",70001777,SENS_EVENT_MEASURE,102 cm,3580 mV,7 C,0 Degree,208 Times,
3461,2620400,70B3D50070001777,1604817950474,FES Receiver,2020-11-08 07:45:50.671899,"['SS', 'Standalone', 'version_184']",70001777,SENS_EVENT_MEASURE,102 cm,3580 mV,8 C,0 Degree,209 Times,
3460,2620692,70B3D50070001777,1604821550388,FES Receiver,2020-11-08 08:45:50.732709,"['SS', 'Standalone', 'version_184']",70001777,SENS_EVENT_MEASURE,102 cm,3590 mV,8 C,0 Degree,210 Times,
3459,2620958,70B3D50070001777,1604825150362,FES Receiver,2020-11-08 09:45:53.31796,"['SS', 'Standalone', 'version_184']",70001777,SENS_EVENT_MEASURE,96 cm,3600 mV,11 C,0 Degree,211 Times,
3458,2621261,70B3D50070001777,1604828750216,FES Receiver,2020-11-08 10:45:50.421988,"['SS', 'Standalone', 'version_184']",70001777,SENS_EVENT_MEASURE,96 cm,3610 mV,16 C,0 Degree,212 Times,
3457,2621541,70B3D50070001777,1604832349910,FES Receiver,2020-11-08 11:45:50.301749,"['SS', 'Standalone', 'version_184']",70001777,SENS_EVENT_MEASURE,102 cm,3620 mV,19 C,0 Degree,213 Times,
3456,2622158,70B3D50070001777,1604839549718,FES Receiver,2020-11-08 13:45:49.915853,"['SS', 'Standalone', 'version_184']",70001777,SENS_EVENT_MEASURE,96 cm,3630 mV,18 C,0 Degree,215 Times,
3455,2622451,70B3D50070001777,1604843149572,FES Receiver,2020-11-08 14:45:50.219296,"['SS', 'Standalone', 'version_184']",70001777,SENS_EVENT_MEASURE,92 cm,3620 mV,17 C,0 Degree,216 Times,
3454,2622717,70B3D50070001777,1604846749425,FES Receiver,2020-11-08 15:45:49.638424,"['SS', 'Standalone', 'version_184']",70001777,SENS_EVENT_MEASURE,92 cm,3620 mV,16 C,1 Degree,217 Times,
3453,2623008,70B3D50070001777,1604850349339,FES Receiver,2020-11-08 16:45:49.542609,"['SS', 'Standalone', 'version_184']",70001777,SENS_EVENT_MEASURE,92 cm,3610 mV,13 C,0 Degree,218 Times,
3452,2623297,70B3D50070001777,1604853949213,FES Receiver,2020-11-08 17:45:49.42977,"['SS', 'Standalone', 'version_184']",70001777,SENS_EVENT_MEASURE,104 cm,3610 mV,13 C,0 Degree,219 Times,
3451,2623564,70B3D50070001777,1604857549087,FES Receiver,2020-11-08 18:45:49.506702,"['SS', 'Standalone', 'version_184']",70001777,SENS_EVENT_MEASURE,102 cm,3610 mV,13 C,0 Degree,220 Times,
3450,2624457,70B3D50070001777,1604868350136,FES Receiver,2020-11-08 21:45:50.333047,"['SS', 'Standalone', 'version_184']",70001777,SENS_EVENT_MEASURE,88 cm,3600 mV,12 C,0 Degree,223 Times,
3449,2624743,70B3D50070001777,1604871950009,FES Receiver,2020-11-08 22:45:50.206202,"['SS', 'Standalone', 'version_184']",70001777,SENS_EVENT_MEASURE,88 cm,3600 mV,11 C,0 Degree,224 Times,
3448,2625031,70B3D50070001777,1604875549883,FES Receiver,2020-11-08 23:45:50.230893,"['SS', 'Standalone', 'version_184']",70001777,SENS_EVENT_MEASURE,88 cm,3600 mV,11 C,0 Degree,225 Times,
3447,2625324,70B3D50070001777,1604879149777,FES Receiver,2020-11-09 00:45:50.27152,"['SS', 'Standalone', 'version_184']",70001777,SENS_EVENT_MEASURE,88 cm,3600 mV,13 C,0 Degree,226 Times,
3446,2625851,70B3D50070001777,1604886349544,FES Receiver,2020-11-09 02:45:49.749893,"['SS', 'Standalone', 'version_184']",70001777,SENS_EVENT_MEASURE,88 cm,3600 mV,12 C,0 Degree,228 Times,
3445,2626118,70B3D50070001777,1604889949418,FES Receiver,2020-11-09 03:45:49.614709,"['SS', 'Standalone', 'version_184']",70001777,SENS_EVENT_MEASURE,88 cm,3600 mV,13 C,1 Degree,229 Times,
3444,2626395,70B3D50070001777,1604893549312,FES Receiver,2020-11-09 04:45:49.509856,"['SS', 'Standalone', 'version_184']",70001777,SENS_EVENT_MEASURE,88 cm,3600 mV,11 C,0 Degree,230 Times,
3443,2626662,70B3D50070001777,1604897149186,FES Receiver,2020-11-09 05:45:49.382697,"['SS', 'Standalone', 'version_184']",70001777,SENS_EVENT_MEASURE,88 cm,3600 mV,9 C,0 Degree,231 Times,
3442,2626927,70B3D50070001777,1604900749079,FES Receiver,2020-11-09 06:45:49.288297,"['SS', 'Standalone', 'version_184']",70001777,SENS_EVENT_MEASURE,88 cm,3600 mV,9 C,0 Degree,232 Times,
3441,2627200,70B3D50070001777,1604904349233,FES Receiver,2020-11-09 07:45:50.184518,"['SS', 'Standalone', 'version_184']",70001777,SENS_EVENT_MEASURE,86 cm,3600 mV,10 C,0 Degree,233 Times,
3440,2627434,70B3D50070001777,1604907948967,FES Receiver,2020-11-09 08:45:49.165957,"['SS', 'Standalone', 'version_184']",70001777,SENS_EVENT_MEASURE,96 cm,3600 mV,11 C,0 Degree,234 Times,
3439,2627703,70B3D50070001777,1604911548930,FES Receiver,2020-11-09 09:45:49.516503,"['SS', 'Standalone', 'version_184']",70001777,SENS_EVENT_MEASURE,94 cm,3600 mV,13 C,0 Degree,235 Times,
3438,2627981,70B3D50070001777,1604915149534,FES Receiver,2020-11-09 10:45:49.732093,"['SS', 'Standalone', 'version_184']",70001777,SENS_EVENT_MEASURE,80 cm,3610 mV,17 C,0 Degree,236 Times,
3437,2628231,70B3D50070001777,1604918749168,FES Receiver,2020-11-09 11:45:49.366402,"['SS', 'Standalone', 'version_184']",70001777,SENS_EVENT_MEASURE,82 cm,3630 mV,25 C,0 Degree,237 Times,
3436,2628760,70B3D50070001777,1604925948856,FES Receiver,2020-11-09 13:45:49.13367,"['SS', 'Standalone', 'version_184']",70001777,SENS_EVENT_MEASURE,80 cm,3640 mV,19 C,0 Degree,239 Times,
3435,2629037,70B3D50070001777,1604929548689,FES Receiver,2020-11-09 14:45:48.886979,"['SS', 'Standalone', 'version_184']",70001777,SENS_EVENT_MEASURE,80 cm,3620 mV,18 C,0 Degree,240 Times,
3434,2629313,70B3D50070001777,1604933148563,FES Receiver,2020-11-09 15:45:48.760789,"['SS', 'Standalone', 'version_184']",70001777,SENS_EVENT_MEASURE,84 cm,3620 mV,18 C,1 Degree,241 Times,
3433,2629595,70B3D50070001777,1604936748457,FES Receiver,2020-11-09 16:45:51.575039,"['SS', 'Standalone', 'version_184']",70001777,SENS_EVENT_MEASURE,80 cm,3610 mV,13 C,0 Degree,242 Times,
3432,2629850,70B3D50070001777,1604940348450,FES Receiver,2020-11-09 17:45:48.81813,"['SS', 'Standalone', 'version_184']",70001777,SENS_EVENT_MEASURE,76 cm,3610 mV,13 C,0 Degree,243 Times,
3431,2630129,70B3D50070001777,1604943948164,FES Receiver,2020-11-09 18:45:48.463586,"['SS', 'Standalone', 'version_184']",70001777,SENS_EVENT_MEASURE,78 cm,3610 mV,12 C,0 Degree,244 Times,
3430,2630402,70B3D50070001777,1604947549631,FES Receiver,2020-11-09 19:45:49.831101,"['SS', 'Standalone', 'version_184']",70001777,SENS_EVENT_MEASURE,78 cm,3600 mV,12 C,0 Degree,245 Times,
3429,2630696,70B3D50070001777,1604951149505,FES Receiver,2020-11-09 20:45:49.703213,"['SS', 'Standalone', 'version_184']",70001777,SENS_EVENT_MEASURE,78 cm,3600 mV,10 C,1 Degree,246 Times,
3428,2631224,70B3D50070001777,1604958349273,FES Receiver,2020-11-09 22:45:49.472231,"['SS', 'Standalone', 'version_184']",70001777,SENS_EVENT_MEASURE,78 cm,3600 mV,11 C,1 Degree,248 Times,
3427,2631512,70B3D50070001777,1604961949166,FES Receiver,2020-11-09 23:45:49.40906,"['SS', 'Standalone', 'version_184']",70001777,SENS_EVENT_MEASURE,78 cm,3600 mV,11 C,0 Degree,249 Times,
3426,2632105,70B3D50070001777,1604969148954,FES Receiver,2020-11-10 01:45:49.154089,"['SS', 'Standalone', 'version_184']",70001777,SENS_EVENT_MEASURE,78 cm,3590 mV,11 C,0 Degree,251 Times,
3425,2632387,70B3D50070001777,1604972748868,FES Receiver,2020-11-10 02:45:49.066552,"['SS', 'Standalone', 'version_184']",70001777,SENS_EVENT_MEASURE,78 cm,3590 mV,9 C,0 Degree,252 Times,
3424,2632700,70B3D50070001777,1604976348767,FES Receiver,2020-11-10 03:45:49.180061,"['SS', 'Standalone', 'version_184']",70001777,SENS_EVENT_MEASURE,78 cm,3590 mV,10 C,0 Degree,253 Times,
3423,2633001,70B3D50070001777,1604979948655,FES Receiver,2020-11-10 04:45:48.853376,"['SS', 'Standalone', 'version_184']",70001777,SENS_EVENT_MEASURE,78 cm,3590 mV,9 C,0 Degree,254 Times,
3422,2633281,70B3D50070001777,1604983548549,FES Receiver,2020-11-10 05:45:48.747443,"['SS', 'Standalone', 'version_184']",70001777,SENS_EVENT_MEASURE,78 cm,3590 mV,10 C,0 Degree,255 Times,
3421,2633569,70B3D50070001777,1604987148442,FES Receiver,2020-11-10 06:45:48.641719,"['SS', 'Standalone', 'version_184']",70001777,SENS_EVENT_MEASURE,80 cm,3590 mV,10 C,0 Degree,0 Times,
3420,2633865,70B3D50070001777,1604990748516,FES Receiver,2020-11-10 07:45:48.71465,"['SS', 'Standalone', 'version_184']",70001777,SENS_EVENT_MEASURE,76 cm,3590 mV,9 C,0 Degree,1 Times,
3419,2634122,70B3D50070001777,1604994348290,FES Receiver,2020-11-10 08:45:48.488914,"['SS', 'Standalone', 'version_184']",70001777,SENS_EVENT_MEASURE,74 cm,3590 mV,10 C,0 Degree,2 Times,
3418,2634402,70B3D50070001777,1604997948310,FES Receiver,2020-11-10 09:45:48.597701,"['SS', 'Standalone', 'version_184']",70001777,SENS_EVENT_MEASURE,76 cm,3600 mV,10 C,0 Degree,3 Times,
3417,2634680,70B3D50070001777,1605001548197,FES Receiver,2020-11-10 10:45:48.399785,"['SS', 'Standalone', 'version_184']",70001777,SENS_EVENT_MEASURE,80 cm,3600 mV,12 C,0 Degree,4 Times,
3416,2634926,70B3D50070001777,1605005148117,FES Receiver,2020-11-10 11:45:48.325528,"['SS', 'Standalone', 'version_184']",70001777,SENS_EVENT_MEASURE,72 cm,3600 mV,10 C,1 Degree,5 Times,
3415,2635364,70B3D50070001777,1605008747991,FES Receiver,2020-11-10 12:45:48.19175,"['SS', 'Standalone', 'version_184']",70001777,SENS_EVENT_MEASURE,72 cm,3600 mV,12 C,0 Degree,6 Times,
3414,2635781,70B3D50070001777,1605012347834,FES Receiver,2020-11-10 13:45:48.033412,"['SS', 'Standalone', 'version_184']",70001777,SENS_EVENT_MEASURE,74 cm,3590 mV,11 C,1 Degree,7 Times,
3413,2635780,70B3D50070001777,1605012347834,test_fes_20201110,2020-11-10 13:45:48.033475,"['SS', 'Standalone', 'version_184']",70001777,SENS_EVENT_MEASURE,74 cm,3590 mV,11 C,1 Degree,7 Times,
3412,2636310,70B3D50070001777,1605015947566,FES Receiver,2020-11-10 14:45:47.793311,"['SS', 'Standalone', 'version_184']",70001777,SENS_EVENT_MEASURE,74 cm,3600 mV,13 C,0 Degree,8 Times,
3411,2636707,70B3D50070001777,1605019546920,FES Receiver,2020-11-10 15:45:47.119398,"['SS', 'Standalone', 'version_184']",70001777,SENS_EVENT_MEASURE,74 cm,3600 mV,13 C,1 Degree,9 Times,
3410,2637120,70B3D50070001777,1605023146494,FES Receiver,2020-11-10 16:45:46.692221,"['SS', 'Standalone', 'version_184']",70001777,SENS_EVENT_MEASURE,66 cm,3600 mV,10 C,0 Degree,10 Times,
3409,2637509,70B3D50070001777,1605026746434,FES Receiver,2020-11-10 17:45:46.63206,"['SS', 'Standalone', 'version_184']",70001777,SENS_EVENT_MEASURE,68 cm,3600 mV,13 C,0 Degree,11 Times,
3408,2637898,70B3D50070001777,1605030346307,FES Receiver,2020-11-10 18:45:46.518727,"['SS', 'Standalone', 'version_184']",70001777,SENS_EVENT_MEASURE,68 cm,3600 mV,10 C,1 Degree,12 Times,
3407,2638316,70B3D50070001777,1605033947785,FES Receiver,2020-11-10 19:45:47.980778,"['SS', 'Standalone', 'version_184']",70001777,SENS_EVENT_MEASURE,66 cm,3600 mV,9 C,1 Degree,13 Times,
3406,2638722,70B3D50070001777,1605037547679,FES Receiver,2020-11-10 20:45:48.001239,"['SS', 'Standalone', 'version_184']",70001777,SENS_EVENT_MEASURE,68 cm,3600 mV,12 C,0 Degree,14 Times,
3405,2639137,70B3D50070001777,1605041147532,FES Receiver,2020-11-10 21:45:47.727864,"['SS', 'Standalone', 'version_184']",70001777,SENS_EVENT_MEASURE,66 cm,3600 mV,11 C,0 Degree,15 Times,
3404,2639549,70B3D50070001777,1605044747426,FES Receiver,2020-11-10 22:45:47.622414,"['SS', 'Standalone', 'version_184']",70001777,SENS_EVENT_MEASURE,66 cm,3600 mV,9 C,1 Degree,16 Times,
3403,2639977,70B3D50070001777,1605048347320,FES Receiver,2020-11-10 23:45:47.51965,"['SS', 'Standalone', 'version_184']",70001777,SENS_EVENT_MEASURE,66 cm,3600 mV,11 C,1 Degree,17 Times,
3402,2640408,70B3D50070001777,1605051947230,FES Receiver,2020-11-11 00:45:47.425741,"['SS', 'Standalone', 'version_184']",70001777,SENS_EVENT_MEASURE,66 cm,3600 mV,9 C,0 Degree,18 Times,
3401,2640822,70B3D50070001777,1605055547107,FES Receiver,2020-11-11 01:45:47.303736,"['SS', 'Standalone', 'version_184']",70001777,SENS_EVENT_MEASURE,66 cm,3600 mV,11 C,1 Degree,19 Times,
3400,2641231,70B3D50070001777,1605059147001,FES Receiver,2020-11-11 02:45:47.206848,"['SS', 'Standalone', 'version_184']",70001777,SENS_EVENT_MEASURE,66 cm,3600 mV,11 C,0 Degree,20 Times,
3399,2641643,70B3D50070001777,1605062746895,FES Receiver,2020-11-11 03:45:47.095976,"['SS', 'Standalone', 'version_184']",70001777,SENS_EVENT_MEASURE,66 cm,3590 mV,10 C,0 Degree,21 Times,
3398,2642052,70B3D50070001777,1605066346331,FES Receiver,2020-11-11 04:45:46.528436,"['SS', 'Standalone', 'version_184']",70001777,SENS_EVENT_MEASURE,66 cm,3600 mV,11 C,0 Degree,22 Times,
3397,2642450,70B3D50070001777,1605069946226,FES Receiver,2020-11-11 05:45:46.437035,"['SS', 'Standalone', 'version_184']",70001777,SENS_EVENT_MEASURE,66 cm,3600 mV,11 C,1 Degree,23 Times,
3396,2642858,70B3D50070001777,1605073546116,FES Receiver,2020-11-11 06:45:46.312806,"['SS', 'Standalone', 'version_184']",70001777,SENS_EVENT_MEASURE,66 cm,3600 mV,9 C,0 Degree,24 Times,
3395,2643271,70B3D50070001777,1605077146010,FES Receiver,2020-11-11 07:45:46.206438,"['SS', 'Standalone', 'version_184']",70001777,SENS_EVENT_MEASURE,66 cm,3600 mV,9 C,0 Degree,25 Times,
3394,2643687,70B3D50070001777,1605080745904,FES Receiver,2020-11-11 08:45:46.100573,"['SS', 'Standalone', 'version_184']",70001777,SENS_EVENT_MEASURE,66 cm,3600 mV,10 C,0 Degree,26 Times,
3393,2644108,70B3D50070001777,1605084345778,FES Receiver,2020-11-11 09:45:45.974577,"['SS', 'Standalone', 'version_184']",70001777,SENS_EVENT_MEASURE,66 cm,3600 mV,12 C,0 Degree,27 Times,
3392,2644512,70B3D50070001777,1605087945672,FES Receiver,2020-11-11 10:45:45.867436,"['SS', 'Standalone', 'version_184']",70001777,SENS_EVENT_MEASURE,66 cm,3600 mV,13 C,0 Degree,28 Times,
3391,2644914,70B3D50070001777,1605091545549,FES Receiver,2020-11-11 11:45:45.745189,"['SS', 'Standalone', 'version_184']",70001777,SENS_EVENT_MEASURE,66 cm,3610 mV,14 C,0 Degree,29 Times,
3390,2645313,70B3D50070001777,1605095145505,FES Receiver,2020-11-11 12:45:45.700416,"['SS', 'Standalone', 'version_184']",70001777,SENS_EVENT_MEASURE,68 cm,3610 mV,14 C,0 Degree,30 Times,
3389,2645731,70B3D50070001777,1605098745273,FES Receiver,2020-11-11 13:45:45.473394,"['SS', 'Standalone', 'version_184']",70001777,SENS_EVENT_MEASURE,64 cm,3610 mV,14 C,1 Degree,31 Times,
3388,2646142,70B3D50070001777,1605102345149,FES Receiver,2020-11-11 14:45:45.372593,"['SS', 'Standalone', 'version_184']",70001777,SENS_EVENT_MEASURE,64 cm,3610 mV,14 C,0 Degree,32 Times,
3387,2646571,70B3D50070001777,1605105945008,FES Receiver,2020-11-11 15:45:45.205374,"['SS', 'Standalone', 'version_184']",70001777,SENS_EVENT_MEASURE,64 cm,3610 mV,14 C,0 Degree,33 Times,
3386,2647002,70B3D50070001777,1605109544900,FES Receiver,2020-11-11 16:45:45.105135,"['SS', 'Standalone', 'version_184']",70001777,SENS_EVENT_MEASURE,62 cm,3610 mV,12 C,1 Degree,34 Times,
3385,2647420,70B3D50070001777,1605113144554,FES Receiver,2020-11-11 17:45:44.751649,"['SS', 'Standalone', 'version_184']",70001777,SENS_EVENT_MEASURE,62 cm,3610 mV,12 C,0 Degree,35 Times,
3384,2647839,70B3D50070001777,1605116744424,FES Receiver,2020-11-11 18:45:44.618746,"['SS', 'Standalone', 'version_184']",70001777,SENS_EVENT_MEASURE,62 cm,3600 mV,11 C,1 Degree,36 Times,
3383,2648269,70B3D50070001777,1605120345903,FES Receiver,2020-11-11 19:45:46.16167,"['SS', 'Standalone', 'version_184']",70001777,SENS_EVENT_MEASURE,64 cm,3600 mV,11 C,1 Degree,37 Times,
3382,2648680,70B3D50070001777,1605123945923,FES Receiver,2020-11-11 20:45:46.12199,"['SS', 'Standalone', 'version_184']",70001777,SENS_EVENT_MEASURE,58 cm,3610 mV,12 C,0 Degree,38 Times,
3381,2649508,70B3D50070001777,1605131145564,FES Receiver,2020-11-11 22:45:45.761877,"['SS', 'Standalone', 'version_184']",70001777,SENS_EVENT_MEASURE,62 cm,3600 mV,11 C,0 Degree,40 Times,
3380,2649957,70B3D50070001777,1605134745437,FES Receiver,2020-11-11 23:45:45.646319,"['SS', 'Standalone', 'version_184']",70001777,SENS_EVENT_MEASURE,62 cm,3610 mV,10 C,1 Degree,41 Times,
3379,2650376,70B3D50070001777,1605138345336,FES Receiver,2020-11-12 00:45:45.534341,"['SS', 'Standalone', 'version_184']",70001777,SENS_EVENT_MEASURE,62 cm,3600 mV,12 C,1 Degree,42 Times,
3378,2650806,70B3D50070001777,1605141945206,FES Receiver,2020-11-12 01:45:45.41109,"['SS', 'Standalone', 'version_184']",70001777,SENS_EVENT_MEASURE,62 cm,3600 mV,12 C,0 Degree,43 Times,
3377,2651227,70B3D50070001777,1605145545083,FES Receiver,2020-11-12 02:45:45.28671,"['SS', 'Standalone', 'version_184']",70001777,SENS_EVENT_MEASURE,62 cm,3600 mV,11 C,1 Degree,44 Times,
3376,2651663,70B3D50070001777,1605149144971,FES Receiver,2020-11-12 03:45:45.17684,"['SS', 'Standalone', 'version_184']",70001777,SENS_EVENT_MEASURE,62 cm,3600 mV,13 C,0 Degree,45 Times,
3375,2652099,70B3D50070001777,1605152744857,FES Receiver,2020-11-12 04:45:45.054019,"['SS', 'Standalone', 'version_184']",70001777,SENS_EVENT_MEASURE,62 cm,3600 mV,11 C,0 Degree,46 Times,
3374,2652494,70B3D50070001777,1605156344859,FES Receiver,2020-11-12 05:45:46.398862,"['SS', 'Standalone', 'version_184']",70001777,SENS_EVENT_MEASURE,60 cm,3600 mV,11 C,0 Degree,47 Times,
3373,2652930,70B3D50070001777,1605159944612,FES Receiver,2020-11-12 06:45:44.816787,"['SS', 'Standalone', 'version_184']",70001777,SENS_EVENT_MEASURE,62 cm,3600 mV,11 C,0 Degree,48 Times,
3372,2653756,70B3D50070001777,1605167144220,FES Receiver,2020-11-12 08:45:46.572586,"['SS', 'Standalone', 'version_184']",70001777,SENS_EVENT_MEASURE,62 cm,3600 mV,13 C,1 Degree,50 Times,
3371,2654190,70B3D50070001777,1605170744093,FES Receiver,2020-11-12 09:45:45.996226,"['SS', 'Standalone', 'version_184']",70001777,SENS_EVENT_MEASURE,62 cm,3610 mV,13 C,0 Degree,51 Times,
3370,2654580,70B3D50070001777,1605174343971,FES Receiver,2020-11-12 10:45:46.123902,"['SS', 'Standalone', 'version_184']",70001777,SENS_EVENT_MEASURE,62 cm,3610 mV,14 C,1 Degree,52 Times,
3369,2654955,70B3D50070001777,1605177943840,FES Receiver,2020-11-12 11:45:44.302664,"['SS', 'Standalone', 'version_184']",70001777,SENS_EVENT_MEASURE,64 cm,3610 mV,14 C,1 Degree,53 Times,
3368,2655338,70B3D50070001777,1605181543734,FES Receiver,2020-11-12 12:45:44.220042,"['SS', 'Standalone', 'version_184']",70001777,SENS_EVENT_MEASURE,62 cm,3610 mV,14 C,0 Degree,54 Times,
3367,2655731,70B3D50070001777,1605185143567,FES Receiver,2020-11-12 13:45:43.97463,"['SS', 'Standalone', 'version_184']",70001777,SENS_EVENT_MEASURE,52 cm,3610 mV,14 C,0 Degree,55 Times,
3366,2656102,70B3D50070001777,1605188743446,FES Receiver,2020-11-12 14:45:44.026872,"['SS', 'Standalone', 'version_184']",70001777,SENS_EVENT_MEASURE,52 cm,3610 mV,16 C,0 Degree,56 Times,
3365,2656381,70B3D50070001777,1605192323315,FES Receiver,2020-11-12 15:45:23.511214,"['SS', 'Standalone', 'version_184']",70001777,SENS_EVENT_MEASURE,58 cm,3610 mV,15 C,0 Degree,57 Times,
3364,2656639,70B3D50070001777,1605195923168,FES Receiver,2020-11-12 16:45:23.454957,"['SS', 'Standalone', 'version_184']",70001777,SENS_EVENT_MEASURE,60 cm,3610 mV,15 C,1 Degree,58 Times,
3363,2656916,70B3D50070001777,1605199523021,FES Receiver,2020-11-12 17:45:23.223649,"['SS', 'Standalone', 'version_184']",70001777,SENS_EVENT_MEASURE,54 cm,3610 mV,14 C,0 Degree,59 Times,
3362,2657183,70B3D50070001777,1605203122895,FES Receiver,2020-11-12 18:45:23.09364,"['SS', 'Standalone', 'version_184']",70001777,SENS_EVENT_MEASURE,58 cm,3610 mV,13 C,0 Degree,60 Times,
3361,2657445,70B3D50070001777,1605206724385,FES Receiver,2020-11-12 19:45:24.662398,"['SS', 'Standalone', 'version_184']",70001777,SENS_EVENT_MEASURE,56 cm,3600 mV,11 C,0 Degree,61 Times,
3360,2657712,70B3D50070001777,1605210324258,FES Receiver,2020-11-12 20:45:24.495518,"['SS', 'Standalone', 'version_184']",70001777,SENS_EVENT_MEASURE,54 cm,3600 mV,11 C,1 Degree,62 Times,
3359,2657991,70B3D50070001777,1605213924092,FES Receiver,2020-11-12 21:45:24.409585,"['SS', 'Standalone', 'version_184']",70001777,SENS_EVENT_MEASURE,52 cm,3600 mV,13 C,1 Degree,63 Times,
3358,2658291,70B3D50070001777,1605217523971,FES Receiver,2020-11-12 22:45:24.168183,"['SS', 'Standalone', 'version_184']",70001777,SENS_EVENT_MEASURE,56 cm,3600 mV,10 C,0 Degree,64 Times,
3357,2658865,70B3D50070001777,1605224723733,FES Receiver,2020-11-13 00:45:23.953598,"['SS', 'Standalone', 'version_184']",70001777,SENS_EVENT_MEASURE,56 cm,3600 mV,13 C,1 Degree,66 Times,
3356,2659144,70B3D50070001777,1605228323767,FES Receiver,2020-11-13 01:45:23.964376,"['SS', 'Standalone', 'version_184']",70001777,SENS_EVENT_MEASURE,54 cm,3600 mV,10 C,0 Degree,67 Times,
3355,2659422,70B3D50070001777,1605231923646,FES Receiver,2020-11-13 02:45:23.861236,"['SS', 'Standalone', 'version_184']",70001777,SENS_EVENT_MEASURE,54 cm,3600 mV,11 C,1 Degree,68 Times,
3354,2659985,70B3D50070001777,1605239123413,FES Receiver,2020-11-13 04:45:23.63889,"['SS', 'Standalone', 'version_184']",70001777,SENS_EVENT_MEASURE,54 cm,3600 mV,12 C,0 Degree,70 Times,
3353,2660262,70B3D50070001777,1605242723309,FES Receiver,2020-11-13 05:45:23.507156,"['SS', 'Standalone', 'version_184']",70001777,SENS_EVENT_MEASURE,54 cm,3600 mV,13 C,0 Degree,71 Times,
3352,2660814,70B3D50070001777,1605249922969,FES Receiver,2020-11-13 07:45:23.165923,"['SS', 'Standalone', 'version_184']",70001777,SENS_EVENT_MEASURE,56 cm,3590 mV,8 C,1 Degree,73 Times,
3351,2661067,70B3D50070001777,1605253522802,FES Receiver,2020-11-13 08:45:22.998643,"['SS', 'Standalone', 'version_184']",70001777,SENS_EVENT_MEASURE,54 cm,3600 mV,11 C,1 Degree,74 Times,
3350,2661328,70B3D50070001777,1605257122856,FES Receiver,2020-11-13 09:45:23.053842,"['SS', 'Standalone', 'version_184']",70001777,SENS_EVENT_MEASURE,124 cm,3600 mV,12 C,0 Degree,75 Times,
3349,2661601,70B3D50070001777,1605260722730,FES Receiver,2020-11-13 10:45:22.928084,"['SS', 'Standalone', 'version_184']",70001777,SENS_EVENT_MEASURE,124 cm,3600 mV,12 C,0 Degree,76 Times,
3348,2661865,70B3D50070001777,1605264322604,FES Receiver,2020-11-13 11:45:22.800483,"['SS', 'Standalone', 'version_184']",70001777,SENS_EVENT_MEASURE,122 cm,3600 mV,13 C,0 Degree,77 Times,
3347,2662145,70B3D50070001777,1605267922477,FES Receiver,2020-11-13 12:45:23.076671,"['SS', 'Standalone', 'version_184']",70001777,SENS_EVENT_MEASURE,122 cm,3610 mV,13 C,0 Degree,78 Times,
3346,2662907,70B3D50070001777,1605275122229,FES Receiver,2020-11-13 14:45:22.665642,"['SS', 'Standalone', 'version_184']",70001777,SENS_EVENT_MEASURE,124 cm,3610 mV,16 C,0 Degree,80 Times,
3345,2663284,70B3D50070001777,1605278722058,FES Receiver,2020-11-13 15:45:22.256549,"['SS', 'Standalone', 'version_184']",70001777,SENS_EVENT_MEASURE,122 cm,3610 mV,15 C,0 Degree,81 Times,
3344,2663674,70B3D50070001777,1605282321917,FES Receiver,2020-11-13 16:45:22.12863,"['SS', 'Standalone', 'version_184']",70001777,SENS_EVENT_MEASURE,128 cm,3610 mV,13 C,0 Degree,82 Times,
3343,2664064,70B3D50070001777,1605285921788,FES Receiver,2020-11-13 17:45:21.989325,"['SS', 'Standalone', 'version_184']",70001777,SENS_EVENT_MEASURE,130 cm,3610 mV,13 C,0 Degree,83 Times,
3342,2664473,70B3D50070001777,1605289521659,FES Receiver,2020-11-13 18:45:21.855822,"['SS', 'Standalone', 'version_184']",70001777,SENS_EVENT_MEASURE,122 cm,3610 mV,13 C,0 Degree,84 Times,
3341,2665235,70B3D50070001777,1605296723010,FES Receiver,2020-11-13 20:45:23.210996,"['SS', 'Standalone', 'version_184']",70001777,SENS_EVENT_MEASURE,124 cm,3610 mV,13 C,0 Degree,86 Times,
3340,2666002,70B3D50070001777,1605303922730,FES Receiver,2020-11-13 22:45:22.935198,"['SS', 'Standalone', 'version_184']",70001777,SENS_EVENT_MEASURE,124 cm,3600 mV,13 C,0 Degree,88 Times,
3339,2666411,70B3D50070001777,1605307522609,FES Receiver,2020-11-13 23:45:22.810986,"['SS', 'Standalone', 'version_184']",70001777,SENS_EVENT_MEASURE,122 cm,3600 mV,13 C,0 Degree,89 Times,
3338,2666792,70B3D50070001777,1605311122477,FES Receiver,2020-11-14 00:45:22.71346,"['SS', 'Standalone', 'version_184']",70001777,SENS_EVENT_MEASURE,124 cm,3600 mV,13 C,0 Degree,90 Times,
3337,2667177,70B3D50070001777,1605314722356,FES Receiver,2020-11-14 01:45:22.552858,"['SS', 'Standalone', 'version_184']",70001777,SENS_EVENT_MEASURE,124 cm,3600 mV,12 C,0 Degree,91 Times,
3336,2667936,70B3D50070001777,1605321922110,FES Receiver,2020-11-14 03:45:22.311975,"['SS', 'Standalone', 'version_184']",70001777,SENS_EVENT_MEASURE,124 cm,3600 mV,12 C,0 Degree,93 Times,
3335,2668336,70B3D50070001777,1605325521970,FES Receiver,2020-11-14 04:45:22.16862,"['SS', 'Standalone', 'version_184']",70001777,SENS_EVENT_MEASURE,124 cm,3600 mV,12 C,0 Degree,94 Times,
3334,2668716,70B3D50070001777,1605329121850,FES Receiver,2020-11-14 05:45:22.048905,"['SS', 'Standalone', 'version_184']",70001777,SENS_EVENT_MEASURE,124 cm,3600 mV,12 C,0 Degree,95 Times,
3333,2669118,70B3D50070001777,1605332721717,FES Receiver,2020-11-14 06:45:21.915033,"['SS', 'Standalone', 'version_184']",70001777,SENS_EVENT_MEASURE,124 cm,3600 mV,13 C,0 Degree,96 Times,
3332,2669525,70B3D50070001777,1605336321612,FES Receiver,2020-11-14 07:45:21.810359,"['SS', 'Standalone', 'version_184']",70001777,SENS_EVENT_MEASURE,124 cm,3600 mV,13 C,0 Degree,97 Times,
3331,2669884,70B3D50070001777,1605339921485,FES Receiver,2020-11-14 08:45:21.682884,"['SS', 'Standalone', 'version_184']",70001777,SENS_EVENT_MEASURE,124 cm,3600 mV,13 C,0 Degree,98 Times,
3330,2670253,70B3D50070001777,1605343521238,FES Receiver,2020-11-14 09:45:21.574651,"['SS', 'Standalone', 'version_184']",70001777,SENS_EVENT_MEASURE,124 cm,3610 mV,15 C,0 Degree,99 Times,
3329,2670629,70B3D50070001777,1605347121052,FES Receiver,2020-11-14 10:45:21.250103,"['SS', 'Standalone', 'version_184']",70001777,SENS_EVENT_MEASURE,122 cm,3620 mV,18 C,0 Degree,100 Times,
3328,2670991,70B3D50070001777,1605350720871,FES Receiver,2020-11-14 11:45:21.069473,"['SS', 'Standalone', 'version_184']",70001777,SENS_EVENT_MEASURE,122 cm,3630 mV,18 C,0 Degree,101 Times,
3327,2672097,70B3D50070001777,1605361520446,FES Receiver,2020-11-14 14:45:20.64323,"['SS', 'Standalone', 'version_184']",70001777,SENS_EVENT_MEASURE,122 cm,3620 mV,18 C,0 Degree,104 Times,
3326,2672465,70B3D50070001777,1605365120359,FES Receiver,2020-11-14 15:45:20.558624,"['SS', 'Standalone', 'version_184']",70001777,SENS_EVENT_MEASURE,124 cm,3620 mV,17 C,0 Degree,105 Times,
3325,2672855,70B3D50070001777,1605368720213,FES Receiver,2020-11-14 16:45:20.41075,"['SS', 'Standalone', 'version_184']",70001777,SENS_EVENT_MEASURE,128 cm,3620 mV,17 C,0 Degree,106 Times,
3324,2673239,70B3D50070001777,1605372320072,FES Receiver,2020-11-14 17:45:20.272666,"['SS', 'Standalone', 'version_184']",70001777,SENS_EVENT_MEASURE,118 cm,3610 mV,14 C,0 Degree,107 Times,
3323,2673617,70B3D50070001777,1605375919926,FES Receiver,2020-11-14 18:45:20.124543,"['SS', 'Standalone', 'version_184']",70001777,SENS_EVENT_MEASURE,120 cm,3610 mV,13 C,0 Degree,108 Times,
3322,2673990,70B3D50070001777,1605379521388,FES Receiver,2020-11-14 19:45:21.581034,"['SS', 'Standalone', 'version_184']",70001777,SENS_EVENT_MEASURE,116 cm,3610 mV,13 C,0 Degree,109 Times,
3321,2675171,70B3D50070001777,1605390321015,FES Receiver,2020-11-14 22:45:21.215109,"['SS', 'Standalone', 'version_184']",70001777,SENS_EVENT_MEASURE,116 cm,3600 mV,11 C,0 Degree,112 Times,
3320,2675570,70B3D50070001777,1605393920907,FES Receiver,2020-11-14 23:45:21.226232,"['SS', 'Standalone', 'version_184']",70001777,SENS_EVENT_MEASURE,116 cm,3600 mV,13 C,0 Degree,113 Times,
3319,2675956,70B3D50070001777,1605397520776,FES Receiver,2020-11-15 00:45:20.988145,"['SS', 'Standalone', 'version_184']",70001777,SENS_EVENT_MEASURE,116 cm,3600 mV,11 C,1 Degree,114 Times,
3318,2676748,70B3D50070001777,1605404720603,FES Receiver,2020-11-15 02:45:20.818342,"['SS', 'Standalone', 'version_184']",70001777,SENS_EVENT_MEASURE,116 cm,3590 mV,11 C,0 Degree,116 Times,
3317,2677857,70B3D50070001777,1605415520203,FES Receiver,2020-11-15 05:45:20.406074,"['SS', 'Standalone', 'version_184']",70001777,SENS_EVENT_MEASURE,116 cm,3590 mV,10 C,0 Degree,119 Times,
3316,2678231,70B3D50070001777,1605419120097,FES Receiver,2020-11-15 06:45:20.295094,"['SS', 'Standalone', 'version_184']",70001777,SENS_EVENT_MEASURE,116 cm,3590 mV,11 C,1 Degree,120 Times,
3315,2678585,70B3D50070001777,1605422719979,FES Receiver,2020-11-15 07:45:20.173069,"['SS', 'Standalone', 'version_184']",70001777,SENS_EVENT_MEASURE,118 cm,3590 mV,12 C,0 Degree,121 Times,
3314,2678970,70B3D50070001777,1605426319864,FES Receiver,2020-11-15 08:45:20.058528,"['SS', 'Standalone', 'version_184']",70001777,SENS_EVENT_MEASURE,118 cm,3590 mV,11 C,0 Degree,122 Times,
3313,2679770,70B3D50070001777,1605433519451,FES Receiver,2020-11-15 10:45:19.644257,"['SS', 'Standalone', 'version_184']",70001777,SENS_EVENT_MEASURE,118 cm,3620 mV,21 C,1 Degree,124 Times,
3312,2680149,70B3D50070001777,1605437119324,FES Receiver,2020-11-15 11:45:19.611612,"['SS', 'Standalone', 'version_184']",70001777,SENS_EVENT_MEASURE,116 cm,3640 mV,28 C,0 Degree,125 Times,
3311,2680909,70B3D50070001777,1605444318992,FES Receiver,2020-11-15 13:45:19.184184,"['SS', 'Standalone', 'version_184']",70001777,SENS_EVENT_MEASURE,114 cm,3630 mV,19 C,0 Degree,127 Times,
3310,2681302,70B3D50070001777,1605447918906,FES Receiver,2020-11-15 14:45:19.098436,"['SS', 'Standalone', 'version_184']",70001777,SENS_EVENT_MEASURE,116 cm,3630 mV,18 C,0 Degree,128 Times,
3309,2681684,70B3D50070001777,1605451518760,FES Receiver,2020-11-15 15:45:18.953995,"['SS', 'Standalone', 'version_184']",70001777,SENS_EVENT_MEASURE,112 cm,3620 mV,16 C,1 Degree,129 Times,
3308,2682070,70B3D50070001777,1605455118592,FES Receiver,2020-11-15 16:45:18.787693,"['SS', 'Standalone', 'version_184']",70001777,SENS_EVENT_MEASURE,112 cm,3620 mV,17 C,0 Degree,130 Times,
3307,2682456,70B3D50070001777,1605458718445,FES Receiver,2020-11-15 17:45:18.648505,"['SS', 'Standalone', 'version_184']",70001777,SENS_EVENT_MEASURE,110 cm,3620 mV,16 C,1 Degree,131 Times,
3306,2682831,70B3D50070001777,1605462318299,FES Receiver,2020-11-15 18:45:18.491148,"['SS', 'Standalone', 'version_184']",70001777,SENS_EVENT_MEASURE,112 cm,3610 mV,16 C,0 Degree,132 Times,
3305,2683228,70B3D50070001777,1605465919746,FES Receiver,2020-11-15 19:45:19.969872,"['SS', 'Standalone', 'version_184']",70001777,SENS_EVENT_MEASURE,112 cm,3610 mV,15 C,0 Degree,133 Times,
3304,2683602,70B3D50070001777,1605469519606,FES Receiver,2020-11-15 20:45:19.80814,"['SS', 'Standalone', 'version_184']",70001777,SENS_EVENT_MEASURE,112 cm,3610 mV,16 C,0 Degree,134 Times,
3303,2684009,70B3D50070001777,1605473119453,FES Receiver,2020-11-15 21:45:19.651716,"['SS', 'Standalone', 'version_184']",70001777,SENS_EVENT_MEASURE,112 cm,3610 mV,15 C,0 Degree,135 Times,
3302,2684403,70B3D50070001777,1605476719307,FES Receiver,2020-11-15 22:45:19.505307,"['SS', 'Standalone', 'version_184']",70001777,SENS_EVENT_MEASURE,114 cm,3610 mV,16 C,0 Degree,136 Times,
3301,2684798,70B3D50070001777,1605480319180,FES Receiver,2020-11-15 23:45:19.620361,"['SS', 'Standalone', 'version_184']",70001777,SENS_EVENT_MEASURE,114 cm,3610 mV,16 C,0 Degree,137 Times,
3300,2685194,70B3D50070001777,1605483919034,FES Receiver,2020-11-16 00:45:19.233967,"['SS', 'Standalone', 'version_184']",70001777,SENS_EVENT_MEASURE,112 cm,3610 mV,14 C,0 Degree,138 Times,
3299,2685569,70B3D50070001777,1605487518893,FES Receiver,2020-11-16 01:45:19.09213,"['SS', 'Standalone', 'version_184']",70001777,SENS_EVENT_MEASURE,112 cm,3610 mV,14 C,0 Degree,139 Times,
3298,2685964,70B3D50070001777,1605491118836,FES Receiver,2020-11-16 02:45:19.035105,"['SS', 'Standalone', 'version_184']",70001777,SENS_EVENT_MEASURE,112 cm,3600 mV,13 C,0 Degree,140 Times,
3297,2686732,70B3D50070001777,1605498318528,FES Receiver,2020-11-16 04:45:18.725427,"['SS', 'Standalone', 'version_184']",70001777,SENS_EVENT_MEASURE,112 cm,3600 mV,13 C,1 Degree,142 Times,
3296,2687106,70B3D50070001777,1605501918401,FES Receiver,2020-11-16 05:45:18.599401,"['SS', 'Standalone', 'version_184']",70001777,SENS_EVENT_MEASURE,112 cm,3600 mV,13 C,0 Degree,143 Times,
3295,2687484,70B3D50070001777,1605505518320,FES Receiver,2020-11-16 06:45:18.520051,"['SS', 'Standalone', 'version_184']",70001777,SENS_EVENT_MEASURE,112 cm,3600 mV,13 C,0 Degree,144 Times,
3294,2687751,70B3D50070001777,1605509118188,FES Receiver,2020-11-16 07:45:18.385521,"['SS', 'Standalone', 'version_184']",70001777,SENS_EVENT_MEASURE,112 cm,3600 mV,13 C,0 Degree,145 Times,
3293,2688024,70B3D50070001777,1605512717918,FES Receiver,2020-11-16 08:45:18.121683,"['SS', 'Standalone', 'version_184']",70001777,SENS_EVENT_MEASURE,112 cm,3600 mV,13 C,0 Degree,146 Times,
3292,2688423,70B3D50070001777,1605516317855,FES Receiver,2020-11-16 09:45:18.057879,"['SS', 'Standalone', 'version_184']",70001777,SENS_EVENT_MEASURE,108 cm,3600 mV,15 C,0 Degree,147 Times,
3291,2688802,70B3D50070001777,1605519917708,FES Receiver,2020-11-16 10:45:17.906419,"['SS', 'Standalone', 'version_184']",70001777,SENS_EVENT_MEASURE,110 cm,3600 mV,15 C,0 Degree,148 Times,
3290,2689567,70B3D50070001777,1605527117435,FES Receiver,2020-11-16 12:45:17.644987,"['SS', 'Standalone', 'version_184']",70001777,SENS_EVENT_MEASURE,104 cm,3610 mV,14 C,0 Degree,150 Times,
3289,2689942,70B3D50070001777,1605530717310,FES Receiver,2020-11-16 13:45:17.508981,"['SS', 'Standalone', 'version_184']",70001777,SENS_EVENT_MEASURE,102 cm,3610 mV,15 C,0 Degree,151 Times,
3288,2690289,70B3D50070001777,1605534317162,FES Receiver,2020-11-16 14:45:17.463008,"['SS', 'Standalone', 'version_184']",70001777,SENS_EVENT_MEASURE,102 cm,3610 mV,15 C,0 Degree,152 Times,
3287,2690670,70B3D50070001777,1605537918356,FES Receiver,2020-11-16 15:45:18.581904,"['SS', 'Standalone', 'version_184']",70001777,SENS_EVENT_MEASURE,102 cm,3600 mV,15 C,1 Degree,153 Times,
3286,2691446,70B3D50070001777,1605545118075,FES Receiver,2020-11-16 17:45:18.304072,"['SS', 'Standalone', 'version_184']",70001777,SENS_EVENT_MEASURE,104 cm,3610 mV,15 C,1 Degree,155 Times,
3285,2691821,70B3D50070001777,1605548717956,FES Receiver,2020-11-16 18:45:18.184618,"['SS', 'Standalone', 'version_184']",70001777,SENS_EVENT_MEASURE,100 cm,3610 mV,15 C,0 Degree,156 Times,
3284,2692204,70B3D50070001777,1605552317817,FES Receiver,2020-11-16 19:45:18.043284,"['SS', 'Standalone', 'version_184']",70001777,SENS_EVENT_MEASURE,100 cm,3600 mV,14 C,0 Degree,157 Times,
3283,2692582,70B3D50070001777,1605555917697,FES Receiver,2020-11-16 20:45:17.922161,"['SS', 'Standalone', 'version_184']",70001777,SENS_EVENT_MEASURE,102 cm,3600 mV,15 C,1 Degree,158 Times,
3282,2692958,70B3D50070001777,1605559517578,FES Receiver,2020-11-16 21:45:17.821127,"['SS', 'Standalone', 'version_184']",70001777,SENS_EVENT_MEASURE,102 cm,3600 mV,14 C,0 Degree,159 Times,
3281,2693349,70B3D50070001777,1605563117539,FES Receiver,2020-11-16 22:45:17.764823,"['SS', 'Standalone', 'version_184']",70001777,SENS_EVENT_MEASURE,100 cm,3610 mV,13 C,0 Degree,160 Times,
3280,2693767,70B3D50070001777,1605566717399,FES Receiver,2020-11-16 23:45:17.624968,"['SS', 'Standalone', 'version_184']",70001777,SENS_EVENT_MEASURE,100 cm,3600 mV,12 C,0 Degree,161 Times,
3279,2694181,70B3D50070001777,1605570317306,FES Receiver,2020-11-17 00:45:17.534189,"['SS', 'Standalone', 'version_184']",70001777,SENS_EVENT_MEASURE,100 cm,3600 mV,12 C,0 Degree,162 Times,
3278,2694580,70B3D50070001777,1605573917200,FES Receiver,2020-11-17 01:45:17.424727,"['SS', 'Standalone', 'version_184']",70001777,SENS_EVENT_MEASURE,100 cm,3600 mV,13 C,0 Degree,163 Times,
3277,2695341,70B3D50070001777,1605581116948,FES Receiver,2020-11-17 03:45:17.173954,"['SS', 'Standalone', 'version_184']",70001777,SENS_EVENT_MEASURE,100 cm,3590 mV,11 C,0 Degree,165 Times,
3276,2695732,70B3D50070001777,1605584716802,FES Receiver,2020-11-17 04:45:17.027477,"['SS', 'Standalone', 'version_184']",70001777,SENS_EVENT_MEASURE,100 cm,3590 mV,12 C,0 Degree,166 Times,
3275,2696108,70B3D50070001777,1605588316742,FES Receiver,2020-11-17 05:45:17.003374,"['SS', 'Standalone', 'version_184']",70001777,SENS_EVENT_MEASURE,100 cm,3600 mV,12 C,0 Degree,167 Times,
3274,2696486,70B3D50070001777,1605591916582,FES Receiver,2020-11-17 06:45:16.817028,"['SS', 'Standalone', 'version_184']",70001777,SENS_EVENT_MEASURE,100 cm,3600 mV,12 C,1 Degree,168 Times,
3273,2696873,70B3D50070001777,1605595516483,FES Receiver,2020-11-17 07:45:16.708732,"['SS', 'Standalone', 'version_184']",70001777,SENS_EVENT_MEASURE,102 cm,3600 mV,13 C,0 Degree,169 Times,
3272,2697246,70B3D50070001777,1605599116324,FES Receiver,2020-11-17 08:45:16.549309,"['SS', 'Standalone', 'version_184']",70001777,SENS_EVENT_MEASURE,96 cm,3600 mV,13 C,1 Degree,170 Times,
3271,2697620,70B3D50070001777,1605602716202,FES Receiver,2020-11-17 09:45:16.426823,"['SS', 'Standalone', 'version_184']",70001777,SENS_EVENT_MEASURE,98 cm,3600 mV,13 C,1 Degree,171 Times,
3270,2698380,70B3D50070001777,1605609915942,FES Receiver,2020-11-17 11:45:16.173084,"['SS', 'Standalone', 'version_184']",70001777,SENS_EVENT_MEASURE,98 cm,3610 mV,15 C,1 Degree,173 Times,
3269,2698749,70B3D50070001777,1605613515822,FES Receiver,2020-11-17 12:45:16.05852,"['SS', 'Standalone', 'version_184']",70001777,SENS_EVENT_MEASURE,96 cm,3610 mV,14 C,0 Degree,174 Times,
3268,2699281,70B3D50070001777,1605617115621,FES Receiver,2020-11-17 13:45:15.854046,"['SS', 'Standalone', 'version_184']",70001777,SENS_EVENT_MEASURE,90 cm,3610 mV,15 C,0 Degree,175 Times,
3267,2699829,70B3D50070001777,1605620715388,FES Receiver,2020-11-17 14:45:15.612353,"['SS', 'Standalone', 'version_184']",70001777,SENS_EVENT_MEASURE,90 cm,3610 mV,18 C,0 Degree,176 Times,
3266,2700385,70B3D50070001777,1605624315241,FES Receiver,2020-11-17 15:45:15.466348,"['SS', 'Standalone', 'version_184']",70001777,SENS_EVENT_MEASURE,92 cm,3610 mV,15 C,0 Degree,177 Times,
3265,2700926,70B3D50070001777,1605627915201,FES Receiver,2020-11-17 16:45:15.426463,"['SS', 'Standalone', 'version_184']",70001777,SENS_EVENT_MEASURE,92 cm,3610 mV,17 C,1 Degree,178 Times,
3264,2701284,70B3D50070001777,1605631515062,FES Receiver,2020-11-17 17:45:15.289537,"['SS', 'Standalone', 'version_184']",70001777,SENS_EVENT_MEASURE,92 cm,3610 mV,14 C,0 Degree,179 Times,
3263,2702027,70B3D50070001777,1605638716493,FES Receiver,2020-11-17 19:45:16.691287,"['SS', 'Standalone', 'version_184']",70001777,SENS_EVENT_MEASURE,84 cm,3590 mV,14 C,0 Degree,181 Times,
3262,2702396,70B3D50070001777,1605642316354,FES Receiver,2020-11-17 20:45:16.552149,"['SS', 'Standalone', 'version_184']",70001777,SENS_EVENT_MEASURE,84 cm,3610 mV,14 C,0 Degree,182 Times,
3261,2702794,70B3D50070001777,1605645916239,FES Receiver,2020-11-17 21:45:16.439289,"['SS', 'Standalone', 'version_184']",70001777,SENS_EVENT_MEASURE,84 cm,3610 mV,14 C,0 Degree,183 Times,
3260,2703169,70B3D50070001777,1605649516094,FES Receiver,2020-11-17 22:45:16.29243,"['SS', 'Standalone', 'version_184']",70001777,SENS_EVENT_MEASURE,84 cm,3610 mV,14 C,0 Degree,184 Times,
3259,2703562,70B3D50070001777,1605653115974,FES Receiver,2020-11-17 23:45:16.173973,"['SS', 'Standalone', 'version_184']",70001777,SENS_EVENT_MEASURE,84 cm,3610 mV,14 C,1 Degree,185 Times,
3258,2703967,70B3D50070001777,1605656715839,FES Receiver,2020-11-18 00:45:16.046546,"['SS', 'Standalone', 'version_184']",70001777,SENS_EVENT_MEASURE,84 cm,3610 mV,15 C,0 Degree,186 Times,
3257,2704363,70B3D50070001777,1605660315695,FES Receiver,2020-11-18 01:45:15.893606,"['SS', 'Standalone', 'version_184']",70001777,SENS_EVENT_MEASURE,84 cm,3600 mV,15 C,1 Degree,187 Times,
3256,2704739,70B3D50070001777,1605663915575,FES Receiver,2020-11-18 02:45:15.776108,"['SS', 'Standalone', 'version_184']",70001777,SENS_EVENT_MEASURE,84 cm,3600 mV,13 C,0 Degree,188 Times,
3255,2705101,70B3D50070001777,1605667515447,FES Receiver,2020-11-18 03:45:15.675763,"['SS', 'Standalone', 'version_184']",70001777,SENS_EVENT_MEASURE,84 cm,3600 mV,13 C,0 Degree,189 Times,
3254,2705504,70B3D50070001777,1605671115375,FES Receiver,2020-11-18 04:45:15.576578,"['SS', 'Standalone', 'version_184']",70001777,SENS_EVENT_MEASURE,84 cm,3600 mV,13 C,0 Degree,190 Times,
3253,2705877,70B3D50070001777,1605674715241,FES Receiver,2020-11-18 05:45:15.443948,"['SS', 'Standalone', 'version_184']",70001777,SENS_EVENT_MEASURE,84 cm,3600 mV,13 C,0 Degree,191 Times,
3252,2706569,70B3D50070001777,1605681915016,FES Receiver,2020-11-18 07:45:15.215698,"['SS', 'Standalone', 'version_184']",70001777,SENS_EVENT_MEASURE,86 cm,3600 mV,13 C,2 Degree,193 Times,
3251,2706921,70B3D50070001777,1605685514877,FES Receiver,2020-11-18 08:45:15.103037,"['SS', 'Standalone', 'version_184']",70001777,SENS_EVENT_MEASURE,86 cm,3600 mV,13 C,0 Degree,194 Times,
3250,2707703,70B3D50070001777,1605692714423,FES Receiver,2020-11-18 10:45:14.622409,"['SS', 'Standalone', 'version_184']",70001777,SENS_EVENT_MEASURE,92 cm,3620 mV,20 C,0 Degree,196 Times,
3249,2708089,70B3D50070001777,1605696314218,FES Receiver,2020-11-18 11:45:14.418024,"['SS', 'Standalone', 'version_184']",70001777,SENS_EVENT_MEASURE,90 cm,3630 mV,24 C,0 Degree,197 Times,
3248,2708843,70B3D50070001777,1605703513876,FES Receiver,2020-11-18 13:45:14.077896,"['SS', 'Standalone', 'version_184']",70001777,SENS_EVENT_MEASURE,88 cm,3610 mV,18 C,1 Degree,199 Times,
3247,2709559,70B3D50070001777,1605714313537,FES Receiver,2020-11-18 16:45:13.73659,"['SS', 'Standalone', 'version_184']",70001777,SENS_EVENT_MEASURE,86 cm,3610 mV,16 C,0 Degree,202 Times,
3246,2710349,70B3D50070001777,1605721513417,FES Receiver,2020-11-18 18:45:13.616347,"['SS', 'Standalone', 'version_184']",70001777,SENS_EVENT_MEASURE,84 cm,3600 mV,12 C,0 Degree,204 Times,
3245,2710769,70B3D50070001777,1605725114611,FES Receiver,2020-11-18 19:45:14.810066,"['SS', 'Standalone', 'version_184']",70001777,SENS_EVENT_MEASURE,90 cm,3600 mV,13 C,1 Degree,205 Times,
3244,2711160,70B3D50070001777,1605728714491,FES Receiver,2020-11-18 20:45:14.691654,"['SS', 'Standalone', 'version_184']",70001777,SENS_EVENT_MEASURE,88 cm,3590 mV,11 C,0 Degree,206 Times,
3243,2711569,70B3D50070001777,1605732314351,FES Receiver,2020-11-18 21:45:14.549203,"['SS', 'Standalone', 'version_184']",70001777,SENS_EVENT_MEASURE,82 cm,3590 mV,10 C,0 Degree,207 Times,
3242,2712388,70B3D50070001777,1605739514130,FES Receiver,2020-11-18 23:45:14.329037,"['SS', 'Standalone', 'version_184']",70001777,SENS_EVENT_MEASURE,82 cm,3590 mV,12 C,1 Degree,209 Times,
3241,2712813,70B3D50070001777,1605743114031,FES Receiver,2020-11-19 00:45:14.232139,"['SS', 'Standalone', 'version_184']",70001777,SENS_EVENT_MEASURE,82 cm,3590 mV,11 C,0 Degree,210 Times,
3240,2713219,70B3D50070001777,1605746713910,FES Receiver,2020-11-19 01:45:14.115851,"['SS', 'Standalone', 'version_184']",70001777,SENS_EVENT_MEASURE,82 cm,3590 mV,12 C,1 Degree,211 Times,
3239,2713619,70B3D50070001777,1605750313790,FES Receiver,2020-11-19 02:45:13.991357,"['SS', 'Standalone', 'version_184']",70001777,SENS_EVENT_MEASURE,82 cm,3590 mV,10 C,0 Degree,212 Times,
3238,2714022,70B3D50070001777,1605753913711,FES Receiver,2020-11-19 03:45:13.922913,"['SS', 'Standalone', 'version_184']",70001777,SENS_EVENT_MEASURE,82 cm,3590 mV,13 C,0 Degree,213 Times,
3237,2714410,70B3D50070001777,1605757513590,FES Receiver,2020-11-19 04:45:13.788466,"['SS', 'Standalone', 'version_184']",70001777,SENS_EVENT_MEASURE,82 cm,3590 mV,11 C,0 Degree,214 Times,
3236,2715203,70B3D50070001777,1605764713350,FES Receiver,2020-11-19 06:45:13.548148,"['SS', 'Standalone', 'version_184']",70001777,SENS_EVENT_MEASURE,82 cm,3590 mV,13 C,0 Degree,216 Times,
3235,2715608,70B3D50070001777,1605768313392,FES Receiver,2020-11-19 07:45:13.594479,"['SS', 'Standalone', 'version_184']",70001777,SENS_EVENT_MEASURE,86 cm,3600 mV,12 C,1 Degree,217 Times,
3234,2716017,70B3D50070001777,1605771913150,FES Receiver,2020-11-19 08:45:13.348781,"['SS', 'Standalone', 'version_184']",70001777,SENS_EVENT_MEASURE,84 cm,3590 mV,11 C,0 Degree,218 Times,
3233,2716426,70B3D50070001777,1605775513031,FES Receiver,2020-11-19 09:45:13.230404,"['SS', 'Standalone', 'version_184']",70001777,SENS_EVENT_MEASURE,84 cm,3590 mV,12 C,1 Degree,219 Times,
3232,2716816,70B3D50070001777,1605779112970,FES Receiver,2020-11-19 10:45:13.169414,"['SS', 'Standalone', 'version_184']",70001777,SENS_EVENT_MEASURE,82 cm,3600 mV,13 C,0 Degree,220 Times,
3231,2717197,70B3D50070001777,1605782712710,FES Receiver,2020-11-19 11:45:12.910774,"['SS', 'Standalone', 'version_184']",70001777,SENS_EVENT_MEASURE,78 cm,3630 mV,24 C,0 Degree,221 Times,
3230,2717611,70B3D50070001777,1605786312649,FES Receiver,2020-11-19 12:45:12.849034,"['SS', 'Standalone', 'version_184']",70001777,SENS_EVENT_MEASURE,76 cm,3620 mV,16 C,1 Degree,222 Times,
3229,2718025,70B3D50070001777,1605789912525,FES Receiver,2020-11-19 13:45:12.724323,"['SS', 'Standalone', 'version_184']",70001777,SENS_EVENT_MEASURE,78 cm,3610 mV,16 C,0 Degree,223 Times,
3228,2718456,70B3D50070001777,1605793512289,FES Receiver,2020-11-19 14:45:12.489521,"['SS', 'Standalone', 'version_184']",70001777,SENS_EVENT_MEASURE,80 cm,3610 mV,14 C,1 Degree,224 Times,
3227,2718871,70B3D50070001777,1605797112171,FES Receiver,2020-11-19 15:45:12.370125,"['SS', 'Standalone', 'version_184']",70001777,SENS_EVENT_MEASURE,82 cm,3610 mV,15 C,0 Degree,225 Times,
3226,2719665,70B3D50070001777,1605804311910,FES Receiver,2020-11-19 17:45:12.110499,"['SS', 'Standalone', 'version_184']",70001777,SENS_EVENT_MEASURE,76 cm,3600 mV,13 C,0 Degree,227 Times,
3225,2720058,70B3D50070001777,1605807911770,FES Receiver,2020-11-19 18:45:12.269388,"['SS', 'Standalone', 'version_184']",70001777,SENS_EVENT_MEASURE,74 cm,3590 mV,10 C,0 Degree,228 Times,
3224,2720454,70B3D50070001777,1605811513099,FES Receiver,2020-11-19 19:45:13.305756,"['SS', 'Standalone', 'version_184']",70001777,SENS_EVENT_MEASURE,76 cm,3590 mV,13 C,0 Degree,229 Times,
3223,2720846,70B3D50070001777,1605876311543,FES Receiver,2020-11-20 13:45:11.742756,"['SS', 'Standalone', 'version_184']",70001777,SENS_EVENT_MEASURE,124 cm,3600 mV,13 C,0 Degree,247 Times,
3222,2721149,70B3D50070001777,1605879911417,FES Receiver,2020-11-20 14:45:12.75493,"['SS', 'Standalone', 'version_184']",70001777,SENS_EVENT_MEASURE,124 cm,3600 mV,13 C,0 Degree,248 Times,
3221,2721449,70B3D50070001777,1605883511300,FES Receiver,2020-11-20 15:45:12.919383,"['SS', 'Standalone', 'version_184']",70001777,SENS_EVENT_MEASURE,124 cm,3590 mV,12 C,0 Degree,249 Times,
3220,2721723,70B3D50070001777,1605887111198,FES Receiver,2020-11-20 16:45:13.073973,"['SS', 'Standalone', 'version_184']",70001777,SENS_EVENT_MEASURE,124 cm,3590 mV,11 C,0 Degree,250 Times,
3219,2722014,70B3D50070001777,1605890711083,FES Receiver,2020-11-20 17:45:12.673979,"['SS', 'Standalone', 'version_184']",70001777,SENS_EVENT_MEASURE,122 cm,3590 mV,10 C,0 Degree,251 Times,
3218,2722306,70B3D50070001777,1605894310983,FES Receiver,2020-11-20 18:45:12.773503,"['SS', 'Standalone', 'version_184']",70001777,SENS_EVENT_MEASURE,122 cm,3580 mV,10 C,0 Degree,252 Times,
3217,2722583,70B3D50070001777,1605897912214,FES Receiver,2020-11-20 19:45:12.628096,"['SS', 'Standalone', 'version_184']",70001777,SENS_EVENT_MEASURE,122 cm,3570 mV,6 C,0 Degree,253 Times,
3216,2722880,70B3D50070001777,1605901512251,FES Receiver,2020-11-20 20:45:12.321019,"['SS', 'Standalone', 'version_184']",70001777,SENS_EVENT_MEASURE,126 cm,3570 mV,8 C,0 Degree,254 Times,
3215,2723162,70B3D50070001777,1605905112172,FES Receiver,2020-11-20 21:45:11.97765,"['SS', 'Standalone', 'version_184']",70001777,SENS_EVENT_MEASURE,134 cm,3560 mV,7 C,0 Degree,255 Times,
3214,2723467,70B3D50070001777,1605908712112,FES Receiver,2020-11-20 22:45:12.079349,"['SS', 'Standalone', 'version_184']",70001777,SENS_EVENT_MEASURE,134 cm,3560 mV,5 C,0 Degree,0 Times,
3213,2724069,70B3D50070001777,1605915911978,FES Receiver,2020-11-21 00:45:12.226581,"['SS', 'Standalone', 'version_184']",70001777,SENS_EVENT_MEASURE,134 cm,3550 mV,5 C,0 Degree,2 Times,
3212,2724360,70B3D50070001777,1605919511919,FES Receiver,2020-11-21 01:45:11.668093,"['SS', 'Standalone', 'version_184']",70001777,SENS_EVENT_MEASURE,134 cm,3550 mV,5 C,0 Degree,3 Times,
3211,2724660,70B3D50070001777,1605923111872,FES Receiver,2020-11-21 02:45:11.607536,"['SS', 'Standalone', 'version_184']",70001777,SENS_EVENT_MEASURE,134 cm,3550 mV,5 C,0 Degree,4 Times,
3210,2724945,70B3D50070001777,1605926711818,FES Receiver,2020-11-21 03:45:11.538914,"['SS', 'Standalone', 'version_184']",70001777,SENS_EVENT_MEASURE,132 cm,3540 mV,4 C,0 Degree,5 Times,
3209,2725228,70B3D50070001777,1605930311772,FES Receiver,2020-11-21 04:45:11.479472,"['SS', 'Standalone', 'version_184']",70001777,SENS_EVENT_MEASURE,132 cm,3540 mV,2 C,0 Degree,6 Times,
3208,2725519,70B3D50070001777,1605933911732,FES Receiver,2020-11-21 05:45:11.425389,"['SS', 'Standalone', 'version_184']",70001777,SENS_EVENT_MEASURE,132 cm,3540 mV,3 C,0 Degree,7 Times,
3207,2725817,70B3D50070001777,1605937511672,FES Receiver,2020-11-21 06:45:11.352648,"['SS', 'Standalone', 'version_184']",70001777,SENS_EVENT_MEASURE,134 cm,3550 mV,4 C,0 Degree,8 Times,
3206,2726093,70B3D50070001777,1605941111619,FES Receiver,2020-11-21 07:45:11.311818,"['SS', 'Standalone', 'version_184']",70001777,SENS_EVENT_MEASURE,132 cm,3550 mV,4 C,0 Degree,9 Times,
3205,2726372,70B3D50070001777,1605944711618,FES Receiver,2020-11-21 08:45:11.647932,"['SS', 'Standalone', 'version_184']",70001777,SENS_EVENT_MEASURE,132 cm,3550 mV,5 C,0 Degree,10 Times,
3204,2726649,70B3D50070001777,1605948311552,FES Receiver,2020-11-21 09:45:11.190614,"['SS', 'Standalone', 'version_184']",70001777,SENS_EVENT_MEASURE,132 cm,3560 mV,5 C,0 Degree,11 Times,
3203,2726940,70B3D50070001777,1605951911352,FES Receiver,2020-11-21 10:45:11.072752,"['SS', 'Standalone', 'version_184']",70001777,SENS_EVENT_MEASURE,124 cm,3570 mV,8 C,1 Degree,12 Times,
3202,2727235,70B3D50070001777,1605955511252,FES Receiver,2020-11-21 11:45:11.153778,"['SS', 'Standalone', 'version_184']",70001777,SENS_EVENT_MEASURE,120 cm,3580 mV,9 C,0 Degree,13 Times,
3201,2727534,70B3D50070001777,1605959111279,FES Receiver,2020-11-21 12:45:10.874805,"['SS', 'Standalone', 'version_184']",70001777,SENS_EVENT_MEASURE,122 cm,3590 mV,12 C,0 Degree,14 Times,
3200,2727826,70B3D50070001777,1605962711172,FES Receiver,2020-11-21 13:45:11.262742,"['SS', 'Standalone', 'version_184']",70001777,SENS_EVENT_MEASURE,122 cm,3590 mV,10 C,0 Degree,15 Times,
3199,2728156,70B3D50070001777,1605966311078,FES Receiver,2020-11-21 14:45:10.739645,"['SS', 'Standalone', 'version_184']",70001777,SENS_EVENT_MEASURE,122 cm,3580 mV,9 C,0 Degree,16 Times,
3198,2728574,70B3D50070001777,1605969910973,FES Receiver,2020-11-21 15:45:10.822195,"['SS', 'Standalone', 'version_184']",70001777,SENS_EVENT_MEASURE,120 cm,3580 mV,10 C,0 Degree,17 Times,
3197,2728987,70B3D50070001777,1605973510879,FES Receiver,2020-11-21 16:45:10.419511,"['SS', 'Standalone', 'version_184']",70001777,SENS_EVENT_MEASURE,120 cm,3580 mV,10 C,1 Degree,18 Times,
3196,2729398,70B3D50070001777,1605977110793,FES Receiver,2020-11-21 17:45:10.531441,"['SS', 'Standalone', 'version_184']",70001777,SENS_EVENT_MEASURE,118 cm,3580 mV,10 C,0 Degree,19 Times,
3195,2729799,70B3D50070001777,1605980710715,FES Receiver,2020-11-21 18:45:10.804707,"['SS', 'Standalone', 'version_184']",70001777,SENS_EVENT_MEASURE,116 cm,3580 mV,7 C,0 Degree,20 Times,
3194,2730212,70B3D50070001777,1605984312054,FES Receiver,2020-11-21 19:45:12.436546,"['SS', 'Standalone', 'version_184']",70001777,SENS_EVENT_MEASURE,116 cm,3580 mV,9 C,0 Degree,21 Times,
3193,2730631,70B3D50070001777,1605987911968,FES Receiver,2020-11-21 20:45:12.371596,"['SS', 'Standalone', 'version_184']",70001777,SENS_EVENT_MEASURE,120 cm,3580 mV,9 C,0 Degree,22 Times,
3192,2731069,70B3D50070001777,1605991511809,FES Receiver,2020-11-21 21:45:12.20295,"['SS', 'Standalone', 'version_184']",70001777,SENS_EVENT_MEASURE,120 cm,3580 mV,10 C,0 Degree,23 Times,
3191,2731896,70B3D50070001777,1605998711629,FES Receiver,2020-11-21 23:45:12.128773,"['SS', 'Standalone', 'version_184']",70001777,SENS_EVENT_MEASURE,122 cm,3580 mV,10 C,0 Degree,25 Times,
3190,2732313,70B3D50070001777,1606002311548,FES Receiver,2020-11-22 00:45:12.119429,"['SS', 'Standalone', 'version_184']",70001777,SENS_EVENT_MEASURE,122 cm,3580 mV,8 C,1 Degree,26 Times,
3189,2732751,70B3D50070001777,1606005911455,FES Receiver,2020-11-22 01:45:11.559356,"['SS', 'Standalone', 'version_184']",70001777,SENS_EVENT_MEASURE,120 cm,3580 mV,6 C,0 Degree,27 Times,
3188,2733162,70B3D50070001777,1606009491375,FES Receiver,2020-11-22 02:44:51.466027,"['SS', 'Standalone', 'version_184']",70001777,SENS_EVENT_MEASURE,120 cm,3570 mV,7 C,0 Degree,28 Times,
3187,2733547,70B3D50070001777,1606013091302,FES Receiver,2020-11-22 03:44:51.378573,"['SS', 'Standalone', 'version_184']",70001777,SENS_EVENT_MEASURE,122 cm,3570 mV,10 C,0 Degree,29 Times,
3186,2733963,70B3D50070001777,1606016691209,FES Receiver,2020-11-22 04:44:51.28584,"['SS', 'Standalone', 'version_184']",70001777,SENS_EVENT_MEASURE,122 cm,3570 mV,9 C,1 Degree,30 Times,
3185,2734366,70B3D50070001777,1606020291129,FES Receiver,2020-11-22 05:44:51.176524,"['SS', 'Standalone', 'version_184']",70001777,SENS_EVENT_MEASURE,122 cm,3570 mV,10 C,0 Degree,31 Times,
3184,2734768,70B3D50070001777,1606023891049,FES Receiver,2020-11-22 06:44:51.082894,"['SS', 'Standalone', 'version_184']",70001777,SENS_EVENT_MEASURE,122 cm,3570 mV,10 C,0 Degree,32 Times,
3183,2735187,70B3D50070001777,1606027490969,FES Receiver,2020-11-22 07:44:50.990879,"['SS', 'Standalone', 'version_184']",70001777,SENS_EVENT_MEASURE,122 cm,3570 mV,9 C,0 Degree,33 Times,
3182,2735571,70B3D50070001777,1606031090895,FES Receiver,2020-11-22 08:44:50.901628,"['SS', 'Standalone', 'version_184']",70001777,SENS_EVENT_MEASURE,122 cm,3570 mV,9 C,0 Degree,34 Times,
3181,2736002,70B3D50070001777,1606034690809,FES Receiver,2020-11-22 09:44:50.80189,"['SS', 'Standalone', 'version_184']",70001777,SENS_EVENT_MEASURE,120 cm,3580 mV,8 C,0 Degree,35 Times,
3180,2736409,70B3D50070001777,1606038290589,FES Receiver,2020-11-22 10:44:50.576455,"['SS', 'Standalone', 'version_184']",70001777,SENS_EVENT_MEASURE,118 cm,3580 mV,10 C,1 Degree,36 Times,
3179,2736804,70B3D50070001777,1606041890616,FES Receiver,2020-11-22 11:44:50.580178,"['SS', 'Standalone', 'version_184']",70001777,SENS_EVENT_MEASURE,114 cm,3590 mV,10 C,0 Degree,37 Times,
3178,2737205,70B3D50070001777,1606045490510,FES Receiver,2020-11-22 12:44:50.460482,"['SS', 'Standalone', 'version_184']",70001777,SENS_EVENT_MEASURE,114 cm,3590 mV,10 C,1 Degree,38 Times,
3177,2737599,70B3D50070001777,1606049090396,FES Receiver,2020-11-22 13:44:50.333721,"['SS', 'Standalone', 'version_184']",70001777,SENS_EVENT_MEASURE,118 cm,3590 mV,10 C,0 Degree,39 Times,
3176,2737985,70B3D50070001777,1606052690290,FES Receiver,2020-11-22 14:44:50.213006,"['SS', 'Standalone', 'version_184']",70001777,SENS_EVENT_MEASURE,108 cm,3590 mV,10 C,0 Degree,40 Times,
3175,2738403,70B3D50070001777,1606056290190,FES Receiver,2020-11-22 15:44:50.113841,"['SS', 'Standalone', 'version_184']",70001777,SENS_EVENT_MEASURE,118 cm,3590 mV,11 C,0 Degree,41 Times,
3174,2738811,70B3D50070001777,1606059890077,FES Receiver,2020-11-22 16:44:49.971585,"['SS', 'Standalone', 'version_184']",70001777,SENS_EVENT_MEASURE,118 cm,3590 mV,11 C,0 Degree,42 Times,
3173,2739213,70B3D50070001777,1606063489976,FES Receiver,2020-11-22 17:44:49.856411,"['SS', 'Standalone', 'version_184']",70001777,SENS_EVENT_MEASURE,118 cm,3590 mV,10 C,0 Degree,43 Times,
3172,2739635,70B3D50070001777,1606067089877,FES Receiver,2020-11-22 18:44:49.743189,"['SS', 'Standalone', 'version_184']",70001777,SENS_EVENT_MEASURE,118 cm,3590 mV,10 C,1 Degree,44 Times,
3171,2740032,70B3D50070001777,1606070691200,FES Receiver,2020-11-22 19:44:51.389597,"['SS', 'Standalone', 'version_184']",70001777,SENS_EVENT_MEASURE,110 cm,3590 mV,10 C,0 Degree,45 Times,
3170,2740451,70B3D50070001777,1606074290928,FES Receiver,2020-11-22 20:44:51.104046,"['SS', 'Standalone', 'version_184']",70001777,SENS_EVENT_MEASURE,108 cm,3590 mV,9 C,0 Degree,46 Times,
3169,2740870,70B3D50070001777,1606077890835,FES Receiver,2020-11-22 21:44:50.996297,"['SS', 'Standalone', 'version_184']",70001777,SENS_EVENT_MEASURE,108 cm,3590 mV,9 C,0 Degree,47 Times,
3168,2741284,70B3D50070001777,1606081490729,FES Receiver,2020-11-22 22:44:50.878822,"['SS', 'Standalone', 'version_184']",70001777,SENS_EVENT_MEASURE,108 cm,3590 mV,10 C,0 Degree,48 Times,
3167,2741685,70B3D50070001777,1606085090610,FES Receiver,2020-11-22 23:44:50.747234,"['SS', 'Standalone', 'version_184']",70001777,SENS_EVENT_MEASURE,110 cm,3590 mV,12 C,0 Degree,49 Times,
3166,2742122,70B3D50070001777,1606088690575,FES Receiver,2020-11-23 00:44:50.694904,"['SS', 'Standalone', 'version_184']",70001777,SENS_EVENT_MEASURE,108 cm,3590 mV,11 C,0 Degree,50 Times,
3165,2742527,70B3D50070001777,1606092290469,FES Receiver,2020-11-23 01:44:50.576312,"['SS', 'Standalone', 'version_184']",70001777,SENS_EVENT_MEASURE,108 cm,3590 mV,11 C,0 Degree,51 Times,
3164,2742921,70B3D50070001777,1606095890370,FES Receiver,2020-11-23 02:44:50.460378,"['SS', 'Standalone', 'version_184']",70001777,SENS_EVENT_MEASURE,108 cm,3590 mV,10 C,0 Degree,52 Times,
3163,2743333,70B3D50070001777,1606099490269,FES Receiver,2020-11-23 03:44:50.345328,"['SS', 'Standalone', 'version_184']",70001777,SENS_EVENT_MEASURE,108 cm,3590 mV,10 C,0 Degree,53 Times,
3162,2743749,70B3D50070001777,1606103090155,FES Receiver,2020-11-23 04:44:50.217097,"['SS', 'Standalone', 'version_184']",70001777,SENS_EVENT_MEASURE,108 cm,3590 mV,10 C,0 Degree,54 Times,
3161,2744140,70B3D50070001777,1606106690049,FES Receiver,2020-11-23 05:44:50.097692,"['SS', 'Standalone', 'version_184']",70001777,SENS_EVENT_MEASURE,108 cm,3590 mV,10 C,0 Degree,55 Times,
3160,2744553,70B3D50070001777,1606110289950,FES Receiver,2020-11-23 06:44:49.983656,"['SS', 'Standalone', 'version_184']",70001777,SENS_EVENT_MEASURE,110 cm,3590 mV,12 C,1 Degree,56 Times,
3159,2744934,70B3D50070001777,1606113889850,FES Receiver,2020-11-23 07:44:49.868302,"['SS', 'Standalone', 'version_184']",70001777,SENS_EVENT_MEASURE,110 cm,3580 mV,10 C,1 Degree,57 Times,
3158,2745316,70B3D50070001777,1606117489922,FES Receiver,2020-11-23 08:44:49.928424,"['SS', 'Standalone', 'version_184']",70001777,SENS_EVENT_MEASURE,116 cm,3590 mV,11 C,0 Degree,58 Times,
3157,2745743,70B3D50070001777,1606121089816,FES Receiver,2020-11-23 09:44:49.808767,"['SS', 'Standalone', 'version_184']",70001777,SENS_EVENT_MEASURE,112 cm,3590 mV,9 C,0 Degree,59 Times,
3156,2746156,70B3D50070001777,1606124689710,FES Receiver,2020-11-23 10:44:49.688483,"['SS', 'Standalone', 'version_184']",70001777,SENS_EVENT_MEASURE,112 cm,3590 mV,10 C,0 Degree,60 Times,
3155,2746564,70B3D50070001777,1606128289590,FES Receiver,2020-11-23 11:44:49.554976,"['SS', 'Standalone', 'version_184']",70001777,SENS_EVENT_MEASURE,112 cm,3590 mV,13 C,1 Degree,61 Times,
3154,2746982,70B3D50070001777,1606131889476,FES Receiver,2020-11-23 12:44:49.448377,"['SS', 'Standalone', 'version_184']",70001777,SENS_EVENT_MEASURE,110 cm,3600 mV,13 C,0 Degree,62 Times,
3153,2747388,70B3D50070001777,1606135489350,FES Receiver,2020-11-23 13:44:49.285615,"['SS', 'Standalone', 'version_184']",70001777,SENS_EVENT_MEASURE,110 cm,3600 mV,13 C,0 Degree,63 Times,
3152,2747801,70B3D50070001777,1606139089229,FES Receiver,2020-11-23 14:44:49.151832,"['SS', 'Standalone', 'version_184']",70001777,SENS_EVENT_MEASURE,110 cm,3600 mV,12 C,1 Degree,64 Times,
3151,2748217,70B3D50070001777,1606142688989,FES Receiver,2020-11-23 15:44:48.897607,"['SS', 'Standalone', 'version_184']",70001777,SENS_EVENT_MEASURE,108 cm,3600 mV,11 C,0 Degree,65 Times,
3150,2748610,70B3D50070001777,1606146288995,FES Receiver,2020-11-23 16:44:48.889618,"['SS', 'Standalone', 'version_184']",70001777,SENS_EVENT_MEASURE,112 cm,3590 mV,11 C,0 Degree,66 Times,
3149,2749020,70B3D50070001777,1606149888890,FES Receiver,2020-11-23 17:44:48.769917,"['SS', 'Standalone', 'version_184']",70001777,SENS_EVENT_MEASURE,106 cm,3590 mV,11 C,1 Degree,67 Times,
3148,2749405,70B3D50070001777,1606153488770,FES Receiver,2020-11-23 18:44:48.648889,"['SS', 'Standalone', 'version_184']",70001777,SENS_EVENT_MEASURE,110 cm,3590 mV,12 C,1 Degree,68 Times,
3147,2749826,70B3D50070001777,1606157090114,FES Receiver,2020-11-23 19:44:50.298954,"['SS', 'Standalone', 'version_184']",70001777,SENS_EVENT_MEASURE,110 cm,3590 mV,13 C,0 Degree,69 Times,
3146,2750171,70B3D50070001777,1606207488675,FES Receiver,2020-11-24 09:44:48.662061,"['SS', 'Standalone', 'version_184']",70001777,SENS_EVENT_MEASURE,106 cm,3580 mV,11 C,0 Degree,83 Times,
3145,2750601,70B3D50070001777,1606211088577,FES Receiver,2020-11-24 10:44:48.549548,"['SS', 'Standalone', 'version_184']",70001777,SENS_EVENT_MEASURE,106 cm,3580 mV,10 C,1 Degree,84 Times,
3144,2751003,70B3D50070001777,1606214688475,FES Receiver,2020-11-24 11:44:48.433438,"['SS', 'Standalone', 'version_184']",70001777,SENS_EVENT_MEASURE,106 cm,3580 mV,9 C,0 Degree,85 Times,
3143,2751409,70B3D50070001777,1606218288375,FES Receiver,2020-11-24 12:44:48.320439,"['SS', 'Standalone', 'version_184']",70001777,SENS_EVENT_MEASURE,106 cm,3580 mV,9 C,0 Degree,86 Times,
3142,2751821,70B3D50070001777,1606221888275,FES Receiver,2020-11-24 13:44:48.205833,"['SS', 'Standalone', 'version_184']",70001777,SENS_EVENT_MEASURE,104 cm,3580 mV,9 C,0 Degree,87 Times,
3141,2752254,70B3D50070001777,1606225488175,FES Receiver,2020-11-24 14:44:48.091998,"['SS', 'Standalone', 'version_184']",70001777,SENS_EVENT_MEASURE,104 cm,3580 mV,10 C,0 Degree,88 Times,
3140,2752640,70B3D50070001777,1606229088081,FES Receiver,2020-11-24 15:44:47.988461,"['SS', 'Standalone', 'version_184']",70001777,SENS_EVENT_MEASURE,104 cm,3580 mV,9 C,0 Degree,89 Times,
3139,2753056,70B3D50070001777,1606232688045,FES Receiver,2020-11-24 16:44:47.936632,"['SS', 'Standalone', 'version_184']",70001777,SENS_EVENT_MEASURE,104 cm,3580 mV,9 C,0 Degree,90 Times,
3138,2753453,70B3D50070001777,1606236287941,FES Receiver,2020-11-24 17:44:47.81633,"['SS', 'Standalone', 'version_184']",70001777,SENS_EVENT_MEASURE,98 cm,3590 mV,9 C,0 Degree,91 Times,
3137,2753867,70B3D50070001777,1606239887834,FES Receiver,2020-11-24 18:44:47.696519,"['SS', 'Standalone', 'version_184']",70001777,SENS_EVENT_MEASURE,100 cm,3580 mV,10 C,0 Degree,92 Times,
3136,2754278,70B3D50070001777,1606243489174,FES Receiver,2020-11-24 19:44:49.361635,"['SS', 'Standalone', 'version_184']",70001777,SENS_EVENT_MEASURE,104 cm,3590 mV,10 C,0 Degree,93 Times,
3135,2754684,70B3D50070001777,1606247089074,FES Receiver,2020-11-24 20:44:49.247466,"['SS', 'Standalone', 'version_184']",70001777,SENS_EVENT_MEASURE,110 cm,3590 mV,11 C,1 Degree,94 Times,
3134,2755114,70B3D50070001777,1606250688981,FES Receiver,2020-11-24 21:44:49.139469,"['SS', 'Standalone', 'version_184']",70001777,SENS_EVENT_MEASURE,110 cm,3590 mV,10 C,0 Degree,95 Times,
3133,2755537,70B3D50070001777,1606254288880,FES Receiver,2020-11-24 22:44:49.025604,"['SS', 'Standalone', 'version_184']",70001777,SENS_EVENT_MEASURE,104 cm,3580 mV,10 C,1 Degree,96 Times,
3132,2755955,70B3D50070001777,1606257888774,FES Receiver,2020-11-24 23:44:48.904686,"['SS', 'Standalone', 'version_184']",70001777,SENS_EVENT_MEASURE,110 cm,3590 mV,10 C,0 Degree,97 Times,
3131,2756373,70B3D50070001777,1606261488676,FES Receiver,2020-11-25 00:44:48.793328,"['SS', 'Standalone', 'version_184']",70001777,SENS_EVENT_MEASURE,104 cm,3590 mV,10 C,0 Degree,98 Times,
3130,2756799,70B3D50070001777,1606265088574,FES Receiver,2020-11-25 01:44:48.679117,"['SS', 'Standalone', 'version_184']",70001777,SENS_EVENT_MEASURE,114 cm,3590 mV,10 C,0 Degree,99 Times,
3129,2757216,70B3D50070001777,1606268688474,FES Receiver,2020-11-25 02:44:48.566065,"['SS', 'Standalone', 'version_184']",70001777,SENS_EVENT_MEASURE,110 cm,3580 mV,9 C,0 Degree,100 Times,
3128,2757652,70B3D50070001777,1606272288381,FES Receiver,2020-11-25 03:44:48.455563,"['SS', 'Standalone', 'version_184']",70001777,SENS_EVENT_MEASURE,114 cm,3580 mV,11 C,0 Degree,101 Times,
3127,2758081,70B3D50070001777,1606275888276,FES Receiver,2020-11-25 04:44:48.343997,"['SS', 'Standalone', 'version_184']",70001777,SENS_EVENT_MEASURE,110 cm,3580 mV,9 C,0 Degree,102 Times,
3126,2758507,70B3D50070001777,1606279488306,FES Receiver,2020-11-25 05:44:48.352876,"['SS', 'Standalone', 'version_184']",70001777,SENS_EVENT_MEASURE,114 cm,3580 mV,9 C,0 Degree,103 Times,
3125,2758945,70B3D50070001777,1606283088180,FES Receiver,2020-11-25 06:44:48.212393,"['SS', 'Standalone', 'version_184']",70001777,SENS_EVENT_MEASURE,114 cm,3580 mV,9 C,0 Degree,104 Times,
3124,2759354,70B3D50070001777,1606286688094,FES Receiver,2020-11-25 07:44:48.111744,"['SS', 'Standalone', 'version_184']",70001777,SENS_EVENT_MEASURE,114 cm,3580 mV,10 C,0 Degree,105 Times,
3123,2759775,70B3D50070001777,1606290287994,FES Receiver,2020-11-25 08:44:47.997943,"['SS', 'Standalone', 'version_184']",70001777,SENS_EVENT_MEASURE,110 cm,3580 mV,9 C,0 Degree,106 Times,
3122,2760163,70B3D50070001777,1606293887894,FES Receiver,2020-11-25 09:44:47.885327,"['SS', 'Standalone', 'version_184']",70001777,SENS_EVENT_MEASURE,104 cm,3580 mV,10 C,0 Degree,107 Times,
3121,2760559,70B3D50070001777,1606297487794,FES Receiver,2020-11-25 10:44:47.770733,"['SS', 'Standalone', 'version_184']",70001777,SENS_EVENT_MEASURE,100 cm,3580 mV,9 C,0 Degree,108 Times,
3120,2760835,70B3D50070001777,1606301087700,FES Receiver,2020-11-25 11:44:47.663807,"['SS', 'Standalone', 'version_184']",70001777,SENS_EVENT_MEASURE,102 cm,3580 mV,8 C,0 Degree,109 Times,
3119,2761121,70B3D50070001777,1606304687473,FES Receiver,2020-11-25 12:44:47.422511,"['SS', 'Standalone', 'version_184']",70001777,SENS_EVENT_MEASURE,102 cm,3580 mV,9 C,0 Degree,110 Times,
3118,2761403,70B3D50070001777,1606308287513,FES Receiver,2020-11-25 13:44:47.458205,"['SS', 'Standalone', 'version_184']",70001777,SENS_EVENT_MEASURE,96 cm,3590 mV,10 C,1 Degree,111 Times,
3117,2761739,70B3D50070001777,1606311887413,FES Receiver,2020-11-25 14:44:47.335077,"['SS', 'Standalone', 'version_184']",70001777,SENS_EVENT_MEASURE,96 cm,3580 mV,9 C,1 Degree,112 Times,
3116,2762297,70B3D50070001777,1606319087098,FES Receiver,2020-11-25 16:44:46.992876,"['SS', 'Standalone', 'version_184']",70001777,SENS_EVENT_MEASURE,96 cm,3580 mV,11 C,0 Degree,114 Times,
3115,2762570,70B3D50070001777,1606322687006,FES Receiver,2020-11-25 17:44:46.909246,"['SS', 'Standalone', 'version_184']",70001777,SENS_EVENT_MEASURE,94 cm,3580 mV,7 C,0 Degree,115 Times,
3114,2762873,70B3D50070001777,1606326286919,FES Receiver,2020-11-25 18:44:46.785796,"['SS', 'Standalone', 'version_184']",70001777,SENS_EVENT_MEASURE,94 cm,3570 mV,7 C,0 Degree,116 Times,
3113,2763171,70B3D50070001777,1606329888278,FES Receiver,2020-11-25 19:44:48.467841,"['SS', 'Standalone', 'version_184']",70001777,SENS_EVENT_MEASURE,94 cm,3570 mV,9 C,1 Degree,117 Times,
3112,2763482,70B3D50070001777,1606333488211,FES Receiver,2020-11-25 20:44:48.386018,"['SS', 'Standalone', 'version_184']",70001777,SENS_EVENT_MEASURE,96 cm,3570 mV,9 C,0 Degree,118 Times,
3111,2763776,70B3D50070001777,1606337088131,FES Receiver,2020-11-25 21:44:48.291377,"['SS', 'Standalone', 'version_184']",70001777,SENS_EVENT_MEASURE,94 cm,3570 mV,8 C,1 Degree,119 Times,
3110,2764084,70B3D50070001777,1606340688211,FES Receiver,2020-11-25 22:44:48.358492,"['SS', 'Standalone', 'version_184']",70001777,SENS_EVENT_MEASURE,96 cm,3570 mV,10 C,1 Degree,120 Times,
3109,2764374,70B3D50070001777,1606344287957,FES Receiver,2020-11-25 23:44:48.091641,"['SS', 'Standalone', 'version_184']",70001777,SENS_EVENT_MEASURE,96 cm,3580 mV,11 C,0 Degree,121 Times,
3108,2764683,70B3D50070001777,1606347887877,FES Receiver,2020-11-26 00:44:47.996144,"['SS', 'Standalone', 'version_184']",70001777,SENS_EVENT_MEASURE,96 cm,3580 mV,8 C,0 Degree,122 Times,
3107,2765007,70B3D50070001777,1606351487920,FES Receiver,2020-11-26 01:44:48.029046,"['SS', 'Standalone', 'version_184']",70001777,SENS_EVENT_MEASURE,96 cm,3580 mV,10 C,0 Degree,123 Times,
3106,2765310,70B3D50070001777,1606355087830,FES Receiver,2020-11-26 02:44:47.921808,"['SS', 'Standalone', 'version_184']",70001777,SENS_EVENT_MEASURE,96 cm,3580 mV,9 C,0 Degree,124 Times,
3105,2765617,70B3D50070001777,1606358687750,FES Receiver,2020-11-26 03:44:47.828184,"['SS', 'Standalone', 'version_184']",70001777,SENS_EVENT_MEASURE,96 cm,3580 mV,8 C,1 Degree,125 Times,
3104,2765916,70B3D50070001777,1606362287670,FES Receiver,2020-11-26 04:44:47.736847,"['SS', 'Standalone', 'version_184']",70001777,SENS_EVENT_MEASURE,96 cm,3580 mV,10 C,0 Degree,126 Times,
3103,2766214,70B3D50070001777,1606365887612,FES Receiver,2020-11-26 05:44:47.661611,"['SS', 'Standalone', 'version_184']",70001777,SENS_EVENT_MEASURE,96 cm,3570 mV,8 C,0 Degree,127 Times,
3102,2766535,70B3D50070001777,1606369487510,FES Receiver,2020-11-26 06:44:47.545023,"['SS', 'Standalone', 'version_184']",70001777,SENS_EVENT_MEASURE,96 cm,3570 mV,7 C,0 Degree,128 Times,
3101,2766822,70B3D50070001777,1606373087442,FES Receiver,2020-11-26 07:44:47.467645,"['SS', 'Standalone', 'version_184']",70001777,SENS_EVENT_MEASURE,94 cm,3570 mV,7 C,0 Degree,129 Times,
3100,2767120,70B3D50070001777,1606376687350,FES Receiver,2020-11-26 08:44:47.358781,"['SS', 'Standalone', 'version_184']",70001777,SENS_EVENT_MEASURE,102 cm,3570 mV,7 C,0 Degree,130 Times,
3099,2767420,70B3D50070001777,1606380287270,FES Receiver,2020-11-26 09:44:47.264002,"['SS', 'Standalone', 'version_184']",70001777,SENS_EVENT_MEASURE,104 cm,3570 mV,7 C,0 Degree,131 Times,
3098,2767725,70B3D50070001777,1606383887199,FES Receiver,2020-11-26 10:44:47.195691,"['SS', 'Standalone', 'version_184']",70001777,SENS_EVENT_MEASURE,104 cm,3580 mV,8 C,0 Degree,132 Times,
3097,2768023,70B3D50070001777,1606387487109,FES Receiver,2020-11-26 11:44:47.077959,"['SS', 'Standalone', 'version_184']",70001777,SENS_EVENT_MEASURE,100 cm,3580 mV,10 C,0 Degree,133 Times,
3096,2768302,70B3D50070001777,1606391087035,FES Receiver,2020-11-26 12:44:46.988066,"['SS', 'Standalone', 'version_184']",70001777,SENS_EVENT_MEASURE,94 cm,3550 mV,9 C,0 Degree,134 Times,
3095,2768607,70B3D50070001777,1606394686934,FES Receiver,2020-11-26 13:44:46.873824,"['SS', 'Standalone', 'version_184']",70001777,SENS_EVENT_MEASURE,94 cm,3580 mV,9 C,0 Degree,135 Times,
3094,2768956,70B3D50070001777,1606398286848,FES Receiver,2020-11-26 14:44:46.774129,"['SS', 'Standalone', 'version_184']",70001777,SENS_EVENT_MEASURE,92 cm,3580 mV,9 C,0 Degree,136 Times,
3093,2769217,70B3D50070001777,1606401886614,FES Receiver,2020-11-26 15:44:46.525888,"['SS', 'Standalone', 'version_184']",70001777,SENS_EVENT_MEASURE,90 cm,3580 mV,9 C,0 Degree,137 Times,
3092,2769501,70B3D50070001777,1606405486667,FES Receiver,2020-11-26 16:44:46.565852,"['SS', 'Standalone', 'version_184']",70001777,SENS_EVENT_MEASURE,88 cm,3580 mV,8 C,0 Degree,138 Times,
3091,2769782,70B3D50070001777,1606409086587,FES Receiver,2020-11-26 17:44:46.472568,"['SS', 'Standalone', 'version_184']",70001777,SENS_EVENT_MEASURE,88 cm,3570 mV,7 C,0 Degree,139 Times,
3090,2770071,70B3D50070001777,1606412686527,FES Receiver,2020-11-26 18:44:46.405533,"['SS', 'Standalone', 'version_184']",70001777,SENS_EVENT_MEASURE,88 cm,3580 mV,8 C,0 Degree,140 Times,
3089,2770351,70B3D50070001777,1606416287752,FES Receiver,2020-11-26 19:44:47.952633,"['SS', 'Standalone', 'version_184']",70001777,SENS_EVENT_MEASURE,88 cm,3580 mV,9 C,0 Degree,141 Times,
3088,2770652,70B3D50070001777,1606419887679,FES Receiver,2020-11-26 20:44:47.858822,"['SS', 'Standalone', 'version_184']",70001777,SENS_EVENT_MEASURE,88 cm,3570 mV,8 C,0 Degree,142 Times,
3087,2770945,70B3D50070001777,1606423487632,FES Receiver,2020-11-26 21:44:47.79192,"['SS', 'Standalone', 'version_184']",70001777,SENS_EVENT_MEASURE,86 cm,3570 mV,7 C,1 Degree,143 Times,
3086,2771237,70B3D50070001777,1606427087533,FES Receiver,2020-11-26 22:44:47.678306,"['SS', 'Standalone', 'version_184']",70001777,SENS_EVENT_MEASURE,86 cm,3570 mV,7 C,0 Degree,144 Times,
3085,2771508,70B3D50070001777,1606430687472,FES Receiver,2020-11-26 23:44:47.603109,"['SS', 'Standalone', 'version_184']",70001777,SENS_EVENT_MEASURE,86 cm,3570 mV,7 C,0 Degree,145 Times,
3084,2771825,70B3D50070001777,1606434287395,FES Receiver,2020-11-27 00:44:47.512378,"['SS', 'Standalone', 'version_184']",70001777,SENS_EVENT_MEASURE,86 cm,3580 mV,8 C,0 Degree,146 Times,
3083,2772137,70B3D50070001777,1606437887299,FES Receiver,2020-11-27 01:44:47.404879,"['SS', 'Standalone', 'version_184']",70001777,SENS_EVENT_MEASURE,86 cm,3580 mV,8 C,0 Degree,147 Times,
3082,2772429,70B3D50070001777,1606441487232,FES Receiver,2020-11-27 02:44:47.322918,"['SS', 'Standalone', 'version_184']",70001777,SENS_EVENT_MEASURE,86 cm,3580 mV,8 C,0 Degree,148 Times,
3081,2772706,70B3D50070001777,1606445087157,FES Receiver,2020-11-27 03:44:47.233254,"['SS', 'Standalone', 'version_184']",70001777,SENS_EVENT_MEASURE,86 cm,3580 mV,9 C,0 Degree,149 Times,
3080,2772996,70B3D50070001777,1606448687072,FES Receiver,2020-11-27 04:44:47.134808,"['SS', 'Standalone', 'version_184']",70001777,SENS_EVENT_MEASURE,86 cm,3580 mV,10 C,0 Degree,150 Times,
3079,2773283,70B3D50070001777,1606452286993,FES Receiver,2020-11-27 05:44:47.056481,"['SS', 'Standalone', 'version_184']",70001777,SENS_EVENT_MEASURE,86 cm,3570 mV,7 C,0 Degree,151 Times,
3078,2773878,70B3D50070001777,1606459486839,FES Receiver,2020-11-27 07:44:46.862635,"['SS', 'Standalone', 'version_184']",70001777,SENS_EVENT_MEASURE,86 cm,3570 mV,7 C,0 Degree,153 Times,
3077,2774255,70B3D50070001777,1606463086772,FES Receiver,2020-11-27 08:44:46.7805,"['SS', 'Standalone', 'version_184']",70001777,SENS_EVENT_MEASURE,88 cm,3580 mV,8 C,0 Degree,154 Times,
3076,2774651,70B3D50070001777,1606466686679,FES Receiver,2020-11-27 09:44:46.687343,"['SS', 'Standalone', 'version_184']",70001777,SENS_EVENT_MEASURE,84 cm,3580 mV,9 C,0 Degree,155 Times,
3075,2775074,70B3D50070001777,1606470286572,FES Receiver,2020-11-27 10:44:46.554627,"['SS', 'Standalone', 'version_184']",70001777,SENS_EVENT_MEASURE,92 cm,3590 mV,9 C,0 Degree,156 Times,
3074,2775491,70B3D50070001777,1606473886365,FES Receiver,2020-11-27 11:44:46.331174,"['SS', 'Standalone', 'version_184']",70001777,SENS_EVENT_MEASURE,92 cm,3600 mV,13 C,0 Degree,157 Times,
3073,2775907,70B3D50070001777,1606477486098,FES Receiver,2020-11-27 12:44:46.051302,"['SS', 'Standalone', 'version_184']",70001777,SENS_EVENT_MEASURE,90 cm,3610 mV,18 C,0 Degree,158 Times,
3072,2776313,70B3D50070001777,1606481086113,FES Receiver,2020-11-27 13:44:46.049635,"['SS', 'Standalone', 'version_184']",70001777,SENS_EVENT_MEASURE,90 cm,3610 mV,13 C,0 Degree,159 Times,
3071,2776717,70B3D50070001777,1606484685998,FES Receiver,2020-11-27 14:44:45.921108,"['SS', 'Standalone', 'version_184']",70001777,SENS_EVENT_MEASURE,92 cm,3600 mV,12 C,0 Degree,160 Times,
3070,2777102,70B3D50070001777,1606488285898,FES Receiver,2020-11-27 15:44:45.807984,"['SS', 'Standalone', 'version_184']",70001777,SENS_EVENT_MEASURE,92 cm,3590 mV,11 C,0 Degree,161 Times,
3069,2777529,70B3D50070001777,1606491885752,FES Receiver,2020-11-27 16:44:45.661725,"['SS', 'Standalone', 'version_184']",70001777,SENS_EVENT_MEASURE,88 cm,3590 mV,8 C,0 Degree,162 Times,
3068,2777945,70B3D50070001777,1606495485712,FES Receiver,2020-11-27 17:44:45.592694,"['SS', 'Standalone', 'version_184']",70001777,SENS_EVENT_MEASURE,84 cm,3580 mV,10 C,0 Degree,163 Times,
3067,2778358,70B3D50070001777,1606499085638,FES Receiver,2020-11-27 18:44:45.505565,"['SS', 'Standalone', 'version_184']",70001777,SENS_EVENT_MEASURE,82 cm,3580 mV,10 C,1 Degree,164 Times,
3066,2778767,70B3D50070001777,1606502686998,FES Receiver,2020-11-27 19:44:47.185524,"['SS', 'Standalone', 'version_184']",70001777,SENS_EVENT_MEASURE,82 cm,3570 mV,7 C,0 Degree,165 Times,
3065,2779191,70B3D50070001777,1606506286751,FES Receiver,2020-11-27 20:44:46.924941,"['SS', 'Standalone', 'version_184']",70001777,SENS_EVENT_MEASURE,84 cm,3570 mV,8 C,0 Degree,166 Times,
3064,2779607,70B3D50070001777,1606509886698,FES Receiver,2020-11-27 21:44:46.857581,"['SS', 'Standalone', 'version_184']",70001777,SENS_EVENT_MEASURE,86 cm,3570 mV,7 C,0 Degree,167 Times,
3063,2780430,70B3D50070001777,1606517086592,FES Receiver,2020-11-27 23:44:46.72239,"['SS', 'Standalone', 'version_184']",70001777,SENS_EVENT_MEASURE,82 cm,3560 mV,5 C,0 Degree,169 Times,
3062,2780846,70B3D50070001777,1606520686676,FES Receiver,2020-11-28 00:44:46.809093,"['SS', 'Standalone', 'version_184']",70001777,SENS_EVENT_MEASURE,84 cm,3550 mV,6 C,0 Degree,170 Times,
3061,2781280,70B3D50070001777,1606524286659,FES Receiver,2020-11-28 01:44:46.762818,"['SS', 'Standalone', 'version_184']",70001777,SENS_EVENT_MEASURE,82 cm,3560 mV,6 C,0 Degree,171 Times,
3060,2781705,70B3D50070001777,1606527886592,FES Receiver,2020-11-28 02:44:46.708222,"['SS', 'Standalone', 'version_184']",70001777,SENS_EVENT_MEASURE,82 cm,3570 mV,7 C,0 Degree,172 Times,
3059,2782127,70B3D50070001777,1606531486518,FES Receiver,2020-11-28 03:44:46.591792,"['SS', 'Standalone', 'version_184']",70001777,SENS_EVENT_MEASURE,82 cm,3570 mV,7 C,0 Degree,173 Times,
3058,2782540,70B3D50070001777,1606535086458,FES Receiver,2020-11-28 04:44:46.518354,"['SS', 'Standalone', 'version_184']",70001777,SENS_EVENT_MEASURE,82 cm,3570 mV,7 C,0 Degree,174 Times,
3057,2783373,70B3D50070001777,1606542286313,FES Receiver,2020-11-28 06:44:46.34337,"['SS', 'Standalone', 'version_184']",70001777,SENS_EVENT_MEASURE,82 cm,3570 mV,6 C,1 Degree,176 Times,
3056,2783789,70B3D50070001777,1606545886253,FES Receiver,2020-11-28 07:44:46.272461,"['SS', 'Standalone', 'version_184']",70001777,SENS_EVENT_MEASURE,82 cm,3570 mV,6 C,0 Degree,177 Times,
3055,2784205,70B3D50070001777,1606549486179,FES Receiver,2020-11-28 08:44:46.182146,"['SS', 'Standalone', 'version_184']",70001777,SENS_EVENT_MEASURE,82 cm,3570 mV,5 C,0 Degree,178 Times,
3054,2784624,70B3D50070001777,1606553086113,FES Receiver,2020-11-28 09:44:46.104231,"['SS', 'Standalone', 'version_184']",70001777,SENS_EVENT_MEASURE,80 cm,3570 mV,8 C,0 Degree,179 Times,
3053,2785052,70B3D50070001777,1606556685933,FES Receiver,2020-11-28 10:44:45.908946,"['SS', 'Standalone', 'version_184']",70001777,SENS_EVENT_MEASURE,82 cm,3570 mV,9 C,0 Degree,180 Times,
3052,2785445,70B3D50070001777,1606560285839,FES Receiver,2020-11-28 11:44:45.800664,"['SS', 'Standalone', 'version_184']",70001777,SENS_EVENT_MEASURE,78 cm,3580 mV,8 C,0 Degree,181 Times,
3051,2785785,70B3D50070001777,1606563885893,FES Receiver,2020-11-28 12:44:45.839379,"['SS', 'Standalone', 'version_184']",70001777,SENS_EVENT_MEASURE,78 cm,3580 mV,9 C,0 Degree,182 Times,
3050,2786075,70B3D50070001777,1606567485793,FES Receiver,2020-11-28 13:44:45.726815,"['SS', 'Standalone', 'version_184']",70001777,SENS_EVENT_MEASURE,66 cm,3580 mV,8 C,0 Degree,183 Times,
3049,2786364,70B3D50070001777,1606571085714,FES Receiver,2020-11-28 14:44:45.636389,"['SS', 'Standalone', 'version_184']",70001777,SENS_EVENT_MEASURE,68 cm,3580 mV,8 C,0 Degree,184 Times,
3048,2786664,70B3D50070001777,1606574685440,FES Receiver,2020-11-28 15:44:45.344669,"['SS', 'Standalone', 'version_184']",70001777,SENS_EVENT_MEASURE,74 cm,3570 mV,7 C,0 Degree,185 Times,
3047,2786960,70B3D50070001777,1606578285513,FES Receiver,2020-11-28 16:44:45.403963,"['SS', 'Standalone', 'version_184']",70001777,SENS_EVENT_MEASURE,70 cm,3570 mV,7 C,0 Degree,186 Times,
3046,2787247,70B3D50070001777,1606581885414,FES Receiver,2020-11-28 17:44:45.305524,"['SS', 'Standalone', 'version_184']",70001777,SENS_EVENT_MEASURE,78 cm,3570 mV,7 C,0 Degree,187 Times,
3045,2787544,70B3D50070001777,1606585485360,FES Receiver,2020-11-28 18:44:45.222442,"['SS', 'Standalone', 'version_184']",70001777,SENS_EVENT_MEASURE,68 cm,3570 mV,8 C,0 Degree,188 Times,
3044,2787833,70B3D50070001777,1606589086732,FES Receiver,2020-11-28 19:44:46.920161,"['SS', 'Standalone', 'version_184']",70001777,SENS_EVENT_MEASURE,68 cm,3570 mV,6 C,0 Degree,189 Times,
3043,2788135,70B3D50070001777,1606592686650,FES Receiver,2020-11-28 20:44:46.825028,"['SS', 'Standalone', 'version_184']",70001777,SENS_EVENT_MEASURE,66 cm,3570 mV,7 C,0 Degree,190 Times,
3042,2788447,70B3D50070001777,1606596286430,FES Receiver,2020-11-28 21:44:46.591231,"['SS', 'Standalone', 'version_184']",70001777,SENS_EVENT_MEASURE,72 cm,3580 mV,8 C,1 Degree,191 Times,
3041,2788772,70B3D50070001777,1606599886490,FES Receiver,2020-11-28 22:44:46.637151,"['SS', 'Standalone', 'version_184']",70001777,SENS_EVENT_MEASURE,78 cm,3580 mV,8 C,0 Degree,192 Times,
3040,2789051,70B3D50070001777,1606603486410,FES Receiver,2020-11-28 23:44:46.543344,"['SS', 'Standalone', 'version_184']",70001777,SENS_EVENT_MEASURE,78 cm,3580 mV,8 C,0 Degree,193 Times,
3039,2789353,70B3D50070001777,1606607086330,FES Receiver,2020-11-29 00:44:46.449264,"['SS', 'Standalone', 'version_184']",70001777,SENS_EVENT_MEASURE,78 cm,3580 mV,8 C,1 Degree,194 Times,
3038,2789670,70B3D50070001777,1606610686257,FES Receiver,2020-11-29 01:44:46.363316,"['SS', 'Standalone', 'version_184']",70001777,SENS_EVENT_MEASURE,78 cm,3570 mV,7 C,1 Degree,195 Times,
3037,2789956,70B3D50070001777,1606614286177,FES Receiver,2020-11-29 02:44:46.267711,"['SS', 'Standalone', 'version_184']",70001777,SENS_EVENT_MEASURE,78 cm,3570 mV,8 C,0 Degree,196 Times,
3036,2790249,70B3D50070001777,1606617886117,FES Receiver,2020-11-29 03:44:46.199112,"['SS', 'Standalone', 'version_184']",70001777,SENS_EVENT_MEASURE,78 cm,3570 mV,6 C,1 Degree,197 Times,
3035,2790549,70B3D50070001777,1606621486111,FES Receiver,2020-11-29 04:44:46.173542,"['SS', 'Standalone', 'version_184']",70001777,SENS_EVENT_MEASURE,78 cm,3570 mV,7 C,0 Degree,198 Times,
3034,2790837,70B3D50070001777,1606625086018,FES Receiver,2020-11-29 05:44:46.065997,"['SS', 'Standalone', 'version_184']",70001777,SENS_EVENT_MEASURE,78 cm,3570 mV,7 C,0 Degree,199 Times,
3033,2791137,70B3D50070001777,1606628685952,FES Receiver,2020-11-29 06:44:45.985905,"['SS', 'Standalone', 'version_184']",70001777,SENS_EVENT_MEASURE,78 cm,3570 mV,8 C,0 Degree,200 Times,
3032,2791437,70B3D50070001777,1606632285898,FES Receiver,2020-11-29 07:44:45.916956,"['SS', 'Standalone', 'version_184']",70001777,SENS_EVENT_MEASURE,78 cm,3570 mV,8 C,0 Degree,201 Times,
3031,2791734,70B3D50070001777,1606635885813,FES Receiver,2020-11-29 08:44:45.816758,"['SS', 'Standalone', 'version_184']",70001777,SENS_EVENT_MEASURE,78 cm,3570 mV,7 C,0 Degree,202 Times,
3030,2792023,70B3D50070001777,1606639485559,FES Receiver,2020-11-29 09:44:45.548037,"['SS', 'Standalone', 'version_184']",70001777,SENS_EVENT_MEASURE,76 cm,3570 mV,8 C,0 Degree,203 Times,
3029,2792318,70B3D50070001777,1606643085473,FES Receiver,2020-11-29 10:44:45.448157,"['SS', 'Standalone', 'version_184']",70001777,SENS_EVENT_MEASURE,64 cm,3570 mV,7 C,0 Degree,204 Times,
3028,2792607,70B3D50070001777,1606646685420,FES Receiver,2020-11-29 11:44:45.383367,"['SS', 'Standalone', 'version_184']",70001777,SENS_EVENT_MEASURE,80 cm,3580 mV,8 C,0 Degree,205 Times,
3027,2793197,70B3D50070001777,1606653885260,FES Receiver,2020-11-29 13:44:45.193808,"['SS', 'Standalone', 'version_184']",70001777,SENS_EVENT_MEASURE,72 cm,3580 mV,9 C,0 Degree,207 Times,
3026,2793483,70B3D50070001777,1606657485194,FES Receiver,2020-11-29 14:44:45.112825,"['SS', 'Standalone', 'version_184']",70001777,SENS_EVENT_MEASURE,72 cm,3580 mV,9 C,0 Degree,208 Times,
3025,2793772,70B3D50070001777,1606661085241,FES Receiver,2020-11-29 15:44:45.146003,"['SS', 'Standalone', 'version_184']",70001777,SENS_EVENT_MEASURE,58 cm,3580 mV,8 C,0 Degree,209 Times,
3024,2794339,70B3D50070001777,1606668285102,FES Receiver,2020-11-29 17:44:45.003175,"['SS', 'Standalone', 'version_184']",70001777,SENS_EVENT_MEASURE,60 cm,3570 mV,6 C,1 Degree,211 Times,
3023,2794622,70B3D50070001777,1606671885042,FES Receiver,2020-11-29 18:44:44.908731,"['SS', 'Standalone', 'version_184']",70001777,SENS_EVENT_MEASURE,60 cm,3560 mV,4 C,0 Degree,212 Times,
3022,2794917,70B3D50070001777,1606675486266,FES Receiver,2020-11-29 19:44:46.468237,"['SS', 'Standalone', 'version_184']",70001777,SENS_EVENT_MEASURE,66 cm,3560 mV,4 C,0 Degree,213 Times,
3021,2795224,70B3D50070001777,1606679086312,FES Receiver,2020-11-29 20:44:46.485677,"['SS', 'Standalone', 'version_184']",70001777,SENS_EVENT_MEASURE,60 cm,3560 mV,5 C,1 Degree,214 Times,
3020,2795513,70B3D50070001777,1606682686274,FES Receiver,2020-11-29 21:44:46.431783,"['SS', 'Standalone', 'version_184']",70001777,SENS_EVENT_MEASURE,60 cm,3550 mV,2 C,0 Degree,215 Times,
3019,2795826,70B3D50070001777,1606686286148,FES Receiver,2020-11-29 22:44:46.292371,"['SS', 'Standalone', 'version_184']",70001777,SENS_EVENT_MEASURE,60 cm,3550 mV,3 C,0 Degree,216 Times,
3018,2796125,70B3D50070001777,1606689886031,FES Receiver,2020-11-29 23:44:46.160809,"['SS', 'Standalone', 'version_184']",70001777,SENS_EVENT_MEASURE,60 cm,3550 mV,3 C,1 Degree,217 Times,
3017,2796434,70B3D50070001777,1606693485994,FES Receiver,2020-11-30 00:44:46.11113,"['SS', 'Standalone', 'version_184']",70001777,SENS_EVENT_MEASURE,60 cm,3550 mV,3 C,1 Degree,218 Times,
3016,2796751,70B3D50070001777,1606697085975,FES Receiver,2020-11-30 01:44:46.078987,"['SS', 'Standalone', 'version_184']",70001777,SENS_EVENT_MEASURE,60 cm,3550 mV,3 C,0 Degree,219 Times,
3015,2797063,70B3D50070001777,1606700685935,FES Receiver,2020-11-30 02:44:46.022534,"['SS', 'Standalone', 'version_184']",70001777,SENS_EVENT_MEASURE,60 cm,3550 mV,2 C,1 Degree,220 Times,
3014,2797351,70B3D50070001777,1606704286076,FES Receiver,2020-11-30 03:44:46.174877,"['SS', 'Standalone', 'version_184']",70001777,SENS_EVENT_MEASURE,60 cm,3540 mV,2 C,0 Degree,221 Times,
3013,2797651,70B3D50070001777,1606707885876,FES Receiver,2020-11-30 04:44:45.935529,"['SS', 'Standalone', 'version_184']",70001777,SENS_EVENT_MEASURE,60 cm,3540 mV,2 C,0 Degree,222 Times,
3012,2797938,70B3D50070001777,1606711485852,FES Receiver,2020-11-30 05:44:45.896474,"['SS', 'Standalone', 'version_184']",70001777,SENS_EVENT_MEASURE,60 cm,3540 mV,1 C,0 Degree,223 Times,
3011,2798241,70B3D50070001777,1606715085990,FES Receiver,2020-11-30 06:44:46.019998,"['SS', 'Standalone', 'version_184']",70001777,SENS_EVENT_MEASURE,60 cm,3530 mV,2 C,0 Degree,224 Times,
3010,2798524,70B3D50070001777,1606718685890,FES Receiver,2020-11-30 07:44:45.909119,"['SS', 'Standalone', 'version_184']",70001777,SENS_EVENT_MEASURE,62 cm,3530 mV,2 C,0 Degree,225 Times,
3009,2798837,70B3D50070001777,1606722285757,FES Receiver,2020-11-30 08:44:45.759432,"['SS', 'Standalone', 'version_184']",70001777,SENS_EVENT_MEASURE,64 cm,3540 mV,1 C,0 Degree,226 Times,
3008,2799143,70B3D50070001777,1606725885743,FES Receiver,2020-11-30 09:44:45.761706,"['SS', 'Standalone', 'version_184']",70001777,SENS_EVENT_MEASURE,68 cm,3550 mV,1 C,0 Degree,227 Times,
3007,2799723,70B3D50070001777,1606733085518,FES Receiver,2020-11-30 11:44:45.479084,"['SS', 'Standalone', 'version_184']",70001777,SENS_EVENT_MEASURE,64 cm,3600 mV,15 C,0 Degree,229 Times,
3006,2800103,70B3D50070001777,1606736685398,FES Receiver,2020-11-30 12:44:45.343166,"['SS', 'Standalone', 'version_184']",70001777,SENS_EVENT_MEASURE,70 cm,3610 mV,15 C,0 Degree,230 Times,
3005,2800404,70B3D50070001777,1606740285372,FES Receiver,2020-11-30 13:44:45.302196,"['SS', 'Standalone', 'version_184']",70001777,SENS_EVENT_MEASURE,62 cm,3600 mV,9 C,1 Degree,231 Times,
3004,2800738,70B3D50070001777,1606743885192,FES Receiver,2020-11-30 14:44:45.108346,"['SS', 'Standalone', 'version_184']",70001777,SENS_EVENT_MEASURE,62 cm,3590 mV,6 C,0 Degree,232 Times,
3003,2801017,70B3D50070001777,1606747485078,FES Receiver,2020-11-30 15:44:44.986711,"['SS', 'Standalone', 'version_184']",70001777,SENS_EVENT_MEASURE,62 cm,3580 mV,9 C,0 Degree,233 Times,
3002,2801571,70B3D50070001777,1606754684939,FES Receiver,2020-11-30 17:44:44.812704,"['SS', 'Standalone', 'version_184']",70001777,SENS_EVENT_MEASURE,58 cm,3570 mV,7 C,0 Degree,235 Times,
3001,2801864,70B3D50070001777,1606758284873,FES Receiver,2020-11-30 18:44:44.73256,"['SS', 'Standalone', 'version_184']",70001777,SENS_EVENT_MEASURE,58 cm,3570 mV,5 C,0 Degree,236 Times,
3000,2802152,70B3D50070001777,1606761886239,FES Receiver,2020-11-30 19:44:46.427257,"['SS', 'Standalone', 'version_184']",70001777,SENS_EVENT_MEASURE,54 cm,3570 mV,5 C,0 Degree,237 Times,
2999,2802446,70B3D50070001777,1606765486179,FES Receiver,2020-11-30 20:44:46.35307,"['SS', 'Standalone', 'version_184']",70001777,SENS_EVENT_MEASURE,52 cm,3570 mV,6 C,0 Degree,238 Times,
2998,2802727,70B3D50070001777,1606769086116,FES Receiver,2020-11-30 21:44:46.276859,"['SS', 'Standalone', 'version_184']",70001777,SENS_EVENT_MEASURE,54 cm,3570 mV,5 C,0 Degree,239 Times,
2997,2803028,70B3D50070001777,1606772686052,FES Receiver,2020-11-30 22:44:46.203471,"['SS', 'Standalone', 'version_184']",70001777,SENS_EVENT_MEASURE,56 cm,3570 mV,6 C,1 Degree,240 Times,
2996,2803304,70B3D50070001777,1606776286053,FES Receiver,2020-11-30 23:44:46.183736,"['SS', 'Standalone', 'version_184']",70001777,SENS_EVENT_MEASURE,56 cm,3570 mV,7 C,0 Degree,241 Times,
2995,2803583,70B3D50070001777,1606779885979,FES Receiver,2020-12-01 00:44:46.096112,"['SS', 'Standalone', 'version_184']",70001777,SENS_EVENT_MEASURE,56 cm,3570 mV,5 C,1 Degree,242 Times,
2994,2803915,70B3D50070001777,1606783485913,FES Receiver,2020-12-01 01:44:46.017446,"['SS', 'Standalone', 'version_184']",70001777,SENS_EVENT_MEASURE,56 cm,3570 mV,5 C,0 Degree,243 Times,
2993,2804203,70B3D50070001777,1606787085862,FES Receiver,2020-12-01 02:44:45.950238,"['SS', 'Standalone', 'version_184']",70001777,SENS_EVENT_MEASURE,54 cm,3570 mV,4 C,0 Degree,244 Times,
2992,2804483,70B3D50070001777,1606790685799,FES Receiver,2020-12-01 03:44:45.873594,"['SS', 'Standalone', 'version_184']",70001777,SENS_EVENT_MEASURE,56 cm,3570 mV,7 C,0 Degree,245 Times,
2991,2804781,70B3D50070001777,1606794285739,FES Receiver,2020-12-01 04:44:45.800125,"['SS', 'Standalone', 'version_184']",70001777,SENS_EVENT_MEASURE,56 cm,3570 mV,6 C,0 Degree,246 Times,
2990,2805060,70B3D50070001777,1606797885679,FES Receiver,2020-12-01 05:44:45.725699,"['SS', 'Standalone', 'version_184']",70001777,SENS_EVENT_MEASURE,56 cm,3570 mV,5 C,1 Degree,247 Times,
2989,2805352,70B3D50070001777,1606801485620,FES Receiver,2020-12-01 06:44:45.652784,"['SS', 'Standalone', 'version_184']",70001777,SENS_EVENT_MEASURE,54 cm,3570 mV,4 C,0 Degree,248 Times,
2988,2805635,70B3D50070001777,1606805085559,FES Receiver,2020-12-01 07:44:45.577745,"['SS', 'Standalone', 'version_184']",70001777,SENS_EVENT_MEASURE,56 cm,3570 mV,5 C,0 Degree,249 Times,
2987,2805934,70B3D50070001777,1606808685499,FES Receiver,2020-12-01 08:44:45.502651,"['SS', 'Standalone', 'version_184']",70001777,SENS_EVENT_MEASURE,56 cm,3570 mV,5 C,0 Degree,250 Times,
2986,2806337,70B3D50070001777,1606812285439,FES Receiver,2020-12-01 09:44:45.458031,"['SS', 'Standalone', 'version_184']",70001777,SENS_EVENT_MEASURE,54 cm,3570 mV,6 C,0 Degree,251 Times,
2985,2806731,70B3D50070001777,1606815885382,FES Receiver,2020-12-01 10:44:45.358618,"['SS', 'Standalone', 'version_184']",70001777,SENS_EVENT_MEASURE,54 cm,3570 mV,6 C,0 Degree,252 Times,
2984,2807118,70B3D50070001777,1606819485299,FES Receiver,2020-12-01 11:44:45.265236,"['SS', 'Standalone', 'version_184']",70001777,SENS_EVENT_MEASURE,50 cm,3570 mV,7 C,0 Degree,253 Times,
2983,2807526,70B3D50070001777,1606823085359,FES Receiver,2020-12-01 12:44:45.309732,"['SS', 'Standalone', 'version_184']",70001777,SENS_EVENT_MEASURE,50 cm,3570 mV,7 C,0 Degree,254 Times,
2982,2807955,70B3D50070001777,1606826685279,FES Receiver,2020-12-01 13:44:45.213469,"['SS', 'Standalone', 'version_184']",70001777,SENS_EVENT_MEASURE,50 cm,3570 mV,7 C,0 Degree,255 Times,
2981,2808375,70B3D50070001777,1606830265419,FES Receiver,2020-12-01 14:44:25.340135,"['SS', 'Standalone', 'version_184']",70001777,SENS_EVENT_MEASURE,48 cm,3580 mV,8 C,0 Degree,0 Times,
2980,2808772,70B3D50070001777,1606833865119,FES Receiver,2020-12-01 15:44:25.038811,"['SS', 'Standalone', 'version_184']",70001777,SENS_EVENT_MEASURE,50 cm,3580 mV,8 C,0 Degree,1 Times,
2979,2809182,70B3D50070001777,1606837465039,FES Receiver,2020-12-01 16:44:24.934114,"['SS', 'Standalone', 'version_184']",70001777,SENS_EVENT_MEASURE,50 cm,3580 mV,7 C,0 Degree,2 Times,
2978,2809572,70B3D50070001777,1606841064959,FES Receiver,2020-12-01 17:44:24.839426,"['SS', 'Standalone', 'version_184']",70001777,SENS_EVENT_MEASURE,50 cm,3570 mV,9 C,0 Degree,3 Times,
2977,2809976,70B3D50070001777,1606844664920,FES Receiver,2020-12-01 18:44:24.785287,"['SS', 'Standalone', 'version_184']",70001777,SENS_EVENT_MEASURE,48 cm,3580 mV,7 C,1 Degree,4 Times,
2976,2810337,70B3D50070001777,1606848266277,FES Receiver,2020-12-01 19:44:26.462535,"['SS', 'Standalone', 'version_184']",70001777,SENS_EVENT_MEASURE,50 cm,3580 mV,7 C,0 Degree,5 Times,
2975,2810723,70B3D50070001777,1606851866197,FES Receiver,2020-12-01 20:44:26.369388,"['SS', 'Standalone', 'version_184']",70001777,SENS_EVENT_MEASURE,52 cm,3580 mV,8 C,0 Degree,6 Times,
2974,2811121,70B3D50070001777,1606855466117,FES Receiver,2020-12-01 21:44:26.275365,"['SS', 'Standalone', 'version_184']",70001777,SENS_EVENT_MEASURE,50 cm,3580 mV,7 C,0 Degree,7 Times,
2973,2811544,70B3D50070001777,1606859066057,FES Receiver,2020-12-01 22:44:26.201784,"['SS', 'Standalone', 'version_184']",70001777,SENS_EVENT_MEASURE,52 cm,3570 mV,8 C,0 Degree,8 Times,
2972,2811954,70B3D50070001777,1606862665978,FES Receiver,2020-12-01 23:44:26.106952,"['SS', 'Standalone', 'version_184']",70001777,SENS_EVENT_MEASURE,50 cm,3580 mV,7 C,1 Degree,9 Times,
2971,2812369,70B3D50070001777,1606866265898,FES Receiver,2020-12-02 00:44:26.019879,"['SS', 'Standalone', 'version_184']",70001777,SENS_EVENT_MEASURE,50 cm,3580 mV,6 C,1 Degree,10 Times,
2970,2812789,70B3D50070001777,1606869865738,FES Receiver,2020-12-02 01:44:25.840324,"['SS', 'Standalone', 'version_184']",70001777,SENS_EVENT_MEASURE,52 cm,3570 mV,6 C,0 Degree,11 Times,
2969,2813173,70B3D50070001777,1606873465678,FES Receiver,2020-12-02 02:44:25.769049,"['SS', 'Standalone', 'version_184']",70001777,SENS_EVENT_MEASURE,50 cm,3570 mV,6 C,1 Degree,12 Times,
2968,2813582,70B3D50070001777,1606877065598,FES Receiver,2020-12-02 03:44:25.672913,"['SS', 'Standalone', 'version_184']",70001777,SENS_EVENT_MEASURE,52 cm,3570 mV,7 C,0 Degree,13 Times,
2967,2813985,70B3D50070001777,1606880665539,FES Receiver,2020-12-02 04:44:25.616069,"['SS', 'Standalone', 'version_184']",70001777,SENS_EVENT_MEASURE,50 cm,3570 mV,7 C,0 Degree,14 Times,
2966,2814358,70B3D50070001777,1606884265479,FES Receiver,2020-12-02 05:44:25.525123,"['SS', 'Standalone', 'version_184']",70001777,SENS_EVENT_MEASURE,50 cm,3570 mV,7 C,0 Degree,15 Times,
2965,2814776,70B3D50070001777,1606887865399,FES Receiver,2020-12-02 06:44:25.4323,"['SS', 'Standalone', 'version_184']",70001777,SENS_EVENT_MEASURE,50 cm,3570 mV,7 C,0 Degree,16 Times,
2964,2815588,70B3D50070001777,1606895065219,FES Receiver,2020-12-02 08:44:25.223452,"['SS', 'Standalone', 'version_184']",70001777,SENS_EVENT_MEASURE,46 cm,3570 mV,7 C,0 Degree,18 Times,
2963,2815875,70B3D50070001777,1606898665139,FES Receiver,2020-12-02 09:44:25.130713,"['SS', 'Standalone', 'version_184']",70001777,SENS_EVENT_MEASURE,46 cm,3580 mV,6 C,0 Degree,19 Times,
2962,2816177,70B3D50070001777,1606902265060,FES Receiver,2020-12-02 10:44:25.035401,"['SS', 'Standalone', 'version_184']",70001777,SENS_EVENT_MEASURE,40 cm,3580 mV,8 C,0 Degree,20 Times,
2961,2816482,70B3D50070001777,1606905864980,FES Receiver,2020-12-02 11:44:25.051727,"['SS', 'Standalone', 'version_184']",70001777,SENS_EVENT_MEASURE,40 cm,3580 mV,9 C,0 Degree,21 Times,
2960,2816764,70B3D50070001777,1606909464900,FES Receiver,2020-12-02 12:44:24.870191,"['SS', 'Standalone', 'version_184']",70001777,SENS_EVENT_MEASURE,40 cm,3580 mV,9 C,1 Degree,22 Times,
2959,2817069,70B3D50070001777,1606913064820,FES Receiver,2020-12-02 13:44:24.769929,"['SS', 'Standalone', 'version_184']",70001777,SENS_EVENT_MEASURE,40 cm,3580 mV,7 C,0 Degree,23 Times,
2958,2817339,70B3D50070001777,1606916664681,FES Receiver,2020-12-02 14:44:24.606175,"['SS', 'Standalone', 'version_184']",70001777,SENS_EVENT_MEASURE,40 cm,3580 mV,8 C,0 Degree,24 Times,
2957,2817920,70B3D50070001777,1606923864499,FES Receiver,2020-12-02 16:44:24.392557,"['SS', 'Standalone', 'version_184']",70001777,SENS_EVENT_MEASURE,34 cm,3580 mV,10 C,0 Degree,26 Times,
2956,2818236,70B3D50070001777,1606927464419,FES Receiver,2020-12-02 17:44:24.408192,"['SS', 'Standalone', 'version_184']",70001777,SENS_EVENT_MEASURE,36 cm,3580 mV,6 C,0 Degree,27 Times,
2955,2818537,70B3D50070001777,1606931064399,FES Receiver,2020-12-02 18:44:24.264516,"['SS', 'Standalone', 'version_184']",70001777,SENS_EVENT_MEASURE,36 cm,3580 mV,9 C,0 Degree,28 Times,
2954,2819126,70B3D50070001777,1606938265658,FES Receiver,2020-12-02 20:44:25.830089,"['SS', 'Standalone', 'version_184']",70001777,SENS_EVENT_MEASURE,38 cm,3580 mV,7 C,0 Degree,30 Times,
2953,2819412,70B3D50070001777,1606941865558,FES Receiver,2020-12-02 21:44:25.716876,"['SS', 'Standalone', 'version_184']",70001777,SENS_EVENT_MEASURE,34 cm,3580 mV,7 C,0 Degree,31 Times,
2952,2819704,70B3D50070001777,1606945465497,FES Receiver,2020-12-02 22:44:25.642881,"['SS', 'Standalone', 'version_184']",70001777,SENS_EVENT_MEASURE,34 cm,3580 mV,8 C,0 Degree,32 Times,
2951,2820301,70B3D50070001777,1606952665336,FES Receiver,2020-12-03 00:44:25.453376,"['SS', 'Standalone', 'version_184']",70001777,SENS_EVENT_MEASURE,34 cm,3570 mV,5 C,0 Degree,34 Times,
2950,2820638,70B3D50070001777,1606956265276,FES Receiver,2020-12-03 01:44:25.380049,"['SS', 'Standalone', 'version_184']",70001777,SENS_EVENT_MEASURE,34 cm,3570 mV,5 C,0 Degree,35 Times,
2949,2820947,70B3D50070001777,1606959865215,FES Receiver,2020-12-03 02:44:25.309262,"['SS', 'Standalone', 'version_184']",70001777,SENS_EVENT_MEASURE,34 cm,3570 mV,6 C,0 Degree,36 Times,
2948,2821239,70B3D50070001777,1606963465155,FES Receiver,2020-12-03 03:44:25.230832,"['SS', 'Standalone', 'version_184']",70001777,SENS_EVENT_MEASURE,34 cm,3570 mV,5 C,0 Degree,37 Times,
2947,2821528,70B3D50070001777,1606967065080,FES Receiver,2020-12-03 04:44:25.143083,"['SS', 'Standalone', 'version_184']",70001777,SENS_EVENT_MEASURE,34 cm,3570 mV,7 C,0 Degree,38 Times,
2946,2821825,70B3D50070001777,1606970665014,FES Receiver,2020-12-03 05:44:25.066699,"['SS', 'Standalone', 'version_184']",70001777,SENS_EVENT_MEASURE,34 cm,3570 mV,5 C,0 Degree,39 Times,
2945,2822141,70B3D50070001777,1606974265014,FES Receiver,2020-12-03 06:44:25.049932,"['SS', 'Standalone', 'version_184']",70001777,SENS_EVENT_MEASURE,34 cm,3570 mV,6 C,1 Degree,40 Times,
2944,2822446,70B3D50070001777,1606977864933,FES Receiver,2020-12-03 07:44:24.957524,"['SS', 'Standalone', 'version_184']",70001777,SENS_EVENT_MEASURE,34 cm,3570 mV,7 C,0 Degree,41 Times,
2943,2822742,70B3D50070001777,1606981464874,FES Receiver,2020-12-03 08:44:24.882061,"['SS', 'Standalone', 'version_184']",70001777,SENS_EVENT_MEASURE,34 cm,3570 mV,7 C,0 Degree,42 Times,
2942,2823035,70B3D50070001777,1606985064813,FES Receiver,2020-12-03 09:44:24.816623,"['SS', 'Standalone', 'version_184']",70001777,SENS_EVENT_MEASURE,28 cm,3570 mV,5 C,1 Degree,43 Times,
2941,2823326,70B3D50070001777,1606988664736,FES Receiver,2020-12-03 10:44:24.718137,"['SS', 'Standalone', 'version_184']",70001777,SENS_EVENT_MEASURE,28 cm,3580 mV,7 C,0 Degree,44 Times,
2940,2823877,70B3D50070001777,1606995864572,FES Receiver,2020-12-03 12:44:24.52606,"['SS', 'Standalone', 'version_184']",70001777,SENS_EVENT_MEASURE,30 cm,3580 mV,7 C,0 Degree,46 Times,
2939,2824173,70B3D50070001777,1606999464491,FES Receiver,2020-12-03 13:44:24.432232,"['SS', 'Standalone', 'version_184']",70001777,SENS_EVENT_MEASURE,30 cm,3580 mV,9 C,0 Degree,47 Times,
2938,2824758,70B3D50070001777,1607006664310,FES Receiver,2020-12-03 15:44:24.224721,"['SS', 'Standalone', 'version_184']",70001777,SENS_EVENT_MEASURE,22 cm,3580 mV,7 C,0 Degree,49 Times,
2937,2825057,70B3D50070001777,1607010264250,FES Receiver,2020-12-03 16:44:24.149082,"['SS', 'Standalone', 'version_184']",70001777,SENS_EVENT_MEASURE,24 cm,3580 mV,9 C,1 Degree,50 Times,
2936,2825352,70B3D50070001777,1607013864148,FES Receiver,2020-12-03 17:44:24.033239,"['SS', 'Standalone', 'version_184']",70001777,SENS_EVENT_MEASURE,22 cm,3580 mV,8 C,1 Degree,51 Times,
2935,2825648,70B3D50070001777,1607017464068,FES Receiver,2020-12-03 18:44:23.939596,"['SS', 'Standalone', 'version_184']",70001777,SENS_EVENT_MEASURE,22 cm,3580 mV,7 C,1 Degree,52 Times,
2934,2825919,70B3D50070001777,1607021065438,FES Receiver,2020-12-03 19:44:25.623358,"['SS', 'Standalone', 'version_184']",70001777,SENS_EVENT_MEASURE,22 cm,3580 mV,6 C,0 Degree,53 Times,
2933,2826185,70B3D50070001777,1607024665358,FES Receiver,2020-12-03 20:44:25.531875,"['SS', 'Standalone', 'version_184']",70001777,SENS_EVENT_MEASURE,22 cm,3580 mV,7 C,0 Degree,54 Times,
2932,2826490,70B3D50070001777,1607028265280,FES Receiver,2020-12-03 21:44:25.438657,"['SS', 'Standalone', 'version_184']",70001777,SENS_EVENT_MEASURE,32 cm,3580 mV,7 C,0 Degree,55 Times,
2931,2826803,70B3D50070001777,1607031865217,FES Receiver,2020-12-03 22:44:25.361028,"['SS', 'Standalone', 'version_184']",70001777,SENS_EVENT_MEASURE,26 cm,3580 mV,7 C,0 Degree,56 Times,
2930,2827107,70B3D50070001777,1607035465137,FES Receiver,2020-12-03 23:44:25.276392,"['SS', 'Standalone', 'version_184']",70001777,SENS_EVENT_MEASURE,26 cm,3580 mV,7 C,0 Degree,57 Times,
2929,2827409,70B3D50070001777,1607039065077,FES Receiver,2020-12-04 00:44:25.193047,"['SS', 'Standalone', 'version_184']",70001777,SENS_EVENT_MEASURE,26 cm,3580 mV,7 C,0 Degree,58 Times,
2928,2827702,70B3D50070001777,1607042664996,FES Receiver,2020-12-04 01:44:25.099579,"['SS', 'Standalone', 'version_184']",70001777,SENS_EVENT_MEASURE,26 cm,3580 mV,6 C,0 Degree,59 Times,
2927,2827993,70B3D50070001777,1607046264916,FES Receiver,2020-12-04 02:44:25.011146,"['SS', 'Standalone', 'version_184']",70001777,SENS_EVENT_MEASURE,26 cm,3580 mV,7 C,0 Degree,60 Times,
2926,2828293,70B3D50070001777,1607049864855,FES Receiver,2020-12-04 03:44:24.937704,"['SS', 'Standalone', 'version_184']",70001777,SENS_EVENT_MEASURE,26 cm,3570 mV,7 C,0 Degree,61 Times,
2925,2828578,70B3D50070001777,1607053464775,FES Receiver,2020-12-04 04:44:24.86137,"['SS', 'Standalone', 'version_184']",70001777,SENS_EVENT_MEASURE,26 cm,3570 mV,7 C,0 Degree,62 Times,
2924,2828870,70B3D50070001777,1607057064695,FES Receiver,2020-12-04 05:44:24.742099,"['SS', 'Standalone', 'version_184']",70001777,SENS_EVENT_MEASURE,26 cm,3580 mV,8 C,1 Degree,63 Times,
2923,2829180,70B3D50070001777,1607060664615,FES Receiver,2020-12-04 06:44:24.647783,"['SS', 'Standalone', 'version_184']",70001777,SENS_EVENT_MEASURE,26 cm,3580 mV,7 C,1 Degree,64 Times,
2922,2829478,70B3D50070001777,1607064264557,FES Receiver,2020-12-04 07:44:24.57645,"['SS', 'Standalone', 'version_184']",70001777,SENS_EVENT_MEASURE,22 cm,3580 mV,8 C,0 Degree,65 Times,
2921,2829751,70B3D50070001777,1607067864473,FES Receiver,2020-12-04 08:44:24.478826,"['SS', 'Standalone', 'version_184']",70001777,SENS_EVENT_MEASURE,24 cm,3580 mV,7 C,1 Degree,66 Times,
2920,2830047,70B3D50070001777,1607071464393,FES Receiver,2020-12-04 09:44:24.391135,"['SS', 'Standalone', 'version_184']",70001777,SENS_EVENT_MEASURE,24 cm,3580 mV,9 C,0 Degree,67 Times,
2919,2830320,70B3D50070001777,1607075064396,FES Receiver,2020-12-04 10:44:24.37806,"['SS', 'Standalone', 'version_184']",70001777,SENS_EVENT_MEASURE,20 cm,3590 mV,9 C,0 Degree,68 Times,
2918,2830604,70B3D50070001777,1607078664272,FES Receiver,2020-12-04 11:44:24.236301,"['SS', 'Standalone', 'version_184']",70001777,SENS_EVENT_MEASURE,26 cm,3600 mV,13 C,0 Degree,69 Times,
2917,2830890,70B3D50070001777,1607082264152,FES Receiver,2020-12-04 12:44:24.10155,"['SS', 'Standalone', 'version_184']",70001777,SENS_EVENT_MEASURE,24 cm,3600 mV,11 C,0 Degree,70 Times,
2916,2831143,70B3D50070001777,1607085864051,FES Receiver,2020-12-04 13:44:23.987732,"['SS', 'Standalone', 'version_184']",70001777,SENS_EVENT_MEASURE,24 cm,3590 mV,11 C,0 Degree,71 Times,
2915,2831407,70B3D50070001777,1607089463950,FES Receiver,2020-12-04 14:44:23.874114,"['SS', 'Standalone', 'version_184']",70001777,SENS_EVENT_MEASURE,26 cm,3590 mV,12 C,0 Degree,72 Times,
2914,2831676,70B3D50070001777,1607093063850,FES Receiver,2020-12-04 15:44:23.759295,"['SS', 'Standalone', 'version_184']",70001777,SENS_EVENT_MEASURE,20 cm,3590 mV,9 C,0 Degree,73 Times,
2913,2831937,70B3D50070001777,1607096663771,FES Receiver,2020-12-04 16:44:23.69845,"['SS', 'Standalone', 'version_184']",70001777,SENS_EVENT_MEASURE,28 cm,3590 mV,7 C,0 Degree,74 Times,
2912,2832483,70B3D50070001777,1607100263690,FES Receiver,2020-12-04 17:44:23.575109,"['SS', 'Standalone', 'version_184']",70001777,SENS_EVENT_MEASURE,24 cm,3580 mV,8 C,0 Degree,75 Times,
2911,2832758,70B3D50070001777,1607103863635,FES Receiver,2020-12-04 18:44:23.523646,"['SS', 'Standalone', 'version_184']",70001777,SENS_EVENT_MEASURE,16 cm,3580 mV,10 C,1 Degree,76 Times,
2910,2833006,70B3D50070001777,1607107464976,FES Receiver,2020-12-04 19:44:25.16169,"['SS', 'Standalone', 'version_184']",70001777,SENS_EVENT_MEASURE,16 cm,3580 mV,6 C,0 Degree,77 Times,
2909,2833265,70B3D50070001777,1607111064898,FES Receiver,2020-12-04 20:44:25.071074,"['SS', 'Standalone', 'version_184']",70001777,SENS_EVENT_MEASURE,16 cm,3580 mV,7 C,0 Degree,78 Times,
2908,2833556,70B3D50070001777,1607114664815,FES Receiver,2020-12-04 21:44:24.97475,"['SS', 'Standalone', 'version_184']",70001777,SENS_EVENT_MEASURE,16 cm,3580 mV,8 C,0 Degree,79 Times,
2907,2833845,70B3D50070001777,1607118264734,FES Receiver,2020-12-04 22:44:24.883927,"['SS', 'Standalone', 'version_184']",70001777,SENS_EVENT_MEASURE,16 cm,3580 mV,9 C,0 Degree,80 Times,
2906,2834134,70B3D50070001777,1607121864895,FES Receiver,2020-12-04 23:44:25.025334,"['SS', 'Standalone', 'version_184']",70001777,SENS_EVENT_MEASURE,16 cm,3580 mV,10 C,0 Degree,81 Times,
2905,2834404,70B3D50070001777,1607125464814,FES Receiver,2020-12-05 00:44:24.932099,"['SS', 'Standalone', 'version_184']",70001777,SENS_EVENT_MEASURE,16 cm,3580 mV,10 C,1 Degree,82 Times,
2904,2834712,70B3D50070001777,1607129064734,FES Receiver,2020-12-05 01:44:24.837065,"['SS', 'Standalone', 'version_184']",70001777,SENS_EVENT_MEASURE,16 cm,3580 mV,7 C,0 Degree,83 Times,
2903,2834988,70B3D50070001777,1607132664654,FES Receiver,2020-12-05 02:44:24.74544,"['SS', 'Standalone', 'version_184']",70001777,SENS_EVENT_MEASURE,16 cm,3580 mV,7 C,0 Degree,84 Times,
2902,2835255,70B3D50070001777,1607136264597,FES Receiver,2020-12-05 03:44:24.672252,"['SS', 'Standalone', 'version_184']",70001777,SENS_EVENT_MEASURE,16 cm,3570 mV,6 C,0 Degree,85 Times,
2901,2835794,70B3D50070001777,1607143464452,FES Receiver,2020-12-05 05:44:24.501091,"['SS', 'Standalone', 'version_184']",70001777,SENS_EVENT_MEASURE,16 cm,3570 mV,7 C,0 Degree,87 Times,
2900,2836060,70B3D50070001777,1607147064395,FES Receiver,2020-12-05 06:44:24.430188,"['SS', 'Standalone', 'version_184']",70001777,SENS_EVENT_MEASURE,16 cm,3570 mV,6 C,0 Degree,88 Times,
2899,2836335,70B3D50070001777,1607150664312,FES Receiver,2020-12-05 07:44:24.332102,"['SS', 'Standalone', 'version_184']",70001777,SENS_EVENT_MEASURE,16 cm,3570 mV,7 C,0 Degree,89 Times,
2898,2836608,70B3D50070001777,1607154264252,FES Receiver,2020-12-05 08:44:24.282878,"['SS', 'Standalone', 'version_184']",70001777,SENS_EVENT_MEASURE,18 cm,3580 mV,5 C,0 Degree,90 Times,
2897,2836883,70B3D50070001777,1607157864171,FES Receiver,2020-12-05 09:44:24.165027,"['SS', 'Standalone', 'version_184']",70001777,SENS_EVENT_MEASURE,16 cm,3580 mV,8 C,0 Degree,91 Times,
2896,2837153,70B3D50070001777,1607161464096,FES Receiver,2020-12-05 10:44:24.076566,"['SS', 'Standalone', 'version_184']",70001777,SENS_EVENT_MEASURE,16 cm,3580 mV,8 C,0 Degree,92 Times,
2895,2837440,70B3D50070001777,1607165064010,FES Receiver,2020-12-05 11:44:23.975732,"['SS', 'Standalone', 'version_184']",70001777,SENS_EVENT_MEASURE,12 cm,3590 mV,10 C,1 Degree,93 Times,
2894,2837841,70B3D50070001777,1607168664135,FES Receiver,2020-12-05 12:44:24.091693,"['SS', 'Standalone', 'version_184']",70001777,SENS_EVENT_MEASURE,124 cm,3590 mV,11 C,0 Degree,94 Times,
2893,2838197,70B3D50070001777,1607172263830,FES Receiver,2020-12-05 13:44:23.767293,"['SS', 'Standalone', 'version_184']",70001777,SENS_EVENT_MEASURE,124 cm,3590 mV,11 C,0 Degree,95 Times,
2892,2838584,70B3D50070001777,1607175863709,FES Receiver,2020-12-05 14:44:23.633236,"['SS', 'Standalone', 'version_184']",70001777,SENS_EVENT_MEASURE,124 cm,3590 mV,9 C,0 Degree,96 Times,
2891,2838945,70B3D50070001777,1607179463609,FES Receiver,2020-12-05 15:44:23.520642,"['SS', 'Standalone', 'version_184']",70001777,SENS_EVENT_MEASURE,134 cm,3590 mV,9 C,0 Degree,97 Times,
2890,2839330,70B3D50070001777,1607183063529,FES Receiver,2020-12-05 16:44:23.426527,"['SS', 'Standalone', 'version_184']",70001777,SENS_EVENT_MEASURE,124 cm,3580 mV,11 C,1 Degree,98 Times,
2889,2839702,70B3D50070001777,1607186663449,FES Receiver,2020-12-05 17:44:23.333454,"['SS', 'Standalone', 'version_184']",70001777,SENS_EVENT_MEASURE,132 cm,3580 mV,7 C,0 Degree,99 Times,
2888,2840065,70B3D50070001777,1607190263368,FES Receiver,2020-12-05 18:44:23.239631,"['SS', 'Standalone', 'version_184']",70001777,SENS_EVENT_MEASURE,132 cm,3580 mV,8 C,0 Degree,100 Times,
2887,2840431,70B3D50070001777,1607193864736,FES Receiver,2020-12-05 19:44:24.930319,"['SS', 'Standalone', 'version_184']",70001777,SENS_EVENT_MEASURE,138 cm,3580 mV,9 C,0 Degree,101 Times,
2886,2840792,70B3D50070001777,1607197464673,FES Receiver,2020-12-05 20:44:24.850026,"['SS', 'Standalone', 'version_184']",70001777,SENS_EVENT_MEASURE,124 cm,3580 mV,9 C,0 Degree,102 Times,
2885,2841176,70B3D50070001777,1607201064572,FES Receiver,2020-12-05 21:44:24.735765,"['SS', 'Standalone', 'version_184']",70001777,SENS_EVENT_MEASURE,124 cm,3580 mV,7 C,0 Degree,103 Times,
2884,2841570,70B3D50070001777,1607204664512,FES Receiver,2020-12-05 22:44:24.662741,"['SS', 'Standalone', 'version_184']",70001777,SENS_EVENT_MEASURE,124 cm,3580 mV,7 C,1 Degree,104 Times,
2883,2841958,70B3D50070001777,1607208264432,FES Receiver,2020-12-05 23:44:24.567086,"['SS', 'Standalone', 'version_184']",70001777,SENS_EVENT_MEASURE,124 cm,3580 mV,7 C,0 Degree,105 Times,
2882,2842348,70B3D50070001777,1607211864352,FES Receiver,2020-12-06 00:44:24.47264,"['SS', 'Standalone', 'version_184']",70001777,SENS_EVENT_MEASURE,124 cm,3580 mV,9 C,1 Degree,106 Times,
2881,2842760,70B3D50070001777,1607215464271,FES Receiver,2020-12-06 01:44:24.383562,"['SS', 'Standalone', 'version_184']",70001777,SENS_EVENT_MEASURE,124 cm,3580 mV,9 C,0 Degree,107 Times,
2880,2843149,70B3D50070001777,1607219064091,FES Receiver,2020-12-06 02:44:24.187834,"['SS', 'Standalone', 'version_184']",70001777,SENS_EVENT_MEASURE,124 cm,3580 mV,8 C,0 Degree,108 Times,
2879,2843531,70B3D50070001777,1607222664010,FES Receiver,2020-12-06 03:44:24.090804,"['SS', 'Standalone', 'version_184']",70001777,SENS_EVENT_MEASURE,124 cm,3580 mV,8 C,1 Degree,109 Times,
2878,2843925,70B3D50070001777,1607226263930,FES Receiver,2020-12-06 04:44:23.996484,"['SS', 'Standalone', 'version_184']",70001777,SENS_EVENT_MEASURE,124 cm,3580 mV,9 C,0 Degree,110 Times,
2877,2844306,70B3D50070001777,1607229863849,FES Receiver,2020-12-06 05:44:23.902832,"['SS', 'Standalone', 'version_184']",70001777,SENS_EVENT_MEASURE,124 cm,3580 mV,8 C,1 Degree,111 Times,
2876,2844691,70B3D50070001777,1607233463776,FES Receiver,2020-12-06 06:44:23.834671,"['SS', 'Standalone', 'version_184']",70001777,SENS_EVENT_MEASURE,124 cm,3580 mV,9 C,0 Degree,112 Times,
2875,2845083,70B3D50070001777,1607237063689,FES Receiver,2020-12-06 07:44:23.71397,"['SS', 'Standalone', 'version_184']",70001777,SENS_EVENT_MEASURE,124 cm,3580 mV,8 C,0 Degree,113 Times,
2874,2845457,70B3D50070001777,1607240663608,FES Receiver,2020-12-06 08:44:23.621428,"['SS', 'Standalone', 'version_184']",70001777,SENS_EVENT_MEASURE,124 cm,3580 mV,8 C,0 Degree,114 Times,
2873,2845844,70B3D50070001777,1607244263528,FES Receiver,2020-12-06 09:44:23.527255,"['SS', 'Standalone', 'version_184']",70001777,SENS_EVENT_MEASURE,122 cm,3580 mV,9 C,0 Degree,115 Times,
2872,2846624,70B3D50070001777,1607251463350,FES Receiver,2020-12-06 11:44:23.321015,"['SS', 'Standalone', 'version_184']",70001777,SENS_EVENT_MEASURE,122 cm,3590 mV,12 C,0 Degree,117 Times,
2871,2847005,70B3D50070001777,1607255063246,FES Receiver,2020-12-06 12:44:23.205064,"['SS', 'Standalone', 'version_184']",70001777,SENS_EVENT_MEASURE,122 cm,3590 mV,9 C,0 Degree,118 Times,
2870,2847367,70B3D50070001777,1607258663166,FES Receiver,2020-12-06 13:44:23.110484,"['SS', 'Standalone', 'version_184']",70001777,SENS_EVENT_MEASURE,122 cm,3590 mV,10 C,0 Degree,119 Times,
2869,2847756,70B3D50070001777,1607262263065,FES Receiver,2020-12-06 14:44:23.023928,"['SS', 'Standalone', 'version_184']",70001777,SENS_EVENT_MEASURE,124 cm,3590 mV,9 C,0 Degree,120 Times,
2868,2848145,70B3D50070001777,1607265862968,FES Receiver,2020-12-06 15:44:22.890306,"['SS', 'Standalone', 'version_184']",70001777,SENS_EVENT_MEASURE,124 cm,3590 mV,10 C,0 Degree,121 Times,
2867,2848504,70B3D50070001777,1607269462824,FES Receiver,2020-12-06 16:44:22.729055,"['SS', 'Standalone', 'version_184']",70001777,SENS_EVENT_MEASURE,124 cm,3590 mV,11 C,11 Degree,122 Times,
2866,2848894,70B3D50070001777,1607273062743,FES Receiver,2020-12-06 17:44:22.6342,"['SS', 'Standalone', 'version_184']",70001777,SENS_EVENT_MEASURE,122 cm,3590 mV,10 C,0 Degree,123 Times,
2865,2849297,70B3D50070001777,1607276662643,FES Receiver,2020-12-06 18:44:22.520286,"['SS', 'Standalone', 'version_184']",70001777,SENS_EVENT_MEASURE,122 cm,3590 mV,8 C,0 Degree,124 Times,
2864,2850031,70B3D50070001777,1607283863914,FES Receiver,2020-12-06 20:44:24.089873,"['SS', 'Standalone', 'version_184']",70001777,SENS_EVENT_MEASURE,122 cm,3590 mV,7 C,0 Degree,126 Times,
2863,2850415,70B3D50070001777,1607287463837,FES Receiver,2020-12-06 21:44:24.001519,"['SS', 'Standalone', 'version_184']",70001777,SENS_EVENT_MEASURE,122 cm,3590 mV,10 C,0 Degree,127 Times,
2862,2850804,70B3D50070001777,1607291063752,FES Receiver,2020-12-06 22:44:23.899636,"['SS', 'Standalone', 'version_184']",70001777,SENS_EVENT_MEASURE,122 cm,3590 mV,8 C,0 Degree,128 Times,
2861,2851191,70B3D50070001777,1607294663653,FES Receiver,2020-12-06 23:44:23.786625,"['SS', 'Standalone', 'version_184']",70001777,SENS_EVENT_MEASURE,122 cm,3590 mV,9 C,0 Degree,129 Times,
2860,2851575,70B3D50070001777,1607298263553,FES Receiver,2020-12-07 00:44:23.6724,"['SS', 'Standalone', 'version_184']",70001777,SENS_EVENT_MEASURE,122 cm,3590 mV,8 C,1 Degree,130 Times,
2859,2851953,70B3D50070001777,1607301863473,FES Receiver,2020-12-07 01:44:23.579331,"['SS', 'Standalone', 'version_184']",70001777,SENS_EVENT_MEASURE,122 cm,3580 mV,9 C,1 Degree,131 Times,
2858,2852355,70B3D50070001777,1607305468372,FES Receiver,2020-12-07 02:44:28.484227,"['SS', 'Standalone', 'version_184']",70001777,SENS_EVENT_MEASURE,122 cm,3580 mV,7 C,0 Degree,132 Times,
2857,2852751,70B3D50070001777,1607309063297,FES Receiver,2020-12-07 03:44:23.376827,"['SS', 'Standalone', 'version_184']",70001777,SENS_EVENT_MEASURE,122 cm,3580 mV,9 C,1 Degree,133 Times,
2856,2853507,70B3D50070001777,1607316263130,FES Receiver,2020-12-07 05:44:23.182539,"['SS', 'Standalone', 'version_184']",70001777,SENS_EVENT_MEASURE,122 cm,3580 mV,8 C,0 Degree,135 Times,
2855,2853900,70B3D50070001777,1607319863053,FES Receiver,2020-12-07 06:44:23.094256,"['SS', 'Standalone', 'version_184']",70001777,SENS_EVENT_MEASURE,120 cm,3580 mV,7 C,0 Degree,136 Times,
2854,2855114,70B3D50070001777,1607330662769,FES Receiver,2020-12-07 09:44:22.765732,"['SS', 'Standalone', 'version_184']",70001777,SENS_EVENT_MEASURE,124 cm,3590 mV,9 C,0 Degree,139 Times,
2853,2855508,70B3D50070001777,1607334262689,FES Receiver,2020-12-07 10:44:22.67296,"['SS', 'Standalone', 'version_184']",70001777,SENS_EVENT_MEASURE,124 cm,3590 mV,8 C,0 Degree,140 Times,
2852,2855907,70B3D50070001777,1607337862589,FES Receiver,2020-12-07 11:44:22.558826,"['SS', 'Standalone', 'version_184']",70001777,SENS_EVENT_MEASURE,124 cm,3590 mV,8 C,0 Degree,141 Times,
2851,2856302,70B3D50070001777,1607341462488,FES Receiver,2020-12-07 12:44:22.44382,"['SS', 'Standalone', 'version_184']",70001777,SENS_EVENT_MEASURE,122 cm,3590 mV,9 C,1 Degree,142 Times,
2850,2857090,70B3D50070001777,1607348662287,FES Receiver,2020-12-07 14:44:22.216599,"['SS', 'Standalone', 'version_184']",70001777,SENS_EVENT_MEASURE,132 cm,3590 mV,10 C,1 Degree,144 Times,
2849,2858275,70B3D50070001777,1607359462005,FES Receiver,2020-12-07 17:44:21.89206,"['SS', 'Standalone', 'version_184']",70001777,SENS_EVENT_MEASURE,120 cm,3590 mV,9 C,0 Degree,147 Times,
2848,2858669,70B3D50070001777,1607363061905,FES Receiver,2020-12-07 18:44:21.779339,"['SS', 'Standalone', 'version_184']",70001777,SENS_EVENT_MEASURE,126 cm,3580 mV,9 C,0 Degree,148 Times,
2847,2859063,70B3D50070001777,1607366663274,FES Receiver,2020-12-07 19:44:23.461025,"['SS', 'Standalone', 'version_184']",70001777,SENS_EVENT_MEASURE,114 cm,3590 mV,10 C,0 Degree,149 Times,
2846,2859448,70B3D50070001777,1607370263199,FES Receiver,2020-12-07 20:44:23.372904,"['SS', 'Standalone', 'version_184']",70001777,SENS_EVENT_MEASURE,112 cm,3590 mV,8 C,1 Degree,150 Times,
2845,2860268,70B3D50070001777,1607377463010,FES Receiver,2020-12-07 22:44:23.155089,"['SS', 'Standalone', 'version_184']",70001777,SENS_EVENT_MEASURE,114 cm,3580 mV,7 C,1 Degree,152 Times,
2844,2860654,70B3D50070001777,1607381062912,FES Receiver,2020-12-07 23:44:23.044689,"['SS', 'Standalone', 'version_184']",70001777,SENS_EVENT_MEASURE,114 cm,3580 mV,8 C,0 Degree,153 Times,
2843,2861447,70B3D50070001777,1607388262749,FES Receiver,2020-12-08 01:44:22.852736,"['SS', 'Standalone', 'version_184']",70001777,SENS_EVENT_MEASURE,114 cm,3580 mV,9 C,1 Degree,155 Times,
2842,2861886,70B3D50070001777,1607391862668,FES Receiver,2020-12-08 02:44:22.76301,"['SS', 'Standalone', 'version_184']",70001777,SENS_EVENT_MEASURE,114 cm,3580 mV,6 C,0 Degree,156 Times,
2841,2862300,70B3D50070001777,1607395462608,FES Receiver,2020-12-08 03:44:22.684378,"['SS', 'Standalone', 'version_184']",70001777,SENS_EVENT_MEASURE,114 cm,3580 mV,7 C,0 Degree,157 Times,
2840,2862691,70B3D50070001777,1607399062527,FES Receiver,2020-12-08 04:44:22.588977,"['SS', 'Standalone', 'version_184']",70001777,SENS_EVENT_MEASURE,114 cm,3580 mV,7 C,0 Degree,158 Times,
2839,2863076,70B3D50070001777,1607402662447,FES Receiver,2020-12-08 05:44:22.495294,"['SS', 'Standalone', 'version_184']",70001777,SENS_EVENT_MEASURE,114 cm,3580 mV,8 C,0 Degree,159 Times,
2838,2863477,70B3D50070001777,1607406262390,FES Receiver,2020-12-08 06:44:22.424778,"['SS', 'Standalone', 'version_184']",70001777,SENS_EVENT_MEASURE,114 cm,3580 mV,7 C,0 Degree,160 Times,
2837,2864040,70B3D50070001777,1607413462227,FES Receiver,2020-12-08 08:44:22.234241,"['SS', 'Standalone', 'version_184']",70001777,SENS_EVENT_MEASURE,120 cm,3580 mV,8 C,0 Degree,162 Times,
2836,2864321,70B3D50070001777,1607417062146,FES Receiver,2020-12-08 09:44:22.140706,"['SS', 'Standalone', 'version_184']",70001777,SENS_EVENT_MEASURE,118 cm,3580 mV,8 C,1 Degree,163 Times,
2835,2864594,70B3D50070001777,1607420662046,FES Receiver,2020-12-08 10:44:22.026145,"['SS', 'Standalone', 'version_184']",70001777,SENS_EVENT_MEASURE,116 cm,3590 mV,9 C,0 Degree,164 Times,
2834,2864832,70B3D50070001777,1607424261955,FES Receiver,2020-12-08 11:44:21.92074,"['SS', 'Standalone', 'version_184']",70001777,SENS_EVENT_MEASURE,114 cm,3590 mV,10 C,0 Degree,165 Times,
2833,2865387,70B3D50070001777,1607431461723,FES Receiver,2020-12-08 13:44:21.662714,"['SS', 'Standalone', 'version_184']",70001777,SENS_EVENT_MEASURE,112 cm,3600 mV,12 C,0 Degree,167 Times,
2832,2865666,70B3D50070001777,1607435061631,FES Receiver,2020-12-08 14:44:21.557702,"['SS', 'Standalone', 'version_184']",70001777,SENS_EVENT_MEASURE,108 cm,3590 mV,9 C,0 Degree,168 Times,
2831,2866218,70B3D50070001777,1607442261442,FES Receiver,2020-12-08 16:44:21.356541,"['SS', 'Standalone', 'version_184']",70001777,SENS_EVENT_MEASURE,112 cm,3590 mV,7 C,0 Degree,170 Times,
2830,2866493,70B3D50070001777,1607445861365,FES Receiver,2020-12-08 17:44:21.24888,"['SS', 'Standalone', 'version_184']",70001777,SENS_EVENT_MEASURE,108 cm,3580 mV,6 C,0 Degree,171 Times,
2829,2866794,70B3D50070001777,1607449461282,FES Receiver,2020-12-08 18:44:21.154466,"['SS', 'Standalone', 'version_184']",70001777,SENS_EVENT_MEASURE,104 cm,3580 mV,7 C,0 Degree,172 Times,
2828,2867065,70B3D50070001777,1607453062658,FES Receiver,2020-12-08 19:44:22.861654,"['SS', 'Standalone', 'version_184']",70001777,SENS_EVENT_MEASURE,104 cm,3580 mV,7 C,0 Degree,173 Times,
2827,2867624,70B3D50070001777,1607460262512,FES Receiver,2020-12-08 21:44:22.671816,"['SS', 'Standalone', 'version_184']",70001777,SENS_EVENT_MEASURE,104 cm,3570 mV,6 C,0 Degree,175 Times,
2826,2867924,70B3D50070001777,1607463862455,FES Receiver,2020-12-08 22:44:22.601425,"['SS', 'Standalone', 'version_184']",70001777,SENS_EVENT_MEASURE,104 cm,3570 mV,8 C,0 Degree,176 Times,
2825,2868515,70B3D50070001777,1607471062314,FES Receiver,2020-12-09 00:44:22.435242,"['SS', 'Standalone', 'version_184']",70001777,SENS_EVENT_MEASURE,104 cm,3570 mV,5 C,0 Degree,178 Times,
2824,2868864,70B3D50070001777,1607474662254,FES Receiver,2020-12-09 01:44:22.357423,"['SS', 'Standalone', 'version_184']",70001777,SENS_EVENT_MEASURE,104 cm,3570 mV,6 C,0 Degree,179 Times,
2823,2869178,70B3D50070001777,1607478262190,FES Receiver,2020-12-09 02:44:22.282865,"['SS', 'Standalone', 'version_184']",70001777,SENS_EVENT_MEASURE,104 cm,3570 mV,7 C,1 Degree,180 Times,
2822,2869473,70B3D50070001777,1607481862109,FES Receiver,2020-12-09 03:44:22.184903,"['SS', 'Standalone', 'version_184']",70001777,SENS_EVENT_MEASURE,104 cm,3570 mV,7 C,0 Degree,181 Times,
2821,2869777,70B3D50070001777,1607485462049,FES Receiver,2020-12-09 04:44:22.112696,"['SS', 'Standalone', 'version_184']",70001777,SENS_EVENT_MEASURE,104 cm,3570 mV,7 C,0 Degree,182 Times,
2820,2870059,70B3D50070001777,1607489061974,FES Receiver,2020-12-09 05:44:22.023948,"['SS', 'Standalone', 'version_184']",70001777,SENS_EVENT_MEASURE,104 cm,3570 mV,7 C,0 Degree,183 Times,
2819,2870649,70B3D50070001777,1607496261851,FES Receiver,2020-12-09 07:44:21.871789,"['SS', 'Standalone', 'version_184']",70001777,SENS_EVENT_MEASURE,104 cm,3570 mV,5 C,0 Degree,185 Times,
2818,2870938,70B3D50070001777,1607499861791,FES Receiver,2020-12-09 08:44:21.798347,"['SS', 'Standalone', 'version_184']",70001777,SENS_EVENT_MEASURE,106 cm,3570 mV,5 C,0 Degree,186 Times,
2817,2871227,70B3D50070001777,1607503461730,FES Receiver,2020-12-09 09:44:21.725104,"['SS', 'Standalone', 'version_184']",70001777,SENS_EVENT_MEASURE,108 cm,3570 mV,6 C,0 Degree,187 Times,
2816,2871518,70B3D50070001777,1607507061566,FES Receiver,2020-12-09 10:44:21.549428,"['SS', 'Standalone', 'version_184']",70001777,SENS_EVENT_MEASURE,106 cm,3590 mV,10 C,0 Degree,188 Times,
2815,2871757,70B3D50070001777,1607510661507,FES Receiver,2020-12-09 11:44:21.480612,"['SS', 'Standalone', 'version_184']",70001777,SENS_EVENT_MEASURE,106 cm,3600 mV,11 C,0 Degree,189 Times,
2814,2872042,70B3D50070001777,1607514261286,FES Receiver,2020-12-09 12:44:21.245657,"['SS', 'Standalone', 'version_184']",70001777,SENS_EVENT_MEASURE,102 cm,3590 mV,9 C,1 Degree,190 Times,
2813,2872315,70B3D50070001777,1607517861309,FES Receiver,2020-12-09 13:44:21.267455,"['SS', 'Standalone', 'version_184']",70001777,SENS_EVENT_MEASURE,108 cm,3590 mV,11 C,0 Degree,191 Times,
2812,2872591,70B3D50070001777,1607521461208,FES Receiver,2020-12-09 14:44:21.135641,"['SS', 'Standalone', 'version_184']",70001777,SENS_EVENT_MEASURE,102 cm,3590 mV,9 C,0 Degree,192 Times,
2811,2872911,70B3D50070001777,1607525061128,FES Receiver,2020-12-09 15:44:21.038631,"['SS', 'Standalone', 'version_184']",70001777,SENS_EVENT_MEASURE,102 cm,3590 mV,9 C,1 Degree,193 Times,
2810,2873210,70B3D50070001777,1607528661047,FES Receiver,2020-12-09 16:44:20.943572,"['SS', 'Standalone', 'version_184']",70001777,SENS_EVENT_MEASURE,102 cm,3590 mV,7 C,1 Degree,194 Times,
2809,2873763,70B3D50070001777,1607535860863,FES Receiver,2020-12-09 18:44:20.73157,"['SS', 'Standalone', 'version_184']",70001777,SENS_EVENT_MEASURE,102 cm,3580 mV,7 C,0 Degree,196 Times,
2808,2874322,70B3D50070001777,1607543062154,FES Receiver,2020-12-09 20:44:22.326611,"['SS', 'Standalone', 'version_184']",70001777,SENS_EVENT_MEASURE,106 cm,3570 mV,8 C,1 Degree,198 Times,
2807,2875185,70B3D50070001777,1607553861912,FES Receiver,2020-12-09 23:44:22.040652,"['SS', 'Standalone', 'version_184']",70001777,SENS_EVENT_MEASURE,106 cm,3550 mV,7 C,0 Degree,201 Times,
2806,2875497,70B3D50070001777,1607557461835,FES Receiver,2020-12-10 00:44:21.950637,"['SS', 'Standalone', 'version_184']",70001777,SENS_EVENT_MEASURE,106 cm,3580 mV,7 C,0 Degree,202 Times,
2805,2875794,70B3D50070001777,1607561061751,FES Receiver,2020-12-10 01:44:21.856543,"['SS', 'Standalone', 'version_184']",70001777,SENS_EVENT_MEASURE,106 cm,3580 mV,7 C,0 Degree,203 Times,
2804,2876102,70B3D50070001777,1607564665670,FES Receiver,2020-12-10 02:44:25.764986,"['SS', 'Standalone', 'version_184']",70001777,SENS_EVENT_MEASURE,106 cm,3580 mV,7 C,0 Degree,204 Times,
2803,2876402,70B3D50070001777,1607568261613,FES Receiver,2020-12-10 03:44:21.693969,"['SS', 'Standalone', 'version_184']",70001777,SENS_EVENT_MEASURE,106 cm,3580 mV,6 C,0 Degree,205 Times,
2802,2876703,70B3D50070001777,1607571861590,FES Receiver,2020-12-10 04:44:21.654469,"['SS', 'Standalone', 'version_184']",70001777,SENS_EVENT_MEASURE,104 cm,3580 mV,6 C,1 Degree,206 Times,
2801,2876978,70B3D50070001777,1607575461509,FES Receiver,2020-12-10 05:44:21.550626,"['SS', 'Standalone', 'version_184']",70001777,SENS_EVENT_MEASURE,104 cm,3570 mV,6 C,0 Degree,207 Times,
2800,2877261,70B3D50070001777,1607579061449,FES Receiver,2020-12-10 06:44:21.521518,"['SS', 'Standalone', 'version_184']",70001777,SENS_EVENT_MEASURE,102 cm,3570 mV,6 C,0 Degree,208 Times,
2799,2877561,70B3D50070001777,1607582661248,FES Receiver,2020-12-10 07:44:21.267647,"['SS', 'Standalone', 'version_184']",70001777,SENS_EVENT_MEASURE,102 cm,3570 mV,7 C,0 Degree,209 Times,
2798,2877844,70B3D50070001777,1607586261167,FES Receiver,2020-12-10 08:44:21.164529,"['SS', 'Standalone', 'version_184']",70001777,SENS_EVENT_MEASURE,102 cm,3570 mV,6 C,0 Degree,210 Times,
2797,2878138,70B3D50070001777,1607589861110,FES Receiver,2020-12-10 09:44:21.103612,"['SS', 'Standalone', 'version_184']",70001777,SENS_EVENT_MEASURE,102 cm,3580 mV,6 C,1 Degree,211 Times,
2796,2878428,70B3D50070001777,1607593461169,FES Receiver,2020-12-10 10:44:21.139562,"['SS', 'Standalone', 'version_184']",70001777,SENS_EVENT_MEASURE,104 cm,3580 mV,7 C,0 Degree,212 Times,
2795,2879022,70B3D50070001777,1607600661005,FES Receiver,2020-12-10 12:44:20.953644,"['SS', 'Standalone', 'version_184']",70001777,SENS_EVENT_MEASURE,104 cm,3580 mV,9 C,0 Degree,214 Times,
2794,2879313,70B3D50070001777,1607604260905,FES Receiver,2020-12-10 13:44:20.861597,"['SS', 'Standalone', 'version_184']",70001777,SENS_EVENT_MEASURE,104 cm,3580 mV,9 C,0 Degree,215 Times,
2793,2879654,70B3D50070001777,1607607860824,FES Receiver,2020-12-10 14:44:20.73759,"['SS', 'Standalone', 'version_184']",70001777,SENS_EVENT_MEASURE,104 cm,3580 mV,8 C,1 Degree,216 Times,
2792,2880470,70B3D50070001777,1607615060640,FES Receiver,2020-12-10 16:44:20.535612,"['SS', 'Standalone', 'version_184']",70001777,SENS_EVENT_MEASURE,100 cm,3580 mV,6 C,0 Degree,218 Times,
2791,2880871,70B3D50070001777,1607618660583,FES Receiver,2020-12-10 17:44:20.514492,"['SS', 'Standalone', 'version_184']",70001777,SENS_EVENT_MEASURE,104 cm,3580 mV,9 C,0 Degree,219 Times,
2790,2882084,70B3D50070001777,1607629461807,FES Receiver,2020-12-10 20:44:21.985712,"['SS', 'Standalone', 'version_184']",70001777,SENS_EVENT_MEASURE,96 cm,3580 mV,8 C,0 Degree,222 Times,
2789,2882489,70B3D50070001777,1607633061747,FES Receiver,2020-12-10 21:44:21.911789,"['SS', 'Standalone', 'version_184']",70001777,SENS_EVENT_MEASURE,96 cm,3580 mV,7 C,0 Degree,223 Times,
2788,2882915,70B3D50070001777,1607636661666,FES Receiver,2020-12-10 22:44:21.815736,"['SS', 'Standalone', 'version_184']",70001777,SENS_EVENT_MEASURE,96 cm,3580 mV,6 C,0 Degree,224 Times,
2787,2883621,70B3D50070001777,1607643861507,FES Receiver,2020-12-11 00:44:21.629697,"['SS', 'Standalone', 'version_184']",70001777,SENS_EVENT_MEASURE,96 cm,3580 mV,7 C,0 Degree,226 Times,
2786,2884034,70B3D50070001777,1607647461438,FES Receiver,2020-12-11 01:44:21.546818,"['SS', 'Standalone', 'version_184']",70001777,SENS_EVENT_MEASURE,96 cm,3580 mV,7 C,0 Degree,227 Times,
2785,2884469,70B3D50070001777,1607651041358,FES Receiver,2020-12-11 02:44:01.452852,"['SS', 'Standalone', 'version_184']",70001777,SENS_EVENT_MEASURE,96 cm,3580 mV,6 C,0 Degree,228 Times,
2784,2884884,70B3D50070001777,1607654641297,FES Receiver,2020-12-11 03:44:01.399888,"['SS', 'Standalone', 'version_184']",70001777,SENS_EVENT_MEASURE,96 cm,3580 mV,7 C,0 Degree,229 Times,
2783,2885291,70B3D50070001777,1607658241222,FES Receiver,2020-12-11 04:44:01.292425,"['SS', 'Standalone', 'version_184']",70001777,SENS_EVENT_MEASURE,96 cm,3580 mV,7 C,0 Degree,230 Times,
2782,2885704,70B3D50070001777,1607661841156,FES Receiver,2020-12-11 05:44:01.209846,"['SS', 'Standalone', 'version_184']",70001777,SENS_EVENT_MEASURE,96 cm,3580 mV,6 C,0 Degree,231 Times,
2781,2886136,70B3D50070001777,1607665441075,FES Receiver,2020-12-11 06:44:01.118648,"['SS', 'Standalone', 'version_184']",70001777,SENS_EVENT_MEASURE,96 cm,3570 mV,6 C,2 Degree,232 Times,
2780,2886541,70B3D50070001777,1607669041014,FES Receiver,2020-12-11 07:44:01.041874,"['SS', 'Standalone', 'version_184']",70001777,SENS_EVENT_MEASURE,96 cm,3570 mV,7 C,0 Degree,233 Times,
2779,2886933,70B3D50070001777,1607672640940,FES Receiver,2020-12-11 08:44:00.960912,"['SS', 'Standalone', 'version_184']",70001777,SENS_EVENT_MEASURE,96 cm,3570 mV,7 C,1 Degree,234 Times,
2778,2887324,70B3D50070001777,1607676240873,FES Receiver,2020-12-11 09:44:00.875887,"['SS', 'Standalone', 'version_184']",70001777,SENS_EVENT_MEASURE,96 cm,3580 mV,7 C,0 Degree,235 Times,
2777,2887753,70B3D50070001777,1607679840779,FES Receiver,2020-12-11 10:44:00.775848,"['SS', 'Standalone', 'version_184']",70001777,SENS_EVENT_MEASURE,122 cm,3580 mV,9 C,0 Degree,236 Times,
2776,2888135,70B3D50070001777,1607683440691,FES Receiver,2020-12-11 11:44:00.678738,"['SS', 'Standalone', 'version_184']",70001777,SENS_EVENT_MEASURE,124 cm,3590 mV,12 C,1 Degree,237 Times,
2775,2888553,70B3D50070001777,1607687040463,FES Receiver,2020-12-11 12:44:00.42083,"['SS', 'Standalone', 'version_184']",70001777,SENS_EVENT_MEASURE,124 cm,3590 mV,11 C,0 Degree,238 Times,
2774,2888955,70B3D50070001777,1607690640369,FES Receiver,2020-12-11 13:44:00.31282,"['SS', 'Standalone', 'version_184']",70001777,SENS_EVENT_MEASURE,134 cm,3590 mV,9 C,0 Degree,239 Times,
2773,2889332,70B3D50070001777,1607694240408,FES Receiver,2020-12-11 14:44:00.337849,"['SS', 'Standalone', 'version_184']",70001777,SENS_EVENT_MEASURE,136 cm,3590 mV,9 C,0 Degree,240 Times,
2772,2889724,70B3D50070001777,1607697840314,FES Receiver,2020-12-11 15:44:00.239881,"['SS', 'Standalone', 'version_184']",70001777,SENS_EVENT_MEASURE,134 cm,3590 mV,9 C,1 Degree,241 Times,
2771,2890119,70B3D50070001777,1607701440207,FES Receiver,2020-12-11 16:44:00.112852,"['SS', 'Standalone', 'version_184']",70001777,SENS_EVENT_MEASURE,150 cm,3580 mV,7 C,1 Degree,242 Times,
2770,2890505,70B3D50070001777,1607705040126,FES Receiver,2020-12-11 17:44:00.01476,"['SS', 'Standalone', 'version_184']",70001777,SENS_EVENT_MEASURE,152 cm,3580 mV,7 C,1 Degree,243 Times,
2769,2890905,70B3D50070001777,1607708640052,FES Receiver,2020-12-11 18:43:59.94271,"['SS', 'Standalone', 'version_184']",70001777,SENS_EVENT_MEASURE,124 cm,3580 mV,7 C,1 Degree,244 Times,
2768,2891296,70B3D50070001777,1607712241429,FES Receiver,2020-12-11 19:44:01.627134,"['SS', 'Standalone', 'version_184']",70001777,SENS_EVENT_MEASURE,130 cm,3580 mV,9 C,1 Degree,245 Times,
2767,2891683,70B3D50070001777,1607715841349,FES Receiver,2020-12-11 20:44:01.535105,"['SS', 'Standalone', 'version_184']",70001777,SENS_EVENT_MEASURE,146 cm,3580 mV,8 C,1 Degree,246 Times,
2766,2892084,70B3D50070001777,1607719441254,FES Receiver,2020-12-11 21:44:01.429127,"['SS', 'Standalone', 'version_184']",70001777,SENS_EVENT_MEASURE,160 cm,3580 mV,7 C,0 Degree,247 Times,
2765,2892498,70B3D50070001777,1607723041167,FES Receiver,2020-12-11 22:44:01.322107,"['SS', 'Standalone', 'version_184']",70001777,SENS_EVENT_MEASURE,134 cm,3580 mV,8 C,1 Degree,248 Times,
2764,2892900,70B3D50070001777,1607726641093,FES Receiver,2020-12-11 23:44:01.264287,"['SS', 'Standalone', 'version_184']",70001777,SENS_EVENT_MEASURE,134 cm,3580 mV,7 C,0 Degree,249 Times,
2763,2893299,70B3D50070001777,1607730240946,FES Receiver,2020-12-12 00:44:01.068934,"['SS', 'Standalone', 'version_184']",70001777,SENS_EVENT_MEASURE,134 cm,3580 mV,8 C,1 Degree,250 Times,
2762,2893695,70B3D50070001777,1607733840866,FES Receiver,2020-12-12 01:44:00.979085,"['SS', 'Standalone', 'version_184']",70001777,SENS_EVENT_MEASURE,134 cm,3580 mV,7 C,0 Degree,251 Times,
2761,2894116,70B3D50070001777,1607737440785,FES Receiver,2020-12-12 02:44:00.88007,"['SS', 'Standalone', 'version_184']",70001777,SENS_EVENT_MEASURE,134 cm,3580 mV,8 C,2 Degree,252 Times,
2760,2894509,70B3D50070001777,1607741040684,FES Receiver,2020-12-12 03:44:00.821302,"['SS', 'Standalone', 'version_184']",70001777,SENS_EVENT_MEASURE,134 cm,3580 mV,7 C,1 Degree,253 Times,
2759,2894895,70B3D50070001777,1607744640603,FES Receiver,2020-12-12 04:44:00.670997,"['SS', 'Standalone', 'version_184']",70001777,SENS_EVENT_MEASURE,134 cm,3580 mV,9 C,0 Degree,254 Times,
2758,2895280,70B3D50070001777,1607748240525,FES Receiver,2020-12-12 05:44:00.579096,"['SS', 'Standalone', 'version_184']",70001777,SENS_EVENT_MEASURE,134 cm,3580 mV,9 C,1 Degree,255 Times,
2757,2895695,70B3D50070001777,1607751840422,FES Receiver,2020-12-12 06:44:00.464162,"['SS', 'Standalone', 'version_184']",70001777,SENS_EVENT_MEASURE,134 cm,3580 mV,7 C,1 Degree,0 Times,
2756,2896096,70B3D50070001777,1607755440342,FES Receiver,2020-12-12 07:44:00.377097,"['SS', 'Standalone', 'version_184']",70001777,SENS_EVENT_MEASURE,134 cm,3580 mV,7 C,1 Degree,1 Times,
2755,2896470,70B3D50070001777,1607759040266,FES Receiver,2020-12-12 08:44:00.290089,"['SS', 'Standalone', 'version_184']",70001777,SENS_EVENT_MEASURE,132 cm,3580 mV,7 C,1 Degree,2 Times,
2754,2897225,70B3D50070001777,1607766240079,FES Receiver,2020-12-12 10:44:00.067049,"['SS', 'Standalone', 'version_184']",70001777,SENS_EVENT_MEASURE,124 cm,3590 mV,8 C,0 Degree,4 Times,
2753,2897598,70B3D50070001777,1607769839979,FES Receiver,2020-12-12 11:43:59.956078,"['SS', 'Standalone', 'version_184']",70001777,SENS_EVENT_MEASURE,122 cm,3590 mV,12 C,1 Degree,5 Times,
2752,2897923,70B3D50070001777,1607773439878,FES Receiver,2020-12-12 12:43:59.83411,"['SS', 'Standalone', 'version_184']",70001777,SENS_EVENT_MEASURE,116 cm,3580 mV,9 C,1 Degree,6 Times,
2751,2898231,70B3D50070001777,1607777039777,FES Receiver,2020-12-12 13:43:59.730072,"['SS', 'Standalone', 'version_184']",70001777,SENS_EVENT_MEASURE,114 cm,3590 mV,12 C,0 Degree,7 Times,
2750,2898736,70B3D50070001777,1607784239576,FES Receiver,2020-12-12 15:43:59.490062,"['SS', 'Standalone', 'version_184']",70001777,SENS_EVENT_MEASURE,114 cm,3590 mV,10 C,1 Degree,9 Times,
2749,2899011,70B3D50070001777,1607787839475,FES Receiver,2020-12-12 16:43:59.377026,"['SS', 'Standalone', 'version_184']",70001777,SENS_EVENT_MEASURE,108 cm,3590 mV,9 C,1 Degree,10 Times,
2748,2899564,70B3D50070001777,1607795039154,FES Receiver,2020-12-12 18:43:59.03788,"['SS', 'Standalone', 'version_184']",70001777,SENS_EVENT_MEASURE,108 cm,3590 mV,12 C,1 Degree,12 Times,
2747,2899851,70B3D50070001777,1607798640508,FES Receiver,2020-12-12 19:44:00.697899,"['SS', 'Standalone', 'version_184']",70001777,SENS_EVENT_MEASURE,108 cm,3590 mV,12 C,1 Degree,13 Times,
2746,2900119,70B3D50070001777,1607802240533,FES Receiver,2020-12-12 20:44:00.713843,"['SS', 'Standalone', 'version_184']",70001777,SENS_EVENT_MEASURE,110 cm,3590 mV,12 C,0 Degree,14 Times,
2745,2900393,70B3D50070001777,1607805840434,FES Receiver,2020-12-12 21:44:00.604026,"['SS', 'Standalone', 'version_184']",70001777,SENS_EVENT_MEASURE,108 cm,3590 mV,11 C,1 Degree,15 Times,
2744,2900692,70B3D50070001777,1607809440346,FES Receiver,2020-12-12 22:44:00.494034,"['SS', 'Standalone', 'version_184']",70001777,SENS_EVENT_MEASURE,108 cm,3590 mV,11 C,1 Degree,16 Times,
2743,2900977,70B3D50070001777,1607813040246,FES Receiver,2020-12-12 23:44:00.379852,"['SS', 'Standalone', 'version_184']",70001777,SENS_EVENT_MEASURE,108 cm,3590 mV,8 C,1 Degree,17 Times,
2742,2901277,70B3D50070001777,1607816640146,FES Receiver,2020-12-13 00:44:00.281745,"['SS', 'Standalone', 'version_184']",70001777,SENS_EVENT_MEASURE,108 cm,3590 mV,10 C,1 Degree,18 Times,
2741,2901565,70B3D50070001777,1607820240046,FES Receiver,2020-12-13 01:44:00.15202,"['SS', 'Standalone', 'version_184']",70001777,SENS_EVENT_MEASURE,108 cm,3590 mV,13 C,1 Degree,19 Times,
2740,2901877,70B3D50070001777,1607823839945,FES Receiver,2020-12-13 02:44:00.067715,"['SS', 'Standalone', 'version_184']",70001777,SENS_EVENT_MEASURE,108 cm,3590 mV,10 C,1 Degree,20 Times,
2739,2902200,70B3D50070001777,1607827439851,FES Receiver,2020-12-13 03:43:59.9393,"['SS', 'Standalone', 'version_184']",70001777,SENS_EVENT_MEASURE,108 cm,3590 mV,12 C,1 Degree,21 Times,
2738,2902504,70B3D50070001777,1607831039751,FES Receiver,2020-12-13 04:43:59.823997,"['SS', 'Standalone', 'version_184']",70001777,SENS_EVENT_MEASURE,108 cm,3590 mV,11 C,1 Degree,22 Times,
2737,2902788,70B3D50070001777,1607834639644,FES Receiver,2020-12-13 05:43:59.718906,"['SS', 'Standalone', 'version_184']",70001777,SENS_EVENT_MEASURE,108 cm,3590 mV,11 C,0 Degree,23 Times,
2736,2903076,70B3D50070001777,1607838239544,FES Receiver,2020-12-13 06:43:59.593863,"['SS', 'Standalone', 'version_184']",70001777,SENS_EVENT_MEASURE,110 cm,3590 mV,10 C,0 Degree,24 Times,
2735,2903367,70B3D50070001777,1607841839424,FES Receiver,2020-12-13 07:43:59.444038,"['SS', 'Standalone', 'version_184']",70001777,SENS_EVENT_MEASURE,110 cm,3590 mV,10 C,0 Degree,25 Times,
2734,2903646,70B3D50070001777,1607845439350,FES Receiver,2020-12-13 08:43:59.357029,"['SS', 'Standalone', 'version_184']",70001777,SENS_EVENT_MEASURE,110 cm,3590 mV,10 C,1 Degree,26 Times,
2733,2903911,70B3D50070001777,1607849039224,FES Receiver,2020-12-13 09:43:59.219004,"['SS', 'Standalone', 'version_184']",70001777,SENS_EVENT_MEASURE,110 cm,3590 mV,11 C,1 Degree,27 Times,
2732,2904208,70B3D50070001777,1607852639083,FES Receiver,2020-12-13 10:43:59.05997,"['SS', 'Standalone', 'version_184']",70001777,SENS_EVENT_MEASURE,110 cm,3590 mV,11 C,1 Degree,28 Times,
2731,2905061,70B3D50070001777,1607863438729,FES Receiver,2020-12-13 13:43:58.708921,"['SS', 'Standalone', 'version_184']",70001777,SENS_EVENT_MEASURE,96 cm,3600 mV,12 C,0 Degree,31 Times,
2730,2905359,70B3D50070001777,1607867038609,FES Receiver,2020-12-13 14:43:58.534037,"['SS', 'Standalone', 'version_184']",70001777,SENS_EVENT_MEASURE,104 cm,3600 mV,13 C,1 Degree,32 Times,
2729,2905652,70B3D50070001777,1607870638562,FES Receiver,2020-12-13 15:43:58.468062,"['SS', 'Standalone', 'version_184']",70001777,SENS_EVENT_MEASURE,98 cm,3600 mV,12 C,1 Degree,33 Times,
2728,2906240,70B3D50070001777,1607877838348,FES Receiver,2020-12-13 17:43:58.227997,"['SS', 'Standalone', 'version_184']",70001777,SENS_EVENT_MEASURE,94 cm,3590 mV,9 C,0 Degree,35 Times,
2727,2906529,70B3D50070001777,1607881438241,FES Receiver,2020-12-13 18:43:58.10579,"['SS', 'Standalone', 'version_184']",70001777,SENS_EVENT_MEASURE,94 cm,3590 mV,11 C,1 Degree,36 Times,
2726,2906819,70B3D50070001777,1607885039588,FES Receiver,2020-12-13 19:43:59.783954,"['SS', 'Standalone', 'version_184']",70001777,SENS_EVENT_MEASURE,94 cm,3590 mV,10 C,1 Degree,37 Times,
2725,2907123,70B3D50070001777,1607888639488,FES Receiver,2020-12-13 20:43:59.664961,"['SS', 'Standalone', 'version_184']",70001777,SENS_EVENT_MEASURE,96 cm,3590 mV,13 C,1 Degree,38 Times,
2724,2907713,70B3D50070001777,1607895839288,FES Receiver,2020-12-13 22:43:59.434969,"['SS', 'Standalone', 'version_184']",70001777,SENS_EVENT_MEASURE,94 cm,3590 mV,9 C,1 Degree,40 Times,
2723,2907981,70B3D50070001777,1607899439194,FES Receiver,2020-12-13 23:43:59.326961,"['SS', 'Standalone', 'version_184']",70001777,SENS_EVENT_MEASURE,94 cm,3590 mV,9 C,1 Degree,41 Times,
2722,2908582,70B3D50070001777,1607906639013,FES Receiver,2020-12-14 01:43:59.118129,"['SS', 'Standalone', 'version_184']",70001777,SENS_EVENT_MEASURE,94 cm,3580 mV,9 C,0 Degree,43 Times,
2721,2908895,70B3D50070001777,1607910238928,FES Receiver,2020-12-14 02:43:59.019002,"['SS', 'Standalone', 'version_184']",70001777,SENS_EVENT_MEASURE,94 cm,3580 mV,9 C,0 Degree,44 Times,
2720,2909190,70B3D50070001777,1607913838847,FES Receiver,2020-12-14 03:43:58.964037,"['SS', 'Standalone', 'version_184']",70001777,SENS_EVENT_MEASURE,94 cm,3580 mV,9 C,0 Degree,45 Times,
2719,2909810,70B3D50070001777,1607921038673,FES Receiver,2020-12-14 05:43:58.725146,"['SS', 'Standalone', 'version_184']",70001777,SENS_EVENT_MEASURE,94 cm,3580 mV,9 C,1 Degree,47 Times,
2718,2910000,70B3D50070001777,1607924638586,FES Receiver,2020-12-14 06:43:58.626104,"['SS', 'Standalone', 'version_184']",70001777,SENS_EVENT_MEASURE,94 cm,3580 mV,8 C,1 Degree,48 Times,
2717,2910577,70B3D50070001777,1607931838406,FES Receiver,2020-12-14 08:43:58.418177,"['SS', 'Standalone', 'version_184']",70001777,SENS_EVENT_MEASURE,96 cm,3590 mV,10 C,1 Degree,50 Times,
2716,2910863,70B3D50070001777,1607935438306,FES Receiver,2020-12-14 09:43:58.322127,"['SS', 'Standalone', 'version_184']",70001777,SENS_EVENT_MEASURE,100 cm,3590 mV,11 C,1 Degree,51 Times,
2715,2911146,70B3D50070001777,1607939038205,FES Receiver,2020-12-14 10:43:58.191428,"['SS', 'Standalone', 'version_184']",70001777,SENS_EVENT_MEASURE,110 cm,3590 mV,12 C,1 Degree,52 Times,
2714,2911418,70B3D50070001777,1607942638033,FES Receiver,2020-12-14 11:43:58.008935,"['SS', 'Standalone', 'version_184']",70001777,SENS_EVENT_MEASURE,100 cm,3600 mV,15 C,0 Degree,53 Times,
2713,2911985,70B3D50070001777,1607949837724,FES Receiver,2020-12-14 13:43:57.660125,"['SS', 'Standalone', 'version_184']",70001777,SENS_EVENT_MEASURE,100 cm,3610 mV,14 C,1 Degree,55 Times,
2712,2912566,70B3D50070001777,1607957037543,FES Receiver,2020-12-14 15:43:57.4492,"['SS', 'Standalone', 'version_184']",70001777,SENS_EVENT_MEASURE,102 cm,3600 mV,12 C,0 Degree,57 Times,
2711,2912841,70B3D50070001777,1607960637429,FES Receiver,2020-12-14 16:43:57.327046,"['SS', 'Standalone', 'version_184']",70001777,SENS_EVENT_MEASURE,96 cm,3600 mV,12 C,0 Degree,58 Times,
2710,2913105,70B3D50070001777,1607964237323,FES Receiver,2020-12-14 17:43:57.200003,"['SS', 'Standalone', 'version_184']",70001777,SENS_EVENT_MEASURE,90 cm,3590 mV,9 C,1 Degree,59 Times,
2709,2913387,70B3D50070001777,1607967837223,FES Receiver,2020-12-14 18:43:57.090022,"['SS', 'Standalone', 'version_184']",70001777,SENS_EVENT_MEASURE,94 cm,3590 mV,11 C,0 Degree,60 Times,
2708,2913671,70B3D50070001777,1607971438563,FES Receiver,2020-12-14 19:43:58.765116,"['SS', 'Standalone', 'version_184']",70001777,SENS_EVENT_MEASURE,94 cm,3590 mV,10 C,0 Degree,61 Times,
2707,2913964,70B3D50070001777,1607975038469,FES Receiver,2020-12-14 20:43:58.655982,"['SS', 'Standalone', 'version_184']",70001777,SENS_EVENT_MEASURE,98 cm,3590 mV,10 C,1 Degree,62 Times,
2706,2914252,70B3D50070001777,1607978638363,FES Receiver,2020-12-14 21:43:58.52517,"['SS', 'Standalone', 'version_184']",70001777,SENS_EVENT_MEASURE,96 cm,3590 mV,8 C,0 Degree,63 Times,
2705,2914532,70B3D50070001777,1607982238269,FES Receiver,2020-12-14 22:43:58.449024,"['SS', 'Standalone', 'version_184']",70001777,SENS_EVENT_MEASURE,96 cm,3590 mV,9 C,1 Degree,64 Times,
2704,2914824,70B3D50070001777,1607985838195,FES Receiver,2020-12-14 23:43:58.334184,"['SS', 'Standalone', 'version_184']",70001777,SENS_EVENT_MEASURE,98 cm,3590 mV,11 C,1 Degree,65 Times,
2703,2915129,70B3D50070001777,1607989438083,FES Receiver,2020-12-15 00:43:58.22281,"['SS', 'Standalone', 'version_184']",70001777,SENS_EVENT_MEASURE,96 cm,3590 mV,9 C,1 Degree,66 Times,
2702,2915420,70B3D50070001777,1607993037989,FES Receiver,2020-12-15 01:43:58.093077,"['SS', 'Standalone', 'version_184']",70001777,SENS_EVENT_MEASURE,96 cm,3590 mV,8 C,0 Degree,67 Times,
2701,2915722,70B3D50070001777,1607996637903,FES Receiver,2020-12-15 02:43:58.001097,"['SS', 'Standalone', 'version_184']",70001777,SENS_EVENT_MEASURE,96 cm,3590 mV,8 C,1 Degree,68 Times,
2700,2916025,70B3D50070001777,1608000237802,FES Receiver,2020-12-15 03:43:57.882069,"['SS', 'Standalone', 'version_184']",70001777,SENS_EVENT_MEASURE,98 cm,3590 mV,10 C,0 Degree,69 Times,
2699,2916338,70B3D50070001777,1608003837775,FES Receiver,2020-12-15 04:43:57.850674,"['SS', 'Standalone', 'version_184']",70001777,SENS_EVENT_MEASURE,96 cm,3590 mV,8 C,1 Degree,70 Times,
2698,2916633,70B3D50070001777,1608007437664,FES Receiver,2020-12-15 05:43:57.712946,"['SS', 'Standalone', 'version_184']",70001777,SENS_EVENT_MEASURE,96 cm,3590 mV,11 C,1 Degree,71 Times,
2697,2916928,70B3D50070001777,1608011037423,FES Receiver,2020-12-15 06:43:57.462102,"['SS', 'Standalone', 'version_184']",70001777,SENS_EVENT_MEASURE,92 cm,3590 mV,11 C,0 Degree,72 Times,
2696,2917226,70B3D50070001777,1608014637322,FES Receiver,2020-12-15 07:43:57.34006,"['SS', 'Standalone', 'version_184']",70001777,SENS_EVENT_MEASURE,92 cm,3590 mV,9 C,0 Degree,73 Times,
2695,2917627,70B3D50070001777,1608018237262,FES Receiver,2020-12-15 08:43:57.269161,"['SS', 'Standalone', 'version_184']",70001777,SENS_EVENT_MEASURE,94 cm,3590 mV,11 C,1 Degree,74 Times,
2694,2918028,70B3D50070001777,1608021837165,FES Receiver,2020-12-15 09:43:57.152165,"['SS', 'Standalone', 'version_184']",70001777,SENS_EVENT_MEASURE,92 cm,3590 mV,8 C,0 Degree,75 Times,
2693,2918430,70B3D50070001777,1608025437182,FES Receiver,2020-12-15 10:43:57.159142,"['SS', 'Standalone', 'version_184']",70001777,SENS_EVENT_MEASURE,92 cm,3590 mV,11 C,1 Degree,76 Times,
2692,2919245,70B3D50070001777,1608032636821,FES Receiver,2020-12-15 12:43:56.786276,"['SS', 'Standalone', 'version_184']",70001777,SENS_EVENT_MEASURE,90 cm,3590 mV,10 C,1 Degree,78 Times,
2691,2919638,70B3D50070001777,1608036236881,FES Receiver,2020-12-15 13:43:56.812009,"['SS', 'Standalone', 'version_184']",70001777,SENS_EVENT_MEASURE,90 cm,3590 mV,12 C,1 Degree,79 Times,
2690,2920049,70B3D50070001777,1608039836746,FES Receiver,2020-12-15 14:43:56.664071,"['SS', 'Standalone', 'version_184']",70001777,SENS_EVENT_MEASURE,90 cm,3600 mV,12 C,1 Degree,80 Times,
2689,2920470,70B3D50070001777,1608043436640,FES Receiver,2020-12-15 15:43:56.543123,"['SS', 'Standalone', 'version_184']",70001777,SENS_EVENT_MEASURE,88 cm,3590 mV,10 C,1 Degree,81 Times,
2688,2920837,70B3D50070001777,1608047036539,FES Receiver,2020-12-15 16:43:56.431047,"['SS', 'Standalone', 'version_184']",70001777,SENS_EVENT_MEASURE,90 cm,3590 mV,12 C,0 Degree,82 Times,
2687,2921235,70B3D50070001777,1608050636420,FES Receiver,2020-12-15 17:43:56.296172,"['SS', 'Standalone', 'version_184']",70001777,SENS_EVENT_MEASURE,84 cm,3600 mV,10 C,1 Degree,83 Times,
2686,2921639,70B3D50070001777,1608054236305,FES Receiver,2020-12-15 18:43:56.195989,"['SS', 'Standalone', 'version_184']",70001777,SENS_EVENT_MEASURE,84 cm,3600 mV,12 C,1 Degree,84 Times,
2685,2922033,70B3D50070001777,1608057837624,FES Receiver,2020-12-15 19:43:57.825351,"['SS', 'Standalone', 'version_184']",70001777,SENS_EVENT_MEASURE,84 cm,3600 mV,11 C,1 Degree,85 Times,
2684,2922420,70B3D50070001777,1608061437504,FES Receiver,2020-12-15 20:43:57.707287,"['SS', 'Standalone', 'version_184']",70001777,SENS_EVENT_MEASURE,86 cm,3600 mV,12 C,1 Degree,86 Times,
2683,2922831,70B3D50070001777,1608065037364,FES Receiver,2020-12-15 21:43:57.528504,"['SS', 'Standalone', 'version_184']",70001777,SENS_EVENT_MEASURE,86 cm,3600 mV,12 C,1 Degree,87 Times,
2682,2923240,70B3D50070001777,1608068637190,FES Receiver,2020-12-15 22:43:57.340533,"['SS', 'Standalone', 'version_184']",70001777,SENS_EVENT_MEASURE,86 cm,3600 mV,11 C,0 Degree,88 Times,
2681,2923643,70B3D50070001777,1608072237144,FES Receiver,2020-12-15 23:43:57.27948,"['SS', 'Standalone', 'version_184']",70001777,SENS_EVENT_MEASURE,86 cm,3600 mV,10 C,1 Degree,89 Times,
2680,2923990,70B3D50070001777,1608075837024,FES Receiver,2020-12-16 00:43:57.144413,"['SS', 'Standalone', 'version_184']",70001777,SENS_EVENT_MEASURE,86 cm,3600 mV,11 C,1 Degree,90 Times,
2679,2924396,70B3D50070001777,1608079436904,FES Receiver,2020-12-16 01:43:57.011498,"['SS', 'Standalone', 'version_184']",70001777,SENS_EVENT_MEASURE,86 cm,3600 mV,11 C,1 Degree,91 Times,
2678,2924819,70B3D50070001777,1608083036792,FES Receiver,2020-12-16 02:43:56.895342,"['SS', 'Standalone', 'version_184']",70001777,SENS_EVENT_MEASURE,86 cm,3600 mV,12 C,1 Degree,92 Times,
2677,2925238,70B3D50070001777,1608086636684,FES Receiver,2020-12-16 03:43:56.782581,"['SS', 'Standalone', 'version_184']",70001777,SENS_EVENT_MEASURE,86 cm,3600 mV,12 C,1 Degree,93 Times,
2676,2925661,70B3D50070001777,1608090236570,FES Receiver,2020-12-16 04:43:56.701371,"['SS', 'Standalone', 'version_184']",70001777,SENS_EVENT_MEASURE,86 cm,3600 mV,11 C,1 Degree,94 Times,
2675,2926057,70B3D50070001777,1608093836464,FES Receiver,2020-12-16 05:43:56.525693,"['SS', 'Standalone', 'version_184']",70001777,SENS_EVENT_MEASURE,86 cm,3570 mV,10 C,1 Degree,95 Times,
2674,2926463,70B3D50070001777,1608097436304,FES Receiver,2020-12-16 06:43:56.361277,"['SS', 'Standalone', 'version_184']",70001777,SENS_EVENT_MEASURE,86 cm,3600 mV,10 C,0 Degree,96 Times,
2673,2926884,70B3D50070001777,1608101036084,FES Receiver,2020-12-16 07:43:56.127395,"['SS', 'Standalone', 'version_184']",70001777,SENS_EVENT_MEASURE,84 cm,3600 mV,13 C,0 Degree,97 Times,
2672,2927293,70B3D50070001777,1608104635971,FES Receiver,2020-12-16 08:43:55.976391,"['SS', 'Standalone', 'version_184']",70001777,SENS_EVENT_MEASURE,84 cm,3600 mV,13 C,1 Degree,98 Times,
2671,2927662,70B3D50070001777,1608108235863,FES Receiver,2020-12-16 09:43:55.866377,"['SS', 'Standalone', 'version_184']",70001777,SENS_EVENT_MEASURE,84 cm,3600 mV,11 C,0 Degree,99 Times,
2670,2928817,70B3D50070001777,1608119035625,FES Receiver,2020-12-16 12:43:55.581098,"['SS', 'Standalone', 'version_184']",70001777,SENS_EVENT_MEASURE,80 cm,3610 mV,15 C,1 Degree,102 Times,
2669,2929586,70B3D50070001777,1608126235342,FES Receiver,2020-12-16 14:43:55.26964,"['SS', 'Standalone', 'version_184']",70001777,SENS_EVENT_MEASURE,76 cm,3610 mV,13 C,0 Degree,104 Times,
2668,2929978,70B3D50070001777,1608129835122,FES Receiver,2020-12-16 15:43:55.040112,"['SS', 'Standalone', 'version_184']",70001777,SENS_EVENT_MEASURE,76 cm,3610 mV,13 C,0 Degree,105 Times,
2667,2930401,70B3D50070001777,1608133434988,FES Receiver,2020-12-16 16:43:54.880264,"['SS', 'Standalone', 'version_184']",70001777,SENS_EVENT_MEASURE,76 cm,3600 mV,11 C,1 Degree,106 Times,
2666,2930799,70B3D50070001777,1608137035054,FES Receiver,2020-12-16 17:43:54.93237,"['SS', 'Standalone', 'version_184']",70001777,SENS_EVENT_MEASURE,78 cm,3600 mV,13 C,0 Degree,107 Times,
2665,2931191,70B3D50070001777,1608140634823,FES Receiver,2020-12-16 18:43:54.778253,"['SS', 'Standalone', 'version_184']",70001777,SENS_EVENT_MEASURE,80 cm,3600 mV,12 C,1 Degree,108 Times,
2664,2931598,70B3D50070001777,1608144236109,FES Receiver,2020-12-16 19:43:56.302258,"['SS', 'Standalone', 'version_184']",70001777,SENS_EVENT_MEASURE,82 cm,3590 mV,11 C,1 Degree,109 Times,
2663,2931990,70B3D50070001777,1608147836002,FES Receiver,2020-12-16 20:43:56.181407,"['SS', 'Standalone', 'version_184']",70001777,SENS_EVENT_MEASURE,82 cm,3590 mV,11 C,0 Degree,110 Times,
2662,2932407,70B3D50070001777,1608151436062,FES Receiver,2020-12-16 21:43:56.232387,"['SS', 'Standalone', 'version_184']",70001777,SENS_EVENT_MEASURE,76 cm,3590 mV,10 C,1 Degree,111 Times,
2661,2932822,70B3D50070001777,1608155036141,FES Receiver,2020-12-16 22:43:56.292352,"['SS', 'Standalone', 'version_184']",70001777,SENS_EVENT_MEASURE,76 cm,3590 mV,10 C,1 Degree,112 Times,
2660,2933204,70B3D50070001777,1608158636021,FES Receiver,2020-12-16 23:43:56.15852,"['SS', 'Standalone', 'version_184']",70001777,SENS_EVENT_MEASURE,76 cm,3590 mV,10 C,1 Degree,113 Times,
2659,2933609,70B3D50070001777,1608162235887,FES Receiver,2020-12-17 00:43:56.011463,"['SS', 'Standalone', 'version_184']",70001777,SENS_EVENT_MEASURE,76 cm,3590 mV,10 C,1 Degree,114 Times,
2658,2934029,70B3D50070001777,1608165835760,FES Receiver,2020-12-17 01:43:55.869499,"['SS', 'Standalone', 'version_184']",70001777,SENS_EVENT_MEASURE,76 cm,3590 mV,10 C,1 Degree,115 Times,
2657,2934438,70B3D50070001777,1608169435720,FES Receiver,2020-12-17 02:43:55.815462,"['SS', 'Standalone', 'version_184']",70001777,SENS_EVENT_MEASURE,76 cm,3590 mV,12 C,1 Degree,116 Times,
2656,2934865,70B3D50070001777,1608173035619,FES Receiver,2020-12-17 03:43:55.702633,"['SS', 'Standalone', 'version_184']",70001777,SENS_EVENT_MEASURE,76 cm,3590 mV,8 C,1 Degree,117 Times,
2655,2935291,70B3D50070001777,1608176635539,FES Receiver,2020-12-17 04:43:55.615644,"['SS', 'Standalone', 'version_184']",70001777,SENS_EVENT_MEASURE,76 cm,3580 mV,8 C,0 Degree,118 Times,
2654,2935686,70B3D50070001777,1608180235439,FES Receiver,2020-12-17 05:43:55.49139,"['SS', 'Standalone', 'version_184']",70001777,SENS_EVENT_MEASURE,76 cm,3580 mV,9 C,1 Degree,119 Times,
2653,2936105,70B3D50070001777,1608183835358,FES Receiver,2020-12-17 06:43:55.401282,"['SS', 'Standalone', 'version_184']",70001777,SENS_EVENT_MEASURE,74 cm,3580 mV,8 C,0 Degree,120 Times,
2652,2936508,70B3D50070001777,1608187435264,FES Receiver,2020-12-17 07:43:55.288198,"['SS', 'Standalone', 'version_184']",70001777,SENS_EVENT_MEASURE,74 cm,3580 mV,9 C,1 Degree,121 Times,
2651,2936910,70B3D50070001777,1608191035178,FES Receiver,2020-12-17 08:43:55.197518,"['SS', 'Standalone', 'version_184']",70001777,SENS_EVENT_MEASURE,78 cm,3580 mV,9 C,1 Degree,122 Times,
2650,2937314,70B3D50070001777,1608194635097,FES Receiver,2020-12-17 09:43:55.119375,"['SS', 'Standalone', 'version_184']",70001777,SENS_EVENT_MEASURE,76 cm,3580 mV,9 C,0 Degree,123 Times,
2649,2937704,70B3D50070001777,1608198235009,FES Receiver,2020-12-17 10:43:54.995758,"['SS', 'Standalone', 'version_184']",70001777,SENS_EVENT_MEASURE,76 cm,3590 mV,12 C,1 Degree,124 Times,
2648,2938095,70B3D50070001777,1608201834686,FES Receiver,2020-12-17 11:43:54.672288,"['SS', 'Standalone', 'version_184']",70001777,SENS_EVENT_MEASURE,80 cm,3590 mV,10 C,6 Degree,125 Times,
2647,2938489,70B3D50070001777,1608205434536,FES Receiver,2020-12-17 12:43:54.490343,"['SS', 'Standalone', 'version_184']",70001777,SENS_EVENT_MEASURE,76 cm,3590 mV,9 C,1 Degree,126 Times,
2646,2938888,70B3D50070001777,1608209034422,FES Receiver,2020-12-17 13:43:54.360316,"['SS', 'Standalone', 'version_184']",70001777,SENS_EVENT_MEASURE,70 cm,3590 mV,11 C,1 Degree,127 Times,
2645,2939250,70B3D50070001777,1608212634461,FES Receiver,2020-12-17 14:43:54.432346,"['SS', 'Standalone', 'version_184']",70001777,SENS_EVENT_MEASURE,70 cm,3600 mV,11 C,1 Degree,128 Times,
2644,2939653,70B3D50070001777,1608216234361,FES Receiver,2020-12-17 15:43:54.270398,"['SS', 'Standalone', 'version_184']",70001777,SENS_EVENT_MEASURE,70 cm,3590 mV,11 C,1 Degree,129 Times,
2643,2940043,70B3D50070001777,1608219834015,FES Receiver,2020-12-17 16:43:53.913289,"['SS', 'Standalone', 'version_184']",70001777,SENS_EVENT_MEASURE,76 cm,3590 mV,10 C,0 Degree,130 Times,
2642,2940434,70B3D50070001777,1608223433954,FES Receiver,2020-12-17 17:43:53.83741,"['SS', 'Standalone', 'version_184']",70001777,SENS_EVENT_MEASURE,78 cm,3590 mV,9 C,1 Degree,131 Times,
2641,2940849,70B3D50070001777,1608227033854,FES Receiver,2020-12-17 18:43:53.721283,"['SS', 'Standalone', 'version_184']",70001777,SENS_EVENT_MEASURE,70 cm,3590 mV,12 C,0 Degree,132 Times,
2640,2941244,70B3D50070001777,1608230635203,FES Receiver,2020-12-17 19:43:55.396557,"['SS', 'Standalone', 'version_184']",70001777,SENS_EVENT_MEASURE,68 cm,3590 mV,10 C,1 Degree,133 Times,
2639,2941646,70B3D50070001777,1608234235302,FES Receiver,2020-12-17 20:43:55.523573,"['SS', 'Standalone', 'version_184']",70001777,SENS_EVENT_MEASURE,68 cm,3590 mV,8 C,1 Degree,134 Times,
2638,2942040,70B3D50070001777,1608237835202,FES Receiver,2020-12-17 21:43:55.36871,"['SS', 'Standalone', 'version_184']",70001777,SENS_EVENT_MEASURE,68 cm,3590 mV,9 C,1 Degree,135 Times,
2637,2942473,70B3D50070001777,1608241435108,FES Receiver,2020-12-17 22:43:55.258588,"['SS', 'Standalone', 'version_184']",70001777,SENS_EVENT_MEASURE,68 cm,3580 mV,8 C,1 Degree,136 Times,
2636,2942880,70B3D50070001777,1608245035022,FES Receiver,2020-12-17 23:43:55.172959,"['SS', 'Standalone', 'version_184']",70001777,SENS_EVENT_MEASURE,68 cm,3580 mV,7 C,2 Degree,137 Times,
2635,2943300,70B3D50070001777,1608248634884,FES Receiver,2020-12-18 00:43:55.014734,"['SS', 'Standalone', 'version_184']",70001777,SENS_EVENT_MEASURE,68 cm,3580 mV,8 C,0 Degree,138 Times,
2634,2943710,70B3D50070001777,1608252234781,FES Receiver,2020-12-18 01:43:54.889559,"['SS', 'Standalone', 'version_184']",70001777,SENS_EVENT_MEASURE,68 cm,3580 mV,8 C,0 Degree,139 Times,
2633,2944120,70B3D50070001777,1608255834721,FES Receiver,2020-12-18 02:43:54.824555,"['SS', 'Standalone', 'version_184']",70001777,SENS_EVENT_MEASURE,68 cm,3580 mV,9 C,1 Degree,140 Times,
2632,2944551,70B3D50070001777,1608259434580,FES Receiver,2020-12-18 03:43:54.662709,"['SS', 'Standalone', 'version_184']",70001777,SENS_EVENT_MEASURE,68 cm,3560 mV,9 C,1 Degree,141 Times,
2631,2944983,70B3D50070001777,1608263034479,FES Receiver,2020-12-18 04:43:55.059978,"['SS', 'Standalone', 'version_184']",70001777,SENS_EVENT_MEASURE,68 cm,3580 mV,8 C,0 Degree,142 Times,
2630,2945396,70B3D50070001777,1608266634379,FES Receiver,2020-12-18 05:43:54.43057,"['SS', 'Standalone', 'version_184']",70001777,SENS_EVENT_MEASURE,68 cm,3580 mV,9 C,0 Degree,143 Times,
2629,2945832,70B3D50070001777,1608270234285,FES Receiver,2020-12-18 06:43:54.323617,"['SS', 'Standalone', 'version_184']",70001777,SENS_EVENT_MEASURE,68 cm,3590 mV,8 C,0 Degree,144 Times,
2628,2946150,70B3D50070001777,1608273834219,FES Receiver,2020-12-18 07:43:54.242685,"['SS', 'Standalone', 'version_184']",70001777,SENS_EVENT_MEASURE,68 cm,3580 mV,9 C,0 Degree,145 Times,
2627,2946439,70B3D50070001777,1608277434098,FES Receiver,2020-12-18 08:43:54.118564,"['SS', 'Standalone', 'version_184']",70001777,SENS_EVENT_MEASURE,74 cm,3580 mV,8 C,0 Degree,146 Times,
2626,2947047,70B3D50070001777,1608284633921,FES Receiver,2020-12-18 10:43:53.926552,"['SS', 'Standalone', 'version_184']",70001777,SENS_EVENT_MEASURE,130 cm,3590 mV,11 C,0 Degree,148 Times,
2625,2947353,70B3D50070001777,1608288233817,FES Receiver,2020-12-18 11:43:53.806345,"['SS', 'Standalone', 'version_184']",70001777,SENS_EVENT_MEASURE,130 cm,3590 mV,11 C,0 Degree,149 Times,
2624,2947666,70B3D50070001777,1608291833716,FES Receiver,2020-12-18 12:43:53.674609,"['SS', 'Standalone', 'version_184']",70001777,SENS_EVENT_MEASURE,130 cm,3590 mV,10 C,0 Degree,150 Times,
2623,2947977,70B3D50070001777,1608295433595,FES Receiver,2020-12-18 13:43:53.542952,"['SS', 'Standalone', 'version_184']",70001777,SENS_EVENT_MEASURE,130 cm,3590 mV,10 C,0 Degree,151 Times,
2622,2948324,70B3D50070001777,1608299033561,FES Receiver,2020-12-18 14:43:53.502472,"['SS', 'Standalone', 'version_184']",70001777,SENS_EVENT_MEASURE,138 cm,3600 mV,12 C,0 Degree,152 Times,
2621,2948633,70B3D50070001777,1608302633494,FES Receiver,2020-12-18 15:43:53.410573,"['SS', 'Standalone', 'version_184']",70001777,SENS_EVENT_MEASURE,138 cm,3590 mV,11 C,0 Degree,153 Times,
2620,2948923,70B3D50070001777,1608306233394,FES Receiver,2020-12-18 16:43:53.292602,"['SS', 'Standalone', 'version_184']",70001777,SENS_EVENT_MEASURE,140 cm,3590 mV,10 C,0 Degree,154 Times,
2619,2949215,70B3D50070001777,1608309833300,FES Receiver,2020-12-18 17:43:53.184607,"['SS', 'Standalone', 'version_184']",70001777,SENS_EVENT_MEASURE,132 cm,3590 mV,8 C,0 Degree,155 Times,
2618,2949518,70B3D50070001777,1608313433193,FES Receiver,2020-12-18 18:43:53.075974,"['SS', 'Standalone', 'version_184']",70001777,SENS_EVENT_MEASURE,122 cm,3590 mV,8 C,0 Degree,156 Times,
2617,2949825,70B3D50070001777,1608317034565,FES Receiver,2020-12-18 19:43:54.758605,"['SS', 'Standalone', 'version_184']",70001777,SENS_EVENT_MEASURE,124 cm,3590 mV,9 C,0 Degree,157 Times,
2616,2950146,70B3D50070001777,1608320634452,FES Receiver,2020-12-18 20:43:54.629683,"['SS', 'Standalone', 'version_184']",70001777,SENS_EVENT_MEASURE,136 cm,3590 mV,8 C,1 Degree,158 Times,
2615,2950439,70B3D50070001777,1608324234367,FES Receiver,2020-12-18 21:43:54.530453,"['SS', 'Standalone', 'version_184']",70001777,SENS_EVENT_MEASURE,140 cm,3580 mV,8 C,0 Degree,159 Times,
2614,2950753,70B3D50070001777,1608327834272,FES Receiver,2020-12-18 22:43:54.421681,"['SS', 'Standalone', 'version_184']",70001777,SENS_EVENT_MEASURE,138 cm,3580 mV,8 C,0 Degree,160 Times,
2613,2951053,70B3D50070001777,1608331434192,FES Receiver,2020-12-18 23:43:54.330534,"['SS', 'Standalone', 'version_184']",70001777,SENS_EVENT_MEASURE,136 cm,3580 mV,8 C,0 Degree,161 Times,
2612,2951338,70B3D50070001777,1608335034086,FES Receiver,2020-12-19 00:43:54.204612,"['SS', 'Standalone', 'version_184']",70001777,SENS_EVENT_MEASURE,134 cm,3580 mV,9 C,0 Degree,162 Times,
2611,2951656,70B3D50070001777,1608338634012,FES Receiver,2020-12-19 01:43:54.127527,"['SS', 'Standalone', 'version_184']",70001777,SENS_EVENT_MEASURE,134 cm,3580 mV,9 C,0 Degree,163 Times,
2610,2951962,70B3D50070001777,1608342233926,FES Receiver,2020-12-19 02:43:54.085361,"['SS', 'Standalone', 'version_184']",70001777,SENS_EVENT_MEASURE,134 cm,3580 mV,8 C,0 Degree,164 Times,
2609,2952314,70B3D50070001777,1608345833846,FES Receiver,2020-12-19 03:43:53.964674,"['SS', 'Standalone', 'version_184']",70001777,SENS_EVENT_MEASURE,134 cm,3580 mV,8 C,0 Degree,165 Times,
2608,2952640,70B3D50070001777,1608349433766,FES Receiver,2020-12-19 04:43:53.859626,"['SS', 'Standalone', 'version_184']",70001777,SENS_EVENT_MEASURE,136 cm,3580 mV,10 C,0 Degree,166 Times,
2607,2952938,70B3D50070001777,1608353033686,FES Receiver,2020-12-19 05:43:53.76055,"['SS', 'Standalone', 'version_184']",70001777,SENS_EVENT_MEASURE,134 cm,3580 mV,8 C,1 Degree,167 Times,
2606,2953238,70B3D50070001777,1608356633593,FES Receiver,2020-12-19 06:43:53.635521,"['SS', 'Standalone', 'version_184']",70001777,SENS_EVENT_MEASURE,126 cm,3580 mV,9 C,0 Degree,168 Times,
2605,2953531,70B3D50070001777,1608360233512,FES Receiver,2020-12-19 07:43:53.543111,"['SS', 'Standalone', 'version_184']",70001777,SENS_EVENT_MEASURE,134 cm,3580 mV,8 C,0 Degree,169 Times,
2604,2953830,70B3D50070001777,1608363833432,FES Receiver,2020-12-19 08:43:53.435496,"['SS', 'Standalone', 'version_184']",70001777,SENS_EVENT_MEASURE,134 cm,3580 mV,8 C,0 Degree,170 Times,
2603,2954151,70B3D50070001777,1608367433346,FES Receiver,2020-12-19 09:43:53.34063,"['SS', 'Standalone', 'version_184']",70001777,SENS_EVENT_MEASURE,122 cm,3580 mV,9 C,0 Degree,171 Times,
2602,2954453,70B3D50070001777,1608371033272,FES Receiver,2020-12-19 10:43:53.270525,"['SS', 'Standalone', 'version_184']",70001777,SENS_EVENT_MEASURE,120 cm,3590 mV,10 C,0 Degree,172 Times,
2601,2954747,70B3D50070001777,1608374633073,FES Receiver,2020-12-19 11:43:53.056028,"['SS', 'Standalone', 'version_184']",70001777,SENS_EVENT_MEASURE,120 cm,3600 mV,17 C,0 Degree,173 Times,
2600,2955062,70B3D50070001777,1608378232966,FES Receiver,2020-12-19 12:43:52.916533,"['SS', 'Standalone', 'version_184']",70001777,SENS_EVENT_MEASURE,122 cm,3610 mV,15 C,0 Degree,174 Times,
2599,2955363,70B3D50070001777,1608381832712,FES Receiver,2020-12-19 13:43:52.648678,"['SS', 'Standalone', 'version_184']",70001777,SENS_EVENT_MEASURE,118 cm,3610 mV,14 C,0 Degree,175 Times,
2598,2955665,70B3D50070001777,1608385432726,FES Receiver,2020-12-19 14:43:52.647555,"['SS', 'Standalone', 'version_184']",70001777,SENS_EVENT_MEASURE,114 cm,3600 mV,13 C,0 Degree,176 Times,
2597,2956249,70B3D50070001777,1608392632512,FES Receiver,2020-12-19 16:43:52.409993,"['SS', 'Standalone', 'version_184']",70001777,SENS_EVENT_MEASURE,112 cm,3600 mV,11 C,0 Degree,178 Times,
2596,2956550,70B3D50070001777,1608396232526,FES Receiver,2020-12-19 17:43:52.399661,"['SS', 'Standalone', 'version_184']",70001777,SENS_EVENT_MEASURE,110 cm,3590 mV,11 C,0 Degree,179 Times,
2595,2956870,70B3D50070001777,1608399832406,FES Receiver,2020-12-19 18:43:52.266701,"['SS', 'Standalone', 'version_184']",70001777,SENS_EVENT_MEASURE,110 cm,3590 mV,9 C,0 Degree,180 Times,
2594,2957180,70B3D50070001777,1608403433739,FES Receiver,2020-12-19 19:43:53.937378,"['SS', 'Standalone', 'version_184']",70001777,SENS_EVENT_MEASURE,110 cm,3590 mV,8 C,1 Degree,181 Times,
2593,2957496,70B3D50070001777,1608407033659,FES Receiver,2020-12-19 20:43:53.854754,"['SS', 'Standalone', 'version_184']",70001777,SENS_EVENT_MEASURE,110 cm,3580 mV,8 C,0 Degree,182 Times,
2592,2957789,70B3D50070001777,1608410633585,FES Receiver,2020-12-19 21:43:53.759419,"['SS', 'Standalone', 'version_184']",70001777,SENS_EVENT_MEASURE,110 cm,3590 mV,10 C,1 Degree,183 Times,
2591,2958103,70B3D50070001777,1608414233465,FES Receiver,2020-12-19 22:43:53.623398,"['SS', 'Standalone', 'version_184']",70001777,SENS_EVENT_MEASURE,110 cm,3590 mV,9 C,0 Degree,184 Times,
2590,2958411,70B3D50070001777,1608417833379,FES Receiver,2020-12-19 23:43:53.539311,"['SS', 'Standalone', 'version_184']",70001777,SENS_EVENT_MEASURE,110 cm,3590 mV,10 C,1 Degree,185 Times,
2589,2958717,70B3D50070001777,1608421433285,FES Receiver,2020-12-20 00:43:53.434256,"['SS', 'Standalone', 'version_184']",70001777,SENS_EVENT_MEASURE,110 cm,3590 mV,10 C,1 Degree,186 Times,
2588,2959028,70B3D50070001777,1608425033179,FES Receiver,2020-12-20 01:43:53.294404,"['SS', 'Standalone', 'version_184']",70001777,SENS_EVENT_MEASURE,110 cm,3590 mV,9 C,0 Degree,187 Times,
2587,2959338,70B3D50070001777,1608428633085,FES Receiver,2020-12-20 02:43:53.188399,"['SS', 'Standalone', 'version_184']",70001777,SENS_EVENT_MEASURE,110 cm,3590 mV,9 C,0 Degree,188 Times,
2586,2959667,70B3D50070001777,1608432232999,FES Receiver,2020-12-20 03:43:53.087736,"['SS', 'Standalone', 'version_184']",70001777,SENS_EVENT_MEASURE,110 cm,3580 mV,9 C,1 Degree,189 Times,
2585,2960288,70B3D50070001777,1608439432819,FES Receiver,2020-12-20 05:43:52.873414,"['SS', 'Standalone', 'version_184']",70001777,SENS_EVENT_MEASURE,110 cm,3580 mV,9 C,0 Degree,191 Times,
2584,2960587,70B3D50070001777,1608443032745,FES Receiver,2020-12-20 06:43:52.786412,"['SS', 'Standalone', 'version_184']",70001777,SENS_EVENT_MEASURE,110 cm,3580 mV,8 C,0 Degree,192 Times,
2583,2960876,70B3D50070001777,1608446632665,FES Receiver,2020-12-20 07:43:52.698155,"['SS', 'Standalone', 'version_184']",70001777,SENS_EVENT_MEASURE,114 cm,3580 mV,9 C,0 Degree,193 Times,
2582,2961180,70B3D50070001777,1608450232565,FES Receiver,2020-12-20 08:43:52.574283,"['SS', 'Standalone', 'version_184']",70001777,SENS_EVENT_MEASURE,114 cm,3580 mV,9 C,0 Degree,194 Times,
2581,2961486,70B3D50070001777,1608453832480,FES Receiver,2020-12-20 09:43:52.487267,"['SS', 'Standalone', 'version_184']",70001777,SENS_EVENT_MEASURE,114 cm,3580 mV,9 C,0 Degree,195 Times,
2580,2961796,70B3D50070001777,1608457432398,FES Receiver,2020-12-20 10:43:52.386187,"['SS', 'Standalone', 'version_184']",70001777,SENS_EVENT_MEASURE,110 cm,3580 mV,8 C,0 Degree,196 Times,
2579,2962093,70B3D50070001777,1608461032304,FES Receiver,2020-12-20 11:43:52.27034,"['SS', 'Standalone', 'version_184']",70001777,SENS_EVENT_MEASURE,120 cm,3580 mV,7 C,0 Degree,197 Times,
2578,2962416,70B3D50070001777,1608464632224,FES Receiver,2020-12-20 12:43:52.177384,"['SS', 'Standalone', 'version_184']",70001777,SENS_EVENT_MEASURE,120 cm,3590 mV,9 C,0 Degree,198 Times,
2577,2962719,70B3D50070001777,1608468212119,FES Receiver,2020-12-20 13:43:32.121297,"['SS', 'Standalone', 'version_184']",70001777,SENS_EVENT_MEASURE,120 cm,3590 mV,9 C,0 Degree,199 Times,
2576,2963018,70B3D50070001777,1608471812023,FES Receiver,2020-12-20 14:43:31.947229,"['SS', 'Standalone', 'version_184']",70001777,SENS_EVENT_MEASURE,114 cm,3590 mV,11 C,1 Degree,200 Times,
2575,2963329,70B3D50070001777,1608475411925,FES Receiver,2020-12-20 15:43:31.841268,"['SS', 'Standalone', 'version_184']",70001777,SENS_EVENT_MEASURE,114 cm,3590 mV,9 C,0 Degree,201 Times,
2574,2963628,70B3D50070001777,1608479011838,FES Receiver,2020-12-20 16:43:31.759012,"['SS', 'Standalone', 'version_184']",70001777,SENS_EVENT_MEASURE,106 cm,3590 mV,12 C,1 Degree,202 Times,
2573,2963925,70B3D50070001777,1608482611738,FES Receiver,2020-12-20 17:43:31.618169,"['SS', 'Standalone', 'version_184']",70001777,SENS_EVENT_MEASURE,106 cm,3590 mV,12 C,0 Degree,203 Times,
2572,2964245,70B3D50070001777,1608486211642,FES Receiver,2020-12-20 18:43:31.50919,"['SS', 'Standalone', 'version_184']",70001777,SENS_EVENT_MEASURE,106 cm,3590 mV,12 C,0 Degree,204 Times,
2571,2964549,70B3D50070001777,1608489812985,FES Receiver,2020-12-20 19:43:33.183721,"['SS', 'Standalone', 'version_184']",70001777,SENS_EVENT_MEASURE,106 cm,3590 mV,10 C,0 Degree,205 Times,
2570,2964846,70B3D50070001777,1608493412817,FES Receiver,2020-12-20 20:43:33.00688,"['SS', 'Standalone', 'version_184']",70001777,SENS_EVENT_MEASURE,106 cm,3590 mV,10 C,0 Degree,206 Times,
2569,2965157,70B3D50070001777,1608497012691,FES Receiver,2020-12-20 21:43:32.879709,"['SS', 'Standalone', 'version_184']",70001777,SENS_EVENT_MEASURE,104 cm,3590 mV,11 C,0 Degree,207 Times,
2568,2965467,70B3D50070001777,1608500612605,FES Receiver,2020-12-20 22:43:32.764224,"['SS', 'Standalone', 'version_184']",70001777,SENS_EVENT_MEASURE,104 cm,3590 mV,13 C,0 Degree,208 Times,
2567,2965751,70B3D50070001777,1608504212525,FES Receiver,2020-12-20 23:43:32.662851,"['SS', 'Standalone', 'version_184']",70001777,SENS_EVENT_MEASURE,104 cm,3590 mV,11 C,0 Degree,209 Times,
2566,2966073,70B3D50070001777,1608507812385,FES Receiver,2020-12-21 00:43:32.507748,"['SS', 'Standalone', 'version_184']",70001777,SENS_EVENT_MEASURE,104 cm,3590 mV,11 C,1 Degree,210 Times,
2565,2966391,70B3D50070001777,1608511412245,FES Receiver,2020-12-21 01:43:32.353861,"['SS', 'Standalone', 'version_184']",70001777,SENS_EVENT_MEASURE,102 cm,3590 mV,9 C,1 Degree,211 Times,
2564,2966694,70B3D50070001777,1608515012145,FES Receiver,2020-12-21 02:43:32.255854,"['SS', 'Standalone', 'version_184']",70001777,SENS_EVENT_MEASURE,104 cm,3590 mV,10 C,0 Degree,212 Times,
2563,2967010,70B3D50070001777,1608518612045,FES Receiver,2020-12-21 03:43:32.124804,"['SS', 'Standalone', 'version_184']",70001777,SENS_EVENT_MEASURE,104 cm,3590 mV,10 C,0 Degree,213 Times,
2562,2967318,70B3D50070001777,1608522211991,FES Receiver,2020-12-21 04:43:32.062158,"['SS', 'Standalone', 'version_184']",70001777,SENS_EVENT_MEASURE,104 cm,3590 mV,11 C,0 Degree,214 Times,
2561,2967591,70B3D50070001777,1608525811831,FES Receiver,2020-12-21 05:43:31.881808,"['SS', 'Standalone', 'version_184']",70001777,SENS_EVENT_MEASURE,104 cm,3590 mV,10 C,2 Degree,215 Times,
2560,2967876,70B3D50070001777,1608529411736,FES Receiver,2020-12-21 06:43:31.780684,"['SS', 'Standalone', 'version_184']",70001777,SENS_EVENT_MEASURE,104 cm,3590 mV,10 C,0 Degree,216 Times,
2559,2968184,70B3D50070001777,1608533011631,FES Receiver,2020-12-21 07:43:31.702639,"['SS', 'Standalone', 'version_184']",70001777,SENS_EVENT_MEASURE,104 cm,3590 mV,11 C,0 Degree,217 Times,
2558,2968601,70B3D50070001777,1608536611571,FES Receiver,2020-12-21 08:43:31.59011,"['SS', 'Standalone', 'version_184']",70001777,SENS_EVENT_MEASURE,104 cm,3590 mV,10 C,0 Degree,218 Times,
2557,2969006,70B3D50070001777,1608540211385,FES Receiver,2020-12-21 09:43:34.294805,"['SS', 'Standalone', 'version_184']",70001777,SENS_EVENT_MEASURE,104 cm,3590 mV,10 C,0 Degree,219 Times,
2556,2969376,70B3D50070001777,1608543811265,FES Receiver,2020-12-21 10:43:31.244643,"['SS', 'Standalone', 'version_184']",70001777,SENS_EVENT_MEASURE,104 cm,3590 mV,10 C,0 Degree,220 Times,
2555,2970151,70B3D50070001777,1608551011064,FES Receiver,2020-12-21 12:43:31.014669,"['SS', 'Standalone', 'version_184']",70001777,SENS_EVENT_MEASURE,104 cm,3600 mV,13 C,1 Degree,222 Times,
2554,2970523,70B3D50070001777,1608554610943,FES Receiver,2020-12-21 13:43:30.879676,"['SS', 'Standalone', 'version_184']",70001777,SENS_EVENT_MEASURE,98 cm,3600 mV,12 C,0 Degree,223 Times,
2553,2970893,70B3D50070001777,1608558210809,FES Receiver,2020-12-21 14:43:30.731868,"['SS', 'Standalone', 'version_184']",70001777,SENS_EVENT_MEASURE,98 cm,3600 mV,13 C,0 Degree,224 Times,
2552,2971258,70B3D50070001777,1608561810762,FES Receiver,2020-12-21 15:43:30.672804,"['SS', 'Standalone', 'version_184']",70001777,SENS_EVENT_MEASURE,98 cm,3600 mV,12 C,1 Degree,225 Times,
2551,2971632,70B3D50070001777,1608565410642,FES Receiver,2020-12-21 16:43:30.5369,"['SS', 'Standalone', 'version_184']",70001777,SENS_EVENT_MEASURE,100 cm,3600 mV,12 C,0 Degree,226 Times,
2550,2972002,70B3D50070001777,1608569010481,FES Receiver,2020-12-21 17:43:30.369925,"['SS', 'Standalone', 'version_184']",70001777,SENS_EVENT_MEASURE,100 cm,3600 mV,12 C,1 Degree,227 Times,
2549,2972374,70B3D50070001777,1608572610268,FES Receiver,2020-12-21 18:43:30.145807,"['SS', 'Standalone', 'version_184']",70001777,SENS_EVENT_MEASURE,90 cm,3600 mV,10 C,0 Degree,228 Times,
2548,2972739,70B3D50070001777,1608576211581,FES Receiver,2020-12-21 19:43:31.81665,"['SS', 'Standalone', 'version_184']",70001777,SENS_EVENT_MEASURE,90 cm,3600 mV,13 C,0 Degree,229 Times,
2547,2973125,70B3D50070001777,1608579811467,FES Receiver,2020-12-21 20:43:31.64906,"['SS', 'Standalone', 'version_184']",70001777,SENS_EVENT_MEASURE,90 cm,3600 mV,13 C,1 Degree,230 Times,
2546,2973482,70B3D50070001777,1608583411360,FES Receiver,2020-12-21 21:43:31.528069,"['SS', 'Standalone', 'version_184']",70001777,SENS_EVENT_MEASURE,90 cm,3600 mV,12 C,1 Degree,231 Times,
2545,2973887,70B3D50070001777,1608587011260,FES Receiver,2020-12-21 22:43:31.417029,"['SS', 'Standalone', 'version_184']",70001777,SENS_EVENT_MEASURE,90 cm,3600 mV,10 C,1 Degree,232 Times,
2544,2974261,70B3D50070001777,1608590611220,FES Receiver,2020-12-21 23:43:31.365076,"['SS', 'Standalone', 'version_184']",70001777,SENS_EVENT_MEASURE,90 cm,3600 mV,11 C,0 Degree,233 Times,
2543,2974629,70B3D50070001777,1608594211100,FES Receiver,2020-12-22 00:43:31.237349,"['SS', 'Standalone', 'version_184']",70001777,SENS_EVENT_MEASURE,90 cm,3600 mV,11 C,0 Degree,234 Times,
2542,2975019,70B3D50070001777,1608597810979,FES Receiver,2020-12-22 01:43:31.089922,"['SS', 'Standalone', 'version_184']",70001777,SENS_EVENT_MEASURE,90 cm,3600 mV,12 C,1 Degree,235 Times,
2541,2975397,70B3D50070001777,1608601410859,FES Receiver,2020-12-22 02:43:30.955956,"['SS', 'Standalone', 'version_184']",70001777,SENS_EVENT_MEASURE,90 cm,3600 mV,13 C,0 Degree,236 Times,
2540,2975824,70B3D50070001777,1608605010739,FES Receiver,2020-12-22 03:43:30.849659,"['SS', 'Standalone', 'version_184']",70001777,SENS_EVENT_MEASURE,90 cm,3600 mV,13 C,1 Degree,237 Times,
2539,2976627,70B3D50070001777,1608612210499,FES Receiver,2020-12-22 05:43:30.692061,"['SS', 'Standalone', 'version_184']",70001777,SENS_EVENT_MEASURE,90 cm,3600 mV,13 C,0 Degree,239 Times,
2538,2977014,70B3D50070001777,1608615810338,FES Receiver,2020-12-22 06:43:30.408782,"['SS', 'Standalone', 'version_184']",70001777,SENS_EVENT_MEASURE,90 cm,3600 mV,14 C,0 Degree,240 Times,
2537,2977397,70B3D50070001777,1608619410218,FES Receiver,2020-12-22 07:43:30.258905,"['SS', 'Standalone', 'version_184']",70001777,SENS_EVENT_MEASURE,90 cm,3600 mV,13 C,0 Degree,241 Times,
2536,2977786,70B3D50070001777,1608623010097,FES Receiver,2020-12-22 08:43:30.111004,"['SS', 'Standalone', 'version_184']",70001777,SENS_EVENT_MEASURE,90 cm,3610 mV,13 C,0 Degree,242 Times,
2535,2978162,70B3D50070001777,1608626609977,FES Receiver,2020-12-22 09:43:29.973928,"['SS', 'Standalone', 'version_184']",70001777,SENS_EVENT_MEASURE,90 cm,3610 mV,14 C,0 Degree,243 Times,
2534,2978544,70B3D50070001777,1608630209943,FES Receiver,2020-12-22 10:43:29.941867,"['SS', 'Standalone', 'version_184']",70001777,SENS_EVENT_MEASURE,90 cm,3610 mV,14 C,0 Degree,244 Times,
2533,2978907,70B3D50070001777,1608633809776,FES Receiver,2020-12-22 11:43:29.77127,"['SS', 'Standalone', 'version_184']",70001777,SENS_EVENT_MEASURE,90 cm,3610 mV,15 C,0 Degree,245 Times,
2532,2979295,70B3D50070001777,1608637409463,FES Receiver,2020-12-22 12:43:29.427033,"['SS', 'Standalone', 'version_184']",70001777,SENS_EVENT_MEASURE,90 cm,3610 mV,16 C,0 Degree,246 Times,
2531,2979661,70B3D50070001777,1608641009335,FES Receiver,2020-12-22 13:43:29.274866,"['SS', 'Standalone', 'version_184']",70001777,SENS_EVENT_MEASURE,90 cm,3610 mV,16 C,0 Degree,247 Times,
2530,2979946,70B3D50070001777,1608644609255,FES Receiver,2020-12-22 14:43:29.192831,"['SS', 'Standalone', 'version_184']",70001777,SENS_EVENT_MEASURE,90 cm,3610 mV,15 C,0 Degree,248 Times,
2529,2980233,70B3D50070001777,1608648209055,FES Receiver,2020-12-22 15:43:28.967976,"['SS', 'Standalone', 'version_184']",70001777,SENS_EVENT_MEASURE,90 cm,3610 mV,15 C,1 Degree,249 Times,
2528,2980514,70B3D50070001777,1608651808914,FES Receiver,2020-12-22 16:43:28.831871,"['SS', 'Standalone', 'version_184']",70001777,SENS_EVENT_MEASURE,82 cm,3610 mV,15 C,0 Degree,250 Times,
2527,2980787,70B3D50070001777,1608655408919,FES Receiver,2020-12-22 17:43:28.814941,"['SS', 'Standalone', 'version_184']",70001777,SENS_EVENT_MEASURE,82 cm,3610 mV,15 C,0 Degree,251 Times,
2526,2981084,70B3D50070001777,1608659008774,FES Receiver,2020-12-22 18:43:28.653886,"['SS', 'Standalone', 'version_184']",70001777,SENS_EVENT_MEASURE,88 cm,3610 mV,15 C,0 Degree,252 Times,
2525,2981349,70B3D50070001777,1608662609942,FES Receiver,2020-12-22 19:43:30.139262,"['SS', 'Standalone', 'version_184']",70001777,SENS_EVENT_MEASURE,88 cm,3610 mV,14 C,0 Degree,253 Times,
2524,2981614,70B3D50070001777,1608666209862,FES Receiver,2020-12-22 20:43:30.070182,"['SS', 'Standalone', 'version_184']",70001777,SENS_EVENT_MEASURE,86 cm,3610 mV,16 C,1 Degree,254 Times,
2523,2981876,70B3D50070001777,1608669809745,FES Receiver,2020-12-22 21:43:29.913338,"['SS', 'Standalone', 'version_184']",70001777,SENS_EVENT_MEASURE,86 cm,3610 mV,16 C,1 Degree,255 Times,
2522,2982143,70B3D50070001777,1608673409661,FES Receiver,2020-12-22 22:43:29.818325,"['SS', 'Standalone', 'version_184']",70001777,SENS_EVENT_MEASURE,86 cm,3610 mV,13 C,0 Degree,0 Times,
2521,2982418,70B3D50070001777,1608677009541,FES Receiver,2020-12-22 23:43:29.691165,"['SS', 'Standalone', 'version_184']",70001777,SENS_EVENT_MEASURE,86 cm,3610 mV,15 C,0 Degree,1 Times,
2520,2982689,70B3D50070001777,1608680609421,FES Receiver,2020-12-23 00:43:29.557327,"['SS', 'Standalone', 'version_184']",70001777,SENS_EVENT_MEASURE,86 cm,3610 mV,16 C,0 Degree,2 Times,
2519,2982964,70B3D50070001777,1608684209280,FES Receiver,2020-12-23 01:43:29.391256,"['SS', 'Standalone', 'version_184']",70001777,SENS_EVENT_MEASURE,86 cm,3610 mV,14 C,0 Degree,3 Times,
2518,2983244,70B3D50070001777,1608687809147,FES Receiver,2020-12-23 02:43:29.246488,"['SS', 'Standalone', 'version_184']",70001777,SENS_EVENT_MEASURE,86 cm,3610 mV,16 C,1 Degree,4 Times,
2517,2983539,70B3D50070001777,1608691409000,FES Receiver,2020-12-23 03:43:29.092169,"['SS', 'Standalone', 'version_184']",70001777,SENS_EVENT_MEASURE,86 cm,3610 mV,14 C,0 Degree,5 Times,
2516,2983839,70B3D50070001777,1608695008880,FES Receiver,2020-12-23 04:43:29.596622,"['SS', 'Standalone', 'version_184']",70001777,SENS_EVENT_MEASURE,86 cm,3610 mV,14 C,0 Degree,6 Times,
2515,2984127,70B3D50070001777,1608698608745,FES Receiver,2020-12-23 05:43:28.850784,"['SS', 'Standalone', 'version_184']",70001777,SENS_EVENT_MEASURE,86 cm,3610 mV,14 C,0 Degree,7 Times,
2514,2984407,70B3D50070001777,1608702208619,FES Receiver,2020-12-23 06:43:28.660351,"['SS', 'Standalone', 'version_184']",70001777,SENS_EVENT_MEASURE,86 cm,3610 mV,14 C,1 Degree,8 Times,
2513,2984699,70B3D50070001777,1608705808485,FES Receiver,2020-12-23 07:43:28.510163,"['SS', 'Standalone', 'version_184']",70001777,SENS_EVENT_MEASURE,88 cm,3610 mV,15 C,0 Degree,9 Times,
2512,2984955,70B3D50070001777,1608709408358,FES Receiver,2020-12-23 08:43:28.391084,"['SS', 'Standalone', 'version_184']",70001777,SENS_EVENT_MEASURE,94 cm,3610 mV,14 C,0 Degree,10 Times,
2511,2985220,70B3D50070001777,1608713008118,FES Receiver,2020-12-23 09:43:28.134115,"['SS', 'Standalone', 'version_184']",70001777,SENS_EVENT_MEASURE,84 cm,3610 mV,14 C,1 Degree,11 Times,
2510,2985497,70B3D50070001777,1608716608097,FES Receiver,2020-12-23 10:43:28.080351,"['SS', 'Standalone', 'version_184']",70001777,SENS_EVENT_MEASURE,78 cm,3610 mV,15 C,1 Degree,12 Times,
2509,2985741,70B3D50070001777,1608720207963,FES Receiver,2020-12-23 11:43:27.969157,"['SS', 'Standalone', 'version_184']",70001777,SENS_EVENT_MEASURE,78 cm,3610 mV,15 C,0 Degree,13 Times,
2508,2986029,70B3D50070001777,1608723807816,FES Receiver,2020-12-23 12:43:27.773253,"['SS', 'Standalone', 'version_184']",70001777,SENS_EVENT_MEASURE,78 cm,3610 mV,16 C,0 Degree,14 Times,
2507,2986311,70B3D50070001777,1608727407676,FES Receiver,2020-12-23 13:43:27.623327,"['SS', 'Standalone', 'version_184']",70001777,SENS_EVENT_MEASURE,78 cm,3610 mV,14 C,0 Degree,15 Times,
2506,2986603,70B3D50070001777,1608731007541,FES Receiver,2020-12-23 14:43:27.468136,"['SS', 'Standalone', 'version_184']",70001777,SENS_EVENT_MEASURE,78 cm,3610 mV,14 C,0 Degree,16 Times,
2505,2986888,70B3D50070001777,1608734607321,FES Receiver,2020-12-23 15:43:27.234353,"['SS', 'Standalone', 'version_184']",70001777,SENS_EVENT_MEASURE,78 cm,3610 mV,13 C,2 Degree,17 Times,
2504,2987165,70B3D50070001777,1608738207274,FES Receiver,2020-12-23 16:43:27.171275,"['SS', 'Standalone', 'version_184']",70001777,SENS_EVENT_MEASURE,78 cm,3610 mV,15 C,1 Degree,18 Times,
2503,2987443,70B3D50070001777,1608741807134,FES Receiver,2020-12-23 17:43:27.017374,"['SS', 'Standalone', 'version_184']",70001777,SENS_EVENT_MEASURE,78 cm,3610 mV,14 C,0 Degree,19 Times,
2502,2987737,70B3D50070001777,1608745406914,FES Receiver,2020-12-23 18:43:26.783213,"['SS', 'Standalone', 'version_184']",70001777,SENS_EVENT_MEASURE,80 cm,3610 mV,15 C,0 Degree,20 Times,
2501,2988021,70B3D50070001777,1608749008223,FES Receiver,2020-12-23 19:43:28.456829,"['SS', 'Standalone', 'version_184']",70001777,SENS_EVENT_MEASURE,80 cm,3610 mV,15 C,0 Degree,21 Times,
2500,2988280,70B3D50070001777,1608752608103,FES Receiver,2020-12-23 20:43:28.287832,"['SS', 'Standalone', 'version_184']",70001777,SENS_EVENT_MEASURE,80 cm,3600 mV,13 C,1 Degree,22 Times,
2499,2988553,70B3D50070001777,1608756207962,FES Receiver,2020-12-23 21:43:28.13685,"['SS', 'Standalone', 'version_184']",70001777,SENS_EVENT_MEASURE,80 cm,3600 mV,15 C,0 Degree,23 Times,
2498,2988831,70B3D50070001777,1608759807841,FES Receiver,2020-12-23 22:43:27.994878,"['SS', 'Standalone', 'version_184']",70001777,SENS_EVENT_MEASURE,80 cm,3610 mV,13 C,0 Degree,24 Times,
2497,2989118,70B3D50070001777,1608763407721,FES Receiver,2020-12-23 23:43:27.911746,"['SS', 'Standalone', 'version_184']",70001777,SENS_EVENT_MEASURE,80 cm,3600 mV,13 C,0 Degree,25 Times,
2496,2989396,70B3D50070001777,1608767007585,FES Receiver,2020-12-24 00:43:27.71185,"['SS', 'Standalone', 'version_184']",70001777,SENS_EVENT_MEASURE,80 cm,3600 mV,13 C,0 Degree,26 Times,
2495,2989683,70B3D50070001777,1608770607486,FES Receiver,2020-12-24 01:43:27.610863,"['SS', 'Standalone', 'version_184']",70001777,SENS_EVENT_MEASURE,80 cm,3600 mV,13 C,1 Degree,27 Times,
2494,2989967,70B3D50070001777,1608774207364,FES Receiver,2020-12-24 02:43:27.479723,"['SS', 'Standalone', 'version_184']",70001777,SENS_EVENT_MEASURE,80 cm,3600 mV,12 C,0 Degree,28 Times,
2493,2990270,70B3D50070001777,1608777807257,FES Receiver,2020-12-24 03:43:27.466163,"['SS', 'Standalone', 'version_184']",70001777,SENS_EVENT_MEASURE,80 cm,3600 mV,11 C,0 Degree,29 Times,
2492,2990570,70B3D50070001777,1608781407136,FES Receiver,2020-12-24 04:43:27.218107,"['SS', 'Standalone', 'version_184']",70001777,SENS_EVENT_MEASURE,80 cm,3600 mV,11 C,0 Degree,30 Times,
2491,2990842,70B3D50070001777,1608785007042,FES Receiver,2020-12-24 05:43:27.13968,"['SS', 'Standalone', 'version_184']",70001777,SENS_EVENT_MEASURE,80 cm,3590 mV,12 C,0 Degree,31 Times,
2490,2991124,70B3D50070001777,1608788606921,FES Receiver,2020-12-24 06:43:26.976724,"['SS', 'Standalone', 'version_184']",70001777,SENS_EVENT_MEASURE,80 cm,3590 mV,10 C,0 Degree,32 Times,
2489,2991402,70B3D50070001777,1608792206794,FES Receiver,2020-12-24 07:43:26.829798,"['SS', 'Standalone', 'version_184']",70001777,SENS_EVENT_MEASURE,80 cm,3590 mV,10 C,2 Degree,33 Times,
2488,2991681,70B3D50070001777,1608795806694,FES Receiver,2020-12-24 08:43:26.70671,"['SS', 'Standalone', 'version_184']",70001777,SENS_EVENT_MEASURE,80 cm,3590 mV,11 C,0 Degree,34 Times,
2487,2991962,70B3D50070001777,1608799406573,FES Receiver,2020-12-24 09:43:26.573854,"['SS', 'Standalone', 'version_184']",70001777,SENS_EVENT_MEASURE,78 cm,3590 mV,10 C,0 Degree,35 Times,
2486,2992213,70B3D50070001777,1608803006573,FES Receiver,2020-12-24 10:43:26.557722,"['SS', 'Standalone', 'version_184']",70001777,SENS_EVENT_MEASURE,76 cm,3590 mV,10 C,0 Degree,36 Times,
2485,2992483,70B3D50070001777,1608806606359,FES Receiver,2020-12-24 11:43:26.33581,"['SS', 'Standalone', 'version_184']",70001777,SENS_EVENT_MEASURE,74 cm,3600 mV,12 C,0 Degree,37 Times,
2484,2992759,70B3D50070001777,1608810206332,FES Receiver,2020-12-24 12:43:26.295636,"['SS', 'Standalone', 'version_184']",70001777,SENS_EVENT_MEASURE,74 cm,3610 mV,15 C,1 Degree,38 Times,
2483,2993044,70B3D50070001777,1608813806191,FES Receiver,2020-12-24 13:43:26.13488,"['SS', 'Standalone', 'version_184']",70001777,SENS_EVENT_MEASURE,74 cm,3610 mV,14 C,0 Degree,39 Times,
2482,2993316,70B3D50070001777,1608817405981,FES Receiver,2020-12-24 14:43:25.912875,"['SS', 'Standalone', 'version_184']",70001777,SENS_EVENT_MEASURE,76 cm,3600 mV,15 C,0 Degree,40 Times,
2481,2993592,70B3D50070001777,1608821005937,FES Receiver,2020-12-24 15:43:25.851836,"['SS', 'Standalone', 'version_184']",70001777,SENS_EVENT_MEASURE,74 cm,3600 mV,11 C,0 Degree,41 Times,
2480,2993862,70B3D50070001777,1608824605831,FES Receiver,2020-12-24 16:43:25.729823,"['SS', 'Standalone', 'version_184']",70001777,SENS_EVENT_MEASURE,74 cm,3590 mV,13 C,0 Degree,42 Times,
2479,2994133,70B3D50070001777,1608828205711,FES Receiver,2020-12-24 17:43:25.604844,"['SS', 'Standalone', 'version_184']",70001777,SENS_EVENT_MEASURE,78 cm,3590 mV,8 C,0 Degree,43 Times,
2478,2994382,70B3D50070001777,1608831805610,FES Receiver,2020-12-24 18:43:25.480875,"['SS', 'Standalone', 'version_184']",70001777,SENS_EVENT_MEASURE,76 cm,3590 mV,8 C,0 Degree,44 Times,
2477,2994637,70B3D50070001777,1608835407015,FES Receiver,2020-12-24 19:43:27.199092,"['SS', 'Standalone', 'version_184']",70001777,SENS_EVENT_MEASURE,78 cm,3580 mV,11 C,0 Degree,45 Times,
2476,2994894,70B3D50070001777,1608839006920,FES Receiver,2020-12-24 20:43:27.08914,"['SS', 'Standalone', 'version_184']",70001777,SENS_EVENT_MEASURE,78 cm,3580 mV,11 C,0 Degree,46 Times,
2475,2995149,70B3D50070001777,1608842606834,FES Receiver,2020-12-24 21:43:26.994131,"['SS', 'Standalone', 'version_184']",70001777,SENS_EVENT_MEASURE,78 cm,3580 mV,9 C,1 Degree,47 Times,
2474,2995404,70B3D50070001777,1608846206734,FES Receiver,2020-12-24 22:43:26.875157,"['SS', 'Standalone', 'version_184']",70001777,SENS_EVENT_MEASURE,78 cm,3580 mV,9 C,0 Degree,48 Times,
2473,2995665,70B3D50070001777,1608849806654,FES Receiver,2020-12-24 23:43:26.780123,"['SS', 'Standalone', 'version_184']",70001777,SENS_EVENT_MEASURE,78 cm,3580 mV,9 C,1 Degree,49 Times,
2472,2995938,70B3D50070001777,1608853406554,FES Receiver,2020-12-25 00:43:26.66709,"['SS', 'Standalone', 'version_184']",70001777,SENS_EVENT_MEASURE,78 cm,3580 mV,11 C,0 Degree,50 Times,
2471,2996203,70B3D50070001777,1608857006473,FES Receiver,2020-12-25 01:43:26.57216,"['SS', 'Standalone', 'version_184']",70001777,SENS_EVENT_MEASURE,78 cm,3580 mV,10 C,1 Degree,51 Times,
2470,2996464,70B3D50070001777,1608860606393,FES Receiver,2020-12-25 02:43:26.477144,"['SS', 'Standalone', 'version_184']",70001777,SENS_EVENT_MEASURE,78 cm,3580 mV,9 C,0 Degree,52 Times,
2469,2996742,70B3D50070001777,1608864206299,FES Receiver,2020-12-25 03:43:26.384503,"['SS', 'Standalone', 'version_184']",70001777,SENS_EVENT_MEASURE,78 cm,3580 mV,10 C,0 Degree,53 Times,
2468,2997024,70B3D50070001777,1608867806353,FES Receiver,2020-12-25 04:43:26.416559,"['SS', 'Standalone', 'version_184']",70001777,SENS_EVENT_MEASURE,78 cm,3580 mV,8 C,0 Degree,54 Times,
2467,2997266,70B3D50070001777,1608871406239,FES Receiver,2020-12-25 05:43:26.295549,"['SS', 'Standalone', 'version_184']",70001777,SENS_EVENT_MEASURE,78 cm,3580 mV,8 C,0 Degree,55 Times,
2466,2997510,70B3D50070001777,1608875006179,FES Receiver,2020-12-25 06:43:26.209143,"['SS', 'Standalone', 'version_184']",70001777,SENS_EVENT_MEASURE,78 cm,3580 mV,9 C,0 Degree,56 Times,
2465,2997791,70B3D50070001777,1608878606079,FES Receiver,2020-12-25 07:43:26.091113,"['SS', 'Standalone', 'version_184']",70001777,SENS_EVENT_MEASURE,78 cm,3570 mV,6 C,0 Degree,57 Times,
2464,2998078,70B3D50070001777,1608882206012,FES Receiver,2020-12-25 08:43:26.009148,"['SS', 'Standalone', 'version_184']",70001777,SENS_EVENT_MEASURE,78 cm,3570 mV,7 C,0 Degree,58 Times,
2463,2998357,70B3D50070001777,1608885805932,FES Receiver,2020-12-25 09:43:25.915195,"['SS', 'Standalone', 'version_184']",70001777,SENS_EVENT_MEASURE,78 cm,3570 mV,7 C,0 Degree,59 Times,
2462,2998608,70B3D50070001777,1608889405852,FES Receiver,2020-12-25 10:43:25.827141,"['SS', 'Standalone', 'version_184']",70001777,SENS_EVENT_MEASURE,78 cm,3580 mV,8 C,0 Degree,60 Times,
2461,2998880,70B3D50070001777,1608893005758,FES Receiver,2020-12-25 11:43:25.713193,"['SS', 'Standalone', 'version_184']",70001777,SENS_EVENT_MEASURE,78 cm,3580 mV,9 C,0 Degree,61 Times,
2460,2999154,70B3D50070001777,1608896605712,FES Receiver,2020-12-25 12:43:25.652195,"['SS', 'Standalone', 'version_184']",70001777,SENS_EVENT_MEASURE,72 cm,3600 mV,12 C,1 Degree,62 Times,
2459,2999428,70B3D50070001777,1608900205518,FES Receiver,2020-12-25 13:43:25.443944,"['SS', 'Standalone', 'version_184']",70001777,SENS_EVENT_MEASURE,76 cm,3600 mV,13 C,0 Degree,63 Times,
2458,2999687,70B3D50070001777,1608903805412,FES Receiver,2020-12-25 14:43:25.325951,"['SS', 'Standalone', 'version_184']",70001777,SENS_EVENT_MEASURE,72 cm,3590 mV,11 C,0 Degree,64 Times,
2457,2999968,70B3D50070001777,1608907405318,FES Receiver,2020-12-25 15:43:25.213998,"['SS', 'Standalone', 'version_184']",70001777,SENS_EVENT_MEASURE,74 cm,3590 mV,10 C,0 Degree,65 Times,
2456,3000245,70B3D50070001777,1608911005178,FES Receiver,2020-12-25 16:43:25.070978,"['SS', 'Standalone', 'version_184']",70001777,SENS_EVENT_MEASURE,74 cm,3580 mV,9 C,1 Degree,66 Times,
2455,3000513,70B3D50070001777,1608914605116,FES Receiver,2020-12-25 17:43:24.985068,"['SS', 'Standalone', 'version_184']",70001777,SENS_EVENT_MEASURE,74 cm,3570 mV,7 C,0 Degree,67 Times,
2454,3000804,70B3D50070001777,1608918205032,FES Receiver,2020-12-25 18:43:24.886117,"['SS', 'Standalone', 'version_184']",70001777,SENS_EVENT_MEASURE,74 cm,3570 mV,6 C,1 Degree,68 Times,
2453,3001081,70B3D50070001777,1608921806412,FES Receiver,2020-12-25 19:43:26.615955,"['SS', 'Standalone', 'version_184']",70001777,SENS_EVENT_MEASURE,72 cm,3570 mV,7 C,0 Degree,69 Times,
2452,3001342,70B3D50070001777,1608925406352,FES Receiver,2020-12-25 20:43:26.534892,"['SS', 'Standalone', 'version_184']",70001777,SENS_EVENT_MEASURE,72 cm,3570 mV,6 C,0 Degree,70 Times,
2451,3001601,70B3D50070001777,1608929006272,FES Receiver,2020-12-25 21:43:26.449897,"['SS', 'Standalone', 'version_184']",70001777,SENS_EVENT_MEASURE,72 cm,3570 mV,6 C,0 Degree,71 Times,
2450,3001884,70B3D50070001777,1608932606218,FES Receiver,2020-12-25 22:43:26.371838,"['SS', 'Standalone', 'version_184']",70001777,SENS_EVENT_MEASURE,72 cm,3560 mV,5 C,0 Degree,72 Times,
2449,3002162,70B3D50070001777,1608936206157,FES Receiver,2020-12-25 23:43:26.299916,"['SS', 'Standalone', 'version_184']",70001777,SENS_EVENT_MEASURE,72 cm,3560 mV,5 C,0 Degree,73 Times,
2448,3002447,70B3D50070001777,1608939806117,FES Receiver,2020-12-26 00:43:26.248925,"['SS', 'Standalone', 'version_184']",70001777,SENS_EVENT_MEASURE,72 cm,3560 mV,2 C,0 Degree,74 Times,
2447,3002741,70B3D50070001777,1608943406057,FES Receiver,2020-12-26 01:43:26.175923,"['SS', 'Standalone', 'version_184']",70001777,SENS_EVENT_MEASURE,72 cm,3550 mV,4 C,0 Degree,75 Times,
2446,3003015,70B3D50070001777,1608947006011,FES Receiver,2020-12-26 02:43:26.108911,"['SS', 'Standalone', 'version_184']",70001777,SENS_EVENT_MEASURE,72 cm,3560 mV,5 C,0 Degree,76 Times,
2445,3003305,70B3D50070001777,1608950605971,FES Receiver,2020-12-26 03:43:26.05281,"['SS', 'Standalone', 'version_184']",70001777,SENS_EVENT_MEASURE,72 cm,3550 mV,2 C,0 Degree,77 Times,
2444,3003601,70B3D50070001777,1608954205911,FES Receiver,2020-12-26 04:43:25.986372,"['SS', 'Standalone', 'version_184']",70001777,SENS_EVENT_MEASURE,72 cm,3560 mV,5 C,0 Degree,78 Times,
2443,3003875,70B3D50070001777,1608957805857,FES Receiver,2020-12-26 05:43:25.919043,"['SS', 'Standalone', 'version_184']",70001777,SENS_EVENT_MEASURE,72 cm,3560 mV,2 C,0 Degree,79 Times,
2442,3004134,70B3D50070001777,1608961405811,FES Receiver,2020-12-26 06:43:25.848942,"['SS', 'Standalone', 'version_184']",70001777,SENS_EVENT_MEASURE,72 cm,3560 mV,6 C,0 Degree,80 Times,
2441,3004431,70B3D50070001777,1608965005751,FES Receiver,2020-12-26 07:43:25.782253,"['SS', 'Standalone', 'version_184']",70001777,SENS_EVENT_MEASURE,72 cm,3560 mV,6 C,0 Degree,81 Times,
2440,3004706,70B3D50070001777,1608968605697,FES Receiver,2020-12-26 08:43:25.717796,"['SS', 'Standalone', 'version_184']",70001777,SENS_EVENT_MEASURE,72 cm,3570 mV,6 C,0 Degree,82 Times,
2439,3004997,70B3D50070001777,1608972205617,FES Receiver,2020-12-26 09:43:25.612818,"['SS', 'Standalone', 'version_184']",70001777,SENS_EVENT_MEASURE,72 cm,3570 mV,7 C,0 Degree,83 Times,
2438,3005278,70B3D50070001777,1608975805552,FES Receiver,2020-12-26 10:43:25.540846,"['SS', 'Standalone', 'version_184']",70001777,SENS_EVENT_MEASURE,72 cm,3570 mV,7 C,0 Degree,84 Times,
2437,3005554,70B3D50070001777,1608979405430,FES Receiver,2020-12-26 11:43:25.396846,"['SS', 'Standalone', 'version_184']",70001777,SENS_EVENT_MEASURE,68 cm,3570 mV,7 C,1 Degree,85 Times,
2436,3005841,70B3D50070001777,1608983005370,FES Receiver,2020-12-26 12:43:25.332164,"['SS', 'Standalone', 'version_184']",70001777,SENS_EVENT_MEASURE,74 cm,3580 mV,8 C,0 Degree,86 Times,
2435,3006705,70B3D50070001777,1608993805310,FES Receiver,2020-12-26 15:43:25.227892,"['SS', 'Standalone', 'version_184']",70001777,SENS_EVENT_MEASURE,62 cm,3580 mV,8 C,1 Degree,89 Times,
2434,3006994,70B3D50070001777,1608997405030,FES Receiver,2020-12-26 16:43:24.924799,"['SS', 'Standalone', 'version_184']",70001777,SENS_EVENT_MEASURE,64 cm,3580 mV,8 C,0 Degree,90 Times,
2433,3007274,70B3D50070001777,1609001004909,FES Receiver,2020-12-26 17:43:24.801021,"['SS', 'Standalone', 'version_184']",70001777,SENS_EVENT_MEASURE,62 cm,3580 mV,6 C,0 Degree,91 Times,
2432,3007580,70B3D50070001777,1609004604829,FES Receiver,2020-12-26 18:43:24.695839,"['SS', 'Standalone', 'version_184']",70001777,SENS_EVENT_MEASURE,62 cm,3580 mV,9 C,0 Degree,92 Times,
2431,3007856,70B3D50070001777,1609008206185,FES Receiver,2020-12-26 19:43:26.379352,"['SS', 'Standalone', 'version_184']",70001777,SENS_EVENT_MEASURE,62 cm,3580 mV,7 C,0 Degree,93 Times,
2430,3008143,70B3D50070001777,1609011806111,FES Receiver,2020-12-26 20:43:26.295203,"['SS', 'Standalone', 'version_184']",70001777,SENS_EVENT_MEASURE,62 cm,3580 mV,10 C,0 Degree,94 Times,
2429,3008711,70B3D50070001777,1609019005864,FES Receiver,2020-12-26 22:43:26.014362,"['SS', 'Standalone', 'version_184']",70001777,SENS_EVENT_MEASURE,62 cm,3570 mV,8 C,0 Degree,96 Times,
2428,3008989,70B3D50070001777,1609022605784,FES Receiver,2020-12-26 23:43:25.919364,"['SS', 'Standalone', 'version_184']",70001777,SENS_EVENT_MEASURE,62 cm,3570 mV,7 C,0 Degree,97 Times,
2427,3009265,70B3D50070001777,1609026205703,FES Receiver,2020-12-27 00:43:25.824207,"['SS', 'Standalone', 'version_184']",70001777,SENS_EVENT_MEASURE,62 cm,3570 mV,7 C,0 Degree,98 Times,
2426,3009569,70B3D50070001777,1609029805643,FES Receiver,2020-12-27 01:43:25.752406,"['SS', 'Standalone', 'version_184']",70001777,SENS_EVENT_MEASURE,62 cm,3570 mV,7 C,1 Degree,99 Times,
2425,3009857,70B3D50070001777,1609033405562,FES Receiver,2020-12-27 02:43:25.657394,"['SS', 'Standalone', 'version_184']",70001777,SENS_EVENT_MEASURE,62 cm,3560 mV,8 C,0 Degree,100 Times,
2424,3010154,70B3D50070001777,1609037005502,FES Receiver,2020-12-27 03:43:25.581365,"['SS', 'Standalone', 'version_184']",70001777,SENS_EVENT_MEASURE,62 cm,3570 mV,6 C,0 Degree,101 Times,
2423,3010461,70B3D50070001777,1609040605447,FES Receiver,2020-12-27 04:43:25.523648,"['SS', 'Standalone', 'version_184']",70001777,SENS_EVENT_MEASURE,62 cm,3570 mV,6 C,1 Degree,102 Times,
2422,3010751,70B3D50070001777,1609044205367,FES Receiver,2020-12-27 05:43:25.432201,"['SS', 'Standalone', 'version_184']",70001777,SENS_EVENT_MEASURE,62 cm,3570 mV,5 C,0 Degree,103 Times,
2421,3011043,70B3D50070001777,1609047805320,FES Receiver,2020-12-27 06:43:25.357203,"['SS', 'Standalone', 'version_184']",70001777,SENS_EVENT_MEASURE,62 cm,3570 mV,6 C,0 Degree,104 Times,
2420,3011343,70B3D50070001777,1609051405246,FES Receiver,2020-12-27 07:43:25.269264,"['SS', 'Standalone', 'version_184']",70001777,SENS_EVENT_MEASURE,62 cm,3570 mV,6 C,0 Degree,105 Times,
2419,3011634,70B3D50070001777,1609055005179,FES Receiver,2020-12-27 08:43:25.198227,"['SS', 'Standalone', 'version_184']",70001777,SENS_EVENT_MEASURE,62 cm,3570 mV,7 C,0 Degree,106 Times,
2418,3012209,70B3D50070001777,1609062205038,FES Receiver,2020-12-27 10:43:25.028571,"['SS', 'Standalone', 'version_184']",70001777,SENS_EVENT_MEASURE,64 cm,3570 mV,7 C,0 Degree,108 Times,
2417,3012460,70B3D50070001777,1609065805084,FES Receiver,2020-12-27 11:43:25.052178,"['SS', 'Standalone', 'version_184']",70001777,SENS_EVENT_MEASURE,64 cm,3570 mV,7 C,0 Degree,109 Times,
2416,3012730,70B3D50070001777,1609069405026,FES Receiver,2020-12-27 12:43:24.997233,"['SS', 'Standalone', 'version_184']",70001777,SENS_EVENT_MEASURE,60 cm,3580 mV,10 C,0 Degree,110 Times,
2415,3013297,70B3D50070001777,1609076604835,FES Receiver,2020-12-27 14:43:24.759247,"['SS', 'Standalone', 'version_184']",70001777,SENS_EVENT_MEASURE,62 cm,3580 mV,9 C,0 Degree,112 Times,
2414,3013571,70B3D50070001777,1609080204774,FES Receiver,2020-12-27 15:43:24.686193,"['SS', 'Standalone', 'version_184']",70001777,SENS_EVENT_MEASURE,60 cm,3580 mV,10 C,0 Degree,113 Times,
2413,3013876,70B3D50070001777,1609083804675,FES Receiver,2020-12-27 16:43:24.578335,"['SS', 'Standalone', 'version_184']",70001777,SENS_EVENT_MEASURE,58 cm,3580 mV,8 C,0 Degree,114 Times,
2412,3014145,70B3D50070001777,1609087404577,FES Receiver,2020-12-27 17:43:24.459369,"['SS', 'Standalone', 'version_184']",70001777,SENS_EVENT_MEASURE,58 cm,3580 mV,9 C,0 Degree,115 Times,
2411,3014425,70B3D50070001777,1609091004473,FES Receiver,2020-12-27 18:43:24.352277,"['SS', 'Standalone', 'version_184']",70001777,SENS_EVENT_MEASURE,64 cm,3580 mV,9 C,0 Degree,116 Times,
2410,3014708,70B3D50070001777,1609094605831,FES Receiver,2020-12-27 19:43:26.032758,"['SS', 'Standalone', 'version_184']",70001777,SENS_EVENT_MEASURE,64 cm,3580 mV,7 C,0 Degree,117 Times,
2409,3015096,70B3D50070001777,1609101805662,FES Receiver,2020-12-27 21:43:25.825703,"['SS', 'Standalone', 'version_184']",70001777,SENS_EVENT_MEASURE,64 cm,3580 mV,8 C,0 Degree,119 Times,
2408,3015397,70B3D50070001777,1609105405581,FES Receiver,2020-12-27 22:43:25.755583,"['SS', 'Standalone', 'version_184']",70001777,SENS_EVENT_MEASURE,64 cm,3580 mV,6 C,0 Degree,120 Times,
2407,3015684,70B3D50070001777,1609109005500,FES Receiver,2020-12-27 23:43:25.636723,"['SS', 'Standalone', 'version_184']",70001777,SENS_EVENT_MEASURE,64 cm,3580 mV,10 C,0 Degree,121 Times,
2406,3015971,70B3D50070001777,1609112605419,FES Receiver,2020-12-28 00:43:25.541624,"['SS', 'Standalone', 'version_184']",70001777,SENS_EVENT_MEASURE,64 cm,3580 mV,9 C,0 Degree,122 Times,
2405,3016273,70B3D50070001777,1609116205338,FES Receiver,2020-12-28 01:43:25.472999,"['SS', 'Standalone', 'version_184']",70001777,SENS_EVENT_MEASURE,64 cm,3580 mV,9 C,0 Degree,123 Times,
2404,3016565,70B3D50070001777,1609119805157,FES Receiver,2020-12-28 02:43:25.251591,"['SS', 'Standalone', 'version_184']",70001777,SENS_EVENT_MEASURE,64 cm,3580 mV,10 C,0 Degree,124 Times,
2403,3016851,70B3D50070001777,1609123405056,FES Receiver,2020-12-28 03:43:25.136664,"['SS', 'Standalone', 'version_184']",70001777,SENS_EVENT_MEASURE,64 cm,3580 mV,9 C,0 Degree,125 Times,
2402,3017152,70B3D50070001777,1609127008956,FES Receiver,2020-12-28 04:43:29.119856,"['SS', 'Standalone', 'version_184']",70001777,SENS_EVENT_MEASURE,64 cm,3580 mV,8 C,0 Degree,126 Times,
2401,3017432,70B3D50070001777,1609130604875,FES Receiver,2020-12-28 05:43:24.931291,"['SS', 'Standalone', 'version_184']",70001777,SENS_EVENT_MEASURE,64 cm,3580 mV,8 C,0 Degree,127 Times,
2400,3017716,70B3D50070001777,1609134204774,FES Receiver,2020-12-28 06:43:24.812476,"['SS', 'Standalone', 'version_184']",70001777,SENS_EVENT_MEASURE,64 cm,3580 mV,9 C,0 Degree,128 Times,
2399,3017992,70B3D50070001777,1609137804693,FES Receiver,2020-12-28 07:43:24.72861,"['SS', 'Standalone', 'version_184']",70001777,SENS_EVENT_MEASURE,64 cm,3580 mV,8 C,1 Degree,129 Times,
2398,3018281,70B3D50070001777,1609141404832,FES Receiver,2020-12-28 08:43:24.842781,"['SS', 'Standalone', 'version_184']",70001777,SENS_EVENT_MEASURE,56 cm,3580 mV,8 C,0 Degree,130 Times,
2397,3018559,70B3D50070001777,1609145004531,FES Receiver,2020-12-28 09:43:24.559659,"['SS', 'Standalone', 'version_184']",70001777,SENS_EVENT_MEASURE,54 cm,3580 mV,8 C,0 Degree,131 Times,
2396,3018840,70B3D50070001777,1609148604411,FES Receiver,2020-12-28 10:43:24.391797,"['SS', 'Standalone', 'version_184']",70001777,SENS_EVENT_MEASURE,52 cm,3590 mV,10 C,0 Degree,132 Times,
2395,3019183,70B3D50070001777,1609152204310,FES Receiver,2020-12-28 11:43:24.278071,"['SS', 'Standalone', 'version_184']",70001777,SENS_EVENT_MEASURE,48 cm,3590 mV,10 C,0 Degree,133 Times,
2394,3019558,70B3D50070001777,1609155804435,FES Receiver,2020-12-28 12:43:24.400128,"['SS', 'Standalone', 'version_184']",70001777,SENS_EVENT_MEASURE,124 cm,3590 mV,12 C,5 Degree,134 Times,
2393,3019946,70B3D50070001777,1609159404329,FES Receiver,2020-12-28 13:43:24.268767,"['SS', 'Standalone', 'version_184']",70001777,SENS_EVENT_MEASURE,132 cm,3590 mV,11 C,0 Degree,135 Times,
2392,3020768,70B3D50070001777,1609166604107,FES Receiver,2020-12-28 15:43:24.051671,"['SS', 'Standalone', 'version_184']",70001777,SENS_EVENT_MEASURE,134 cm,3590 mV,10 C,0 Degree,137 Times,
2391,3021152,70B3D50070001777,1609170204025,FES Receiver,2020-12-28 16:43:23.92975,"['SS', 'Standalone', 'version_184']",70001777,SENS_EVENT_MEASURE,124 cm,3590 mV,10 C,0 Degree,138 Times,
2390,3021532,70B3D50070001777,1609173803925,FES Receiver,2020-12-28 17:43:23.816817,"['SS', 'Standalone', 'version_184']",70001777,SENS_EVENT_MEASURE,134 cm,3580 mV,7 C,0 Degree,139 Times,
2389,3021929,70B3D50070001777,1609177403844,FES Receiver,2020-12-28 18:43:23.712793,"['SS', 'Standalone', 'version_184']",70001777,SENS_EVENT_MEASURE,124 cm,3580 mV,10 C,0 Degree,140 Times,
2388,3022315,70B3D50070001777,1609181005223,FES Receiver,2020-12-28 19:43:25.418159,"['SS', 'Standalone', 'version_184']",70001777,SENS_EVENT_MEASURE,124 cm,3580 mV,8 C,1 Degree,141 Times,
2387,3022698,70B3D50070001777,1609184605128,FES Receiver,2020-12-28 20:43:25.313208,"['SS', 'Standalone', 'version_184']",70001777,SENS_EVENT_MEASURE,134 cm,3580 mV,8 C,0 Degree,142 Times,
2386,3023089,70B3D50070001777,1609188205067,FES Receiver,2020-12-28 21:43:25.235143,"['SS', 'Standalone', 'version_184']",70001777,SENS_EVENT_MEASURE,134 cm,3580 mV,9 C,0 Degree,143 Times,
2385,3023475,70B3D50070001777,1609191804986,FES Receiver,2020-12-28 22:43:25.139126,"['SS', 'Standalone', 'version_184']",70001777,SENS_EVENT_MEASURE,132 cm,3570 mV,7 C,0 Degree,144 Times,
2384,3023868,70B3D50070001777,1609195404899,FES Receiver,2020-12-28 23:43:25.043331,"['SS', 'Standalone', 'version_184']",70001777,SENS_EVENT_MEASURE,124 cm,3580 mV,7 C,0 Degree,145 Times,
2383,3024283,70B3D50070001777,1609199004825,FES Receiver,2020-12-29 00:43:24.959175,"['SS', 'Standalone', 'version_184']",70001777,SENS_EVENT_MEASURE,124 cm,3570 mV,7 C,0 Degree,146 Times,
2382,3025078,70B3D50070001777,1609206204677,FES Receiver,2020-12-29 02:43:24.781166,"['SS', 'Standalone', 'version_184']",70001777,SENS_EVENT_MEASURE,124 cm,3570 mV,7 C,0 Degree,148 Times,
2381,3025468,70B3D50070001777,1609209804602,FES Receiver,2020-12-29 03:43:24.684145,"['SS', 'Standalone', 'version_184']",70001777,SENS_EVENT_MEASURE,124 cm,3570 mV,7 C,0 Degree,149 Times,
2380,3025868,70B3D50070001777,1609213404535,FES Receiver,2020-12-29 04:43:24.630358,"['SS', 'Standalone', 'version_184']",70001777,SENS_EVENT_MEASURE,124 cm,3580 mV,8 C,0 Degree,150 Times,
2379,3026263,70B3D50070001777,1609217004454,FES Receiver,2020-12-29 05:43:24.521025,"['SS', 'Standalone', 'version_184']",70001777,SENS_EVENT_MEASURE,134 cm,3580 mV,8 C,0 Degree,151 Times,
2378,3026658,70B3D50070001777,1609220604374,FES Receiver,2020-12-29 06:43:24.424975,"['SS', 'Standalone', 'version_184']",70001777,SENS_EVENT_MEASURE,124 cm,3580 mV,6 C,0 Degree,152 Times,
2377,3027043,70B3D50070001777,1609224204293,FES Receiver,2020-12-29 07:43:24.322086,"['SS', 'Standalone', 'version_184']",70001777,SENS_EVENT_MEASURE,124 cm,3580 mV,8 C,0 Degree,153 Times,
2376,3027563,70B3D50070001777,1609231404131,FES Receiver,2020-12-29 09:43:24.128111,"['SS', 'Standalone', 'version_184']",70001777,SENS_EVENT_MEASURE,122 cm,3580 mV,7 C,0 Degree,155 Times,
2375,3027983,70B3D50070001777,1609235004051,FES Receiver,2020-12-29 10:43:24.044987,"['SS', 'Standalone', 'version_184']",70001777,SENS_EVENT_MEASURE,130 cm,3580 mV,8 C,0 Degree,156 Times,
2374,3028375,70B3D50070001777,1609238603970,FES Receiver,2020-12-29 11:43:23.938044,"['SS', 'Standalone', 'version_184']",70001777,SENS_EVENT_MEASURE,130 cm,3580 mV,9 C,0 Degree,157 Times,
2373,3028669,70B3D50070001777,1609242203749,FES Receiver,2020-12-29 12:43:23.713145,"['SS', 'Standalone', 'version_184']",70001777,SENS_EVENT_MEASURE,124 cm,3590 mV,10 C,0 Degree,158 Times,
2372,3028949,70B3D50070001777,1609245803769,FES Receiver,2020-12-29 13:43:23.71011,"['SS', 'Standalone', 'version_184']",70001777,SENS_EVENT_MEASURE,114 cm,3590 mV,8 C,0 Degree,159 Times,
2371,3029213,70B3D50070001777,1609249403668,FES Receiver,2020-12-29 14:43:23.607346,"['SS', 'Standalone', 'version_184']",70001777,SENS_EVENT_MEASURE,120 cm,3590 mV,12 C,0 Degree,160 Times,
2370,3029488,70B3D50070001777,1609253003447,FES Receiver,2020-12-29 15:43:23.360954,"['SS', 'Standalone', 'version_184']",70001777,SENS_EVENT_MEASURE,116 cm,3590 mV,11 C,0 Degree,161 Times,
2369,3029761,70B3D50070001777,1609256603487,FES Receiver,2020-12-29 16:43:23.391098,"['SS', 'Standalone', 'version_184']",70001777,SENS_EVENT_MEASURE,114 cm,3590 mV,8 C,0 Degree,162 Times,
2368,3030029,70B3D50070001777,1609260203386,FES Receiver,2020-12-29 17:43:23.271093,"['SS', 'Standalone', 'version_184']",70001777,SENS_EVENT_MEASURE,112 cm,3590 mV,9 C,1 Degree,163 Times,
2367,3030317,70B3D50070001777,1609263803305,FES Receiver,2020-12-29 18:43:23.187443,"['SS', 'Standalone', 'version_184']",70001777,SENS_EVENT_MEASURE,114 cm,3580 mV,9 C,0 Degree,164 Times,
2366,3030849,70B3D50070001777,1609271004530,FES Receiver,2020-12-29 20:43:24.753237,"['SS', 'Standalone', 'version_184']",70001777,SENS_EVENT_MEASURE,114 cm,3580 mV,8 C,0 Degree,166 Times,
2365,3031140,70B3D50070001777,1609274604458,FES Receiver,2020-12-29 21:43:24.623528,"['SS', 'Standalone', 'version_184']",70001777,SENS_EVENT_MEASURE,114 cm,3580 mV,7 C,0 Degree,167 Times,
2364,3031412,70B3D50070001777,1609278204368,FES Receiver,2020-12-29 22:43:24.521492,"['SS', 'Standalone', 'version_184']",70001777,SENS_EVENT_MEASURE,114 cm,3580 mV,7 C,0 Degree,168 Times,
2363,3031695,70B3D50070001777,1609281804288,FES Receiver,2020-12-29 23:43:24.451351,"['SS', 'Standalone', 'version_184']",70001777,SENS_EVENT_MEASURE,116 cm,3580 mV,8 C,0 Degree,169 Times,
2362,3032262,70B3D50070001777,1609288984127,FES Receiver,2020-12-30 01:43:04.240777,"['SS', 'Standalone', 'version_184']",70001777,SENS_EVENT_MEASURE,116 cm,3580 mV,8 C,0 Degree,171 Times,
2361,3032561,70B3D50070001777,1609292584050,FES Receiver,2020-12-30 02:43:04.144628,"['SS', 'Standalone', 'version_184']",70001777,SENS_EVENT_MEASURE,114 cm,3580 mV,8 C,0 Degree,172 Times,
2360,3033155,70B3D50070001777,1609299783866,FES Receiver,2020-12-30 04:43:03.935754,"['SS', 'Standalone', 'version_184']",70001777,SENS_EVENT_MEASURE,114 cm,3580 mV,9 C,0 Degree,174 Times,
2359,3033446,70B3D50070001777,1609303383785,FES Receiver,2020-12-30 05:43:03.842709,"['SS', 'Standalone', 'version_184']",70001777,SENS_EVENT_MEASURE,116 cm,3580 mV,9 C,0 Degree,175 Times,
2358,3033727,70B3D50070001777,1609306983705,FES Receiver,2020-12-30 06:43:03.782344,"['SS', 'Standalone', 'version_184']",70001777,SENS_EVENT_MEASURE,116 cm,3580 mV,9 C,0 Degree,176 Times,
2357,3034288,70B3D50070001777,1609314183524,FES Receiver,2020-12-30 08:43:03.727257,"['SS', 'Standalone', 'version_184']",70001777,SENS_EVENT_MEASURE,122 cm,3580 mV,9 C,0 Degree,178 Times,
2356,3034564,70B3D50070001777,1609317783444,FES Receiver,2020-12-30 09:43:03.438582,"['SS', 'Standalone', 'version_184']",70001777,SENS_EVENT_MEASURE,112 cm,3580 mV,9 C,1 Degree,179 Times,
2355,3034827,70B3D50070001777,1609321383343,FES Receiver,2020-12-30 10:43:03.329714,"['SS', 'Standalone', 'version_184']",70001777,SENS_EVENT_MEASURE,106 cm,3580 mV,9 C,0 Degree,180 Times,
2354,3035136,70B3D50070001777,1609324983123,FES Receiver,2020-12-30 11:43:03.115607,"['SS', 'Standalone', 'version_184']",70001777,SENS_EVENT_MEASURE,102 cm,3590 mV,8 C,0 Degree,181 Times,
2353,3035534,70B3D50070001777,1609328583148,FES Receiver,2020-12-30 12:43:03.109657,"['SS', 'Standalone', 'version_184']",70001777,SENS_EVENT_MEASURE,106 cm,3590 mV,10 C,0 Degree,182 Times,
2352,3036329,70B3D50070001777,1609335782940,FES Receiver,2020-12-30 14:43:02.86665,"['SS', 'Standalone', 'version_184']",70001777,SENS_EVENT_MEASURE,106 cm,3590 mV,10 C,0 Degree,184 Times,
2351,3036737,70B3D50070001777,1609339382845,FES Receiver,2020-12-30 15:43:02.764557,"['SS', 'Standalone', 'version_184']",70001777,SENS_EVENT_MEASURE,100 cm,3590 mV,11 C,0 Degree,185 Times,
2350,3037290,70B3D50070001777,1609346582537,FES Receiver,2020-12-30 17:43:02.430686,"['SS', 'Standalone', 'version_184']",70001777,SENS_EVENT_MEASURE,100 cm,3590 mV,9 C,0 Degree,187 Times,
2349,3037674,70B3D50070001777,1609350182577,FES Receiver,2020-12-30 18:43:02.447652,"['SS', 'Standalone', 'version_184']",70001777,SENS_EVENT_MEASURE,102 cm,3580 mV,8 C,0 Degree,188 Times,
2348,3038057,70B3D50070001777,1609353783965,FES Receiver,2020-12-30 19:43:04.161928,"['SS', 'Standalone', 'version_184']",70001777,SENS_EVENT_MEASURE,96 cm,3580 mV,7 C,2 Degree,189 Times,
2347,3038819,70B3D50070001777,1609360983788,FES Receiver,2020-12-30 21:43:03.968108,"['SS', 'Standalone', 'version_184']",70001777,SENS_EVENT_MEASURE,96 cm,3570 mV,7 C,0 Degree,191 Times,
2346,3039228,70B3D50070001777,1609364583728,FES Receiver,2020-12-30 22:43:03.883062,"['SS', 'Standalone', 'version_184']",70001777,SENS_EVENT_MEASURE,96 cm,3580 mV,7 C,1 Degree,192 Times,
2345,3039976,70B3D50070001777,1609371783565,FES Receiver,2020-12-31 00:43:03.694078,"['SS', 'Standalone', 'version_184']",70001777,SENS_EVENT_MEASURE,96 cm,3570 mV,7 C,0 Degree,194 Times,
2344,3040380,70B3D50070001777,1609375383504,FES Receiver,2020-12-31 01:43:03.62007,"['SS', 'Standalone', 'version_184']",70001777,SENS_EVENT_MEASURE,98 cm,3580 mV,7 C,0 Degree,195 Times,
2343,3040757,70B3D50070001777,1609378983283,FES Receiver,2020-12-31 02:43:03.392075,"['SS', 'Standalone', 'version_184']",70001777,SENS_EVENT_MEASURE,98 cm,3580 mV,8 C,0 Degree,196 Times,
2342,3041168,70B3D50070001777,1609382583382,FES Receiver,2020-12-31 03:43:03.480347,"['SS', 'Standalone', 'version_184']",70001777,SENS_EVENT_MEASURE,98 cm,3570 mV,7 C,0 Degree,197 Times,
2341,3041596,70B3D50070001777,1609386183328,FES Receiver,2020-12-31 04:43:03.405059,"['SS', 'Standalone', 'version_184']",70001777,SENS_EVENT_MEASURE,98 cm,3570 mV,7 C,0 Degree,198 Times,
2340,3041981,70B3D50070001777,1609389783240,FES Receiver,2020-12-31 05:43:03.303408,"['SS', 'Standalone', 'version_184']",70001777,SENS_EVENT_MEASURE,98 cm,3570 mV,7 C,0 Degree,199 Times,
2339,3042697,70B3D50070001777,1609396983045,FES Receiver,2020-12-31 07:43:03.087063,"['SS', 'Standalone', 'version_184']",70001777,SENS_EVENT_MEASURE,98 cm,3580 mV,7 C,0 Degree,201 Times,
2338,3042993,70B3D50070001777,1609400583018,FES Receiver,2020-12-31 08:43:03.045051,"['SS', 'Standalone', 'version_184']",70001777,SENS_EVENT_MEASURE,96 cm,3580 mV,8 C,0 Degree,202 Times,
2337,3043278,70B3D50070001777,1609404182943,FES Receiver,2020-12-31 09:43:02.946983,"['SS', 'Standalone', 'version_184']",70001777,SENS_EVENT_MEASURE,98 cm,3580 mV,8 C,0 Degree,203 Times,
2336,3043563,70B3D50070001777,1609407782856,FES Receiver,2020-12-31 10:43:02.845009,"['SS', 'Standalone', 'version_184']",70001777,SENS_EVENT_MEASURE,98 cm,3580 mV,8 C,0 Degree,204 Times,
2335,3043828,70B3D50070001777,1609411382781,FES Receiver,2020-12-31 11:43:02.761285,"['SS', 'Standalone', 'version_184']",70001777,SENS_EVENT_MEASURE,102 cm,3580 mV,10 C,0 Degree,205 Times,
2334,3044113,70B3D50070001777,1609414982694,FES Receiver,2020-12-31 12:43:02.655853,"['SS', 'Standalone', 'version_184']",70001777,SENS_EVENT_MEASURE,96 cm,3580 mV,8 C,0 Degree,206 Times,
2333,3044393,70B3D50070001777,1609418582613,FES Receiver,2020-12-31 13:43:02.562347,"['SS', 'Standalone', 'version_184']",70001777,SENS_EVENT_MEASURE,102 cm,3580 mV,6 C,0 Degree,207 Times,
2332,3044958,70B3D50070001777,1609425782452,FES Receiver,2020-12-31 15:43:02.383889,"['SS', 'Standalone', 'version_184']",70001777,SENS_EVENT_MEASURE,104 cm,3580 mV,7 C,0 Degree,209 Times,
2331,3045232,70B3D50070001777,1609429382251,FES Receiver,2020-12-31 16:43:02.157853,"['SS', 'Standalone', 'version_184']",70001777,SENS_EVENT_MEASURE,92 cm,3580 mV,8 C,1 Degree,210 Times,
2330,3045515,70B3D50070001777,1609432982290,FES Receiver,2020-12-31 17:43:02.184039,"['SS', 'Standalone', 'version_184']",70001777,SENS_EVENT_MEASURE,80 cm,3580 mV,8 C,0 Degree,211 Times,
2329,3045809,70B3D50070001777,1609436582209,FES Receiver,2020-12-31 18:43:02.092107,"['SS', 'Standalone', 'version_184']",70001777,SENS_EVENT_MEASURE,82 cm,3580 mV,6 C,0 Degree,212 Times,
2328,3046094,70B3D50070001777,1609440183620,FES Receiver,2020-12-31 19:43:03.823469,"['SS', 'Standalone', 'version_184']",70001777,SENS_EVENT_MEASURE,88 cm,3580 mV,9 C,0 Degree,213 Times,
2327,3046362,70B3D50070001777,1609443783533,FES Receiver,2020-12-31 20:43:03.723457,"['SS', 'Standalone', 'version_184']",70001777,SENS_EVENT_MEASURE,82 cm,3580 mV,8 C,1 Degree,214 Times,
2326,3046643,70B3D50070001777,1609447383453,FES Receiver,2020-12-31 21:43:03.619665,"['SS', 'Standalone', 'version_184']",70001777,SENS_EVENT_MEASURE,86 cm,3580 mV,8 C,0 Degree,215 Times,
2325,3046906,70B3D50070001777,1609450983378,FES Receiver,2020-12-31 22:43:03.535317,"['SS', 'Standalone', 'version_184']",70001777,SENS_EVENT_MEASURE,86 cm,3580 mV,8 C,1 Degree,216 Times,
2324,3047170,70B3D50070001777,1609454583291,FES Receiver,2020-12-31 23:43:03.469652,"['SS', 'Standalone', 'version_184']",70001777,SENS_EVENT_MEASURE,86 cm,3580 mV,7 C,0 Degree,217 Times,
2323,3047444,70B3D50070001777,1609458183212,FES Receiver,2021-01-01 00:43:03.355302,"['SS', 'Standalone', 'version_184']",70001777,SENS_EVENT_MEASURE,84 cm,3580 mV,10 C,0 Degree,218 Times,
2322,3047726,70B3D50070001777,1609461783130,FES Receiver,2021-01-01 01:43:03.248964,"['SS', 'Standalone', 'version_184']",70001777,SENS_EVENT_MEASURE,84 cm,3580 mV,9 C,0 Degree,219 Times,
2321,3047919,70B3D50070001777,1609465383049,FES Receiver,2021-01-01 02:43:03.169345,"['SS', 'Standalone', 'version_184']",70001777,SENS_EVENT_MEASURE,76 cm,3580 mV,7 C,0 Degree,220 Times,
2320,3048201,70B3D50070001777,1609468982968,FES Receiver,2021-01-01 03:43:03.050418,"['SS', 'Standalone', 'version_184']",70001777,SENS_EVENT_MEASURE,86 cm,3580 mV,6 C,0 Degree,221 Times,
2319,3048520,70B3D50070001777,1609472582887,FES Receiver,2021-01-01 04:43:02.954448,"['SS', 'Standalone', 'version_184']",70001777,SENS_EVENT_MEASURE,86 cm,3580 mV,7 C,0 Degree,222 Times,
2318,3048806,70B3D50070001777,1609476182836,FES Receiver,2021-01-01 05:43:02.93738,"['SS', 'Standalone', 'version_184']",70001777,SENS_EVENT_MEASURE,88 cm,3580 mV,9 C,0 Degree,223 Times,
2317,3049096,70B3D50070001777,1609479782748,FES Receiver,2021-01-01 06:43:02.788374,"['SS', 'Standalone', 'version_184']",70001777,SENS_EVENT_MEASURE,86 cm,3580 mV,10 C,0 Degree,224 Times,
2316,3049365,70B3D50070001777,1609483382651,FES Receiver,2021-01-01 07:43:02.698667,"['SS', 'Standalone', 'version_184']",70001777,SENS_EVENT_MEASURE,86 cm,3580 mV,8 C,0 Degree,225 Times,
2315,3049635,70B3D50070001777,1609486982524,FES Receiver,2021-01-01 08:43:02.536476,"['SS', 'Standalone', 'version_184']",70001777,SENS_EVENT_MEASURE,84 cm,3580 mV,7 C,0 Degree,226 Times,
2314,3050492,70B3D50070001777,1609497782263,FES Receiver,2021-01-01 11:43:02.23949,"['SS', 'Standalone', 'version_184']",70001777,SENS_EVENT_MEASURE,86 cm,3580 mV,9 C,0 Degree,229 Times,
2313,3050764,70B3D50070001777,1609501382182,FES Receiver,2021-01-01 12:43:02.171089,"['SS', 'Standalone', 'version_184']",70001777,SENS_EVENT_MEASURE,90 cm,3580 mV,9 C,0 Degree,230 Times,
2312,3051040,70B3D50070001777,1609504981968,FES Receiver,2021-01-01 13:43:01.921301,"['SS', 'Standalone', 'version_184']",70001777,SENS_EVENT_MEASURE,74 cm,3590 mV,9 C,0 Degree,231 Times,
2311,3051333,70B3D50070001777,1609508581833,FES Receiver,2021-01-01 14:43:01.769433,"['SS', 'Standalone', 'version_184']",70001777,SENS_EVENT_MEASURE,74 cm,3590 mV,9 C,0 Degree,232 Times,
2310,3051634,70B3D50070001777,1609512181901,FES Receiver,2021-01-01 15:43:01.815404,"['SS', 'Standalone', 'version_184']",70001777,SENS_EVENT_MEASURE,76 cm,3590 mV,8 C,0 Degree,233 Times,
2309,3053177,70B3D50070001777,1609530182753,FES Receiver,2021-01-01 20:43:02.949869,"['SS', 'Standalone', 'version_184']",70001777,SENS_EVENT_MEASURE,74 cm,3580 mV,8 C,0 Degree,238 Times,
2308,3053513,70B3D50070001777,1609533782673,FES Receiver,2021-01-01 21:43:02.853481,"['SS', 'Standalone', 'version_184']",70001777,SENS_EVENT_MEASURE,74 cm,3580 mV,10 C,0 Degree,239 Times,
2307,3053849,70B3D50070001777,1609537382598,FES Receiver,2021-01-01 22:43:02.785356,"['SS', 'Standalone', 'version_184']",70001777,SENS_EVENT_MEASURE,76 cm,3580 mV,10 C,0 Degree,240 Times,
2306,3054166,70B3D50070001777,1609540982532,FES Receiver,2021-01-01 23:43:02.672649,"['SS', 'Standalone', 'version_184']",70001777,SENS_EVENT_MEASURE,76 cm,3580 mV,7 C,1 Degree,241 Times,
2305,3055746,70B3D50070001777,1609558982168,FES Receiver,2021-01-02 04:43:02.254866,"['SS', 'Standalone', 'version_184']",70001777,SENS_EVENT_MEASURE,74 cm,3570 mV,5 C,0 Degree,246 Times,
2304,3056083,70B3D50070001777,1609562582090,FES Receiver,2021-01-02 05:43:02.183916,"['SS', 'Standalone', 'version_184']",70001777,SENS_EVENT_MEASURE,74 cm,3570 mV,7 C,0 Degree,247 Times,
2303,3056413,70B3D50070001777,1609566182027,FES Receiver,2021-01-02 06:43:02.071635,"['SS', 'Standalone', 'version_184']",70001777,SENS_EVENT_MEASURE,74 cm,3570 mV,7 C,0 Degree,248 Times,
2302,3057360,70B3D50070001777,1609576982007,FES Receiver,2021-01-02 09:43:02.016602,"['SS', 'Standalone', 'version_184']",70001777,SENS_EVENT_MEASURE,124 cm,3570 mV,7 C,0 Degree,251 Times,
2301,3057688,70B3D50070001777,1609580581925,FES Receiver,2021-01-02 10:43:01.912604,"['SS', 'Standalone', 'version_184']",70001777,SENS_EVENT_MEASURE,132 cm,3580 mV,9 C,0 Degree,252 Times,
2300,3057890,70B3D50070001777,1609584181684,FES Receiver,2021-01-02 11:43:01.665618,"['SS', 'Standalone', 'version_184']",70001777,SENS_EVENT_MEASURE,124 cm,3580 mV,11 C,0 Degree,253 Times,
2299,3058502,70B3D50070001777,1609591381623,FES Receiver,2021-01-02 13:43:01.585477,"['SS', 'Standalone', 'version_184']",70001777,SENS_EVENT_MEASURE,134 cm,3590 mV,11 C,0 Degree,255 Times,
2298,3058799,70B3D50070001777,1609594981529,FES Receiver,2021-01-02 14:43:01.459606,"['SS', 'Standalone', 'version_184']",70001777,SENS_EVENT_MEASURE,130 cm,3590 mV,12 C,0 Degree,0 Times,
2297,3059113,70B3D50070001777,1609598581442,FES Receiver,2021-01-02 15:43:01.359604,"['SS', 'Standalone', 'version_184']",70001777,SENS_EVENT_MEASURE,128 cm,3590 mV,10 C,0 Degree,1 Times,
2296,3059422,70B3D50070001777,1609602181342,FES Receiver,2021-01-02 16:43:01.244602,"['SS', 'Standalone', 'version_184']",70001777,SENS_EVENT_MEASURE,126 cm,3580 mV,8 C,0 Degree,2 Times,
2295,3059729,70B3D50070001777,1609605781261,FES Receiver,2021-01-02 17:43:01.155629,"['SS', 'Standalone', 'version_184']",70001777,SENS_EVENT_MEASURE,122 cm,3580 mV,9 C,1 Degree,3 Times,
2294,3060032,70B3D50070001777,1609609381167,FES Receiver,2021-01-02 18:43:01.041575,"['SS', 'Standalone', 'version_184']",70001777,SENS_EVENT_MEASURE,128 cm,3580 mV,8 C,0 Degree,4 Times,
2293,3060344,70B3D50070001777,1609612982553,FES Receiver,2021-01-02 19:43:02.752719,"['SS', 'Standalone', 'version_184']",70001777,SENS_EVENT_MEASURE,128 cm,3580 mV,9 C,0 Degree,5 Times,
2292,3060650,70B3D50070001777,1609616582479,FES Receiver,2021-01-02 20:43:02.659711,"['SS', 'Standalone', 'version_184']",70001777,SENS_EVENT_MEASURE,126 cm,3570 mV,6 C,0 Degree,6 Times,
2291,3060955,70B3D50070001777,1609620182412,FES Receiver,2021-01-02 21:43:02.579734,"['SS', 'Standalone', 'version_184']",70001777,SENS_EVENT_MEASURE,126 cm,3570 mV,5 C,0 Degree,7 Times,
2290,3061276,70B3D50070001777,1609623782356,FES Receiver,2021-01-02 22:43:02.520054,"['SS', 'Standalone', 'version_184']",70001777,SENS_EVENT_MEASURE,126 cm,3570 mV,5 C,0 Degree,8 Times,
2289,3061583,70B3D50070001777,1609627382471,FES Receiver,2021-01-02 23:43:02.608705,"['SS', 'Standalone', 'version_184']",70001777,SENS_EVENT_MEASURE,126 cm,3560 mV,3 C,0 Degree,9 Times,
2288,3061888,70B3D50070001777,1609630982391,FES Receiver,2021-01-03 00:43:02.524741,"['SS', 'Standalone', 'version_184']",70001777,SENS_EVENT_MEASURE,126 cm,3570 mV,4 C,0 Degree,10 Times,
2287,3062547,70B3D50070001777,1609638182270,FES Receiver,2021-01-03 02:43:02.365703,"['SS', 'Standalone', 'version_184']",70001777,SENS_EVENT_MEASURE,128 cm,3570 mV,6 C,1 Degree,12 Times,
2286,3062867,70B3D50070001777,1609641782210,FES Receiver,2021-01-03 03:43:02.290681,"['SS', 'Standalone', 'version_184']",70001777,SENS_EVENT_MEASURE,126 cm,3570 mV,6 C,0 Degree,13 Times,
2285,3063203,70B3D50070001777,1609645382136,FES Receiver,2021-01-03 04:43:02.21373,"['SS', 'Standalone', 'version_184']",70001777,SENS_EVENT_MEASURE,128 cm,3570 mV,6 C,0 Degree,14 Times,
2284,3063520,70B3D50070001777,1609648982069,FES Receiver,2021-01-03 05:43:02.123281,"['SS', 'Standalone', 'version_184']",70001777,SENS_EVENT_MEASURE,128 cm,3570 mV,7 C,0 Degree,15 Times,
2283,3063848,70B3D50070001777,1609652581995,FES Receiver,2021-01-03 06:43:02.040705,"['SS', 'Standalone', 'version_184']",70001777,SENS_EVENT_MEASURE,128 cm,3570 mV,7 C,0 Degree,16 Times,
2282,3064153,70B3D50070001777,1609656181928,FES Receiver,2021-01-03 07:43:01.959923,"['SS', 'Standalone', 'version_184']",70001777,SENS_EVENT_MEASURE,128 cm,3570 mV,7 C,0 Degree,17 Times,
2281,3064477,70B3D50070001777,1609659781854,FES Receiver,2021-01-03 08:43:01.863741,"['SS', 'Standalone', 'version_184']",70001777,SENS_EVENT_MEASURE,128 cm,3580 mV,7 C,0 Degree,18 Times,
2280,3064766,70B3D50070001777,1609663381767,FES Receiver,2021-01-03 09:43:01.782596,"['SS', 'Standalone', 'version_184']",70001777,SENS_EVENT_MEASURE,128 cm,3580 mV,7 C,0 Degree,19 Times,
2279,3065094,70B3D50070001777,1609666981693,FES Receiver,2021-01-03 10:43:01.692586,"['SS', 'Standalone', 'version_184']",70001777,SENS_EVENT_MEASURE,128 cm,3580 mV,9 C,0 Degree,20 Times,
2278,3065392,70B3D50070001777,1609670581613,FES Receiver,2021-01-03 11:43:01.582741,"['SS', 'Standalone', 'version_184']",70001777,SENS_EVENT_MEASURE,128 cm,3580 mV,9 C,1 Degree,21 Times,
2277,3065692,70B3D50070001777,1609674181526,FES Receiver,2021-01-03 12:43:01.499601,"['SS', 'Standalone', 'version_184']",70001777,SENS_EVENT_MEASURE,128 cm,3580 mV,9 C,0 Degree,22 Times,
2276,3066002,70B3D50070001777,1609677781446,FES Receiver,2021-01-03 13:43:01.38474,"['SS', 'Standalone', 'version_184']",70001777,SENS_EVENT_MEASURE,128 cm,3580 mV,10 C,0 Degree,23 Times,
2275,3066302,70B3D50070001777,1609681381365,FES Receiver,2021-01-03 14:43:01.289711,"['SS', 'Standalone', 'version_184']",70001777,SENS_EVENT_MEASURE,124 cm,3580 mV,9 C,0 Degree,24 Times,
2274,3066598,70B3D50070001777,1609684981291,FES Receiver,2021-01-03 15:43:01.206727,"['SS', 'Standalone', 'version_184']",70001777,SENS_EVENT_MEASURE,122 cm,3580 mV,9 C,0 Degree,25 Times,
2273,3066890,70B3D50070001777,1609688581231,FES Receiver,2021-01-03 16:43:01.125817,"['SS', 'Standalone', 'version_184']",70001777,SENS_EVENT_MEASURE,122 cm,3580 mV,7 C,0 Degree,26 Times,
2272,3067174,70B3D50070001777,1609692181144,FES Receiver,2021-01-03 17:43:01.026723,"['SS', 'Standalone', 'version_184']",70001777,SENS_EVENT_MEASURE,122 cm,3580 mV,7 C,0 Degree,27 Times,
2271,3067483,70B3D50070001777,1609695781083,FES Receiver,2021-01-03 18:43:00.9517,"['SS', 'Standalone', 'version_184']",70001777,SENS_EVENT_MEASURE,122 cm,3570 mV,6 C,0 Degree,28 Times,
2270,3067796,70B3D50070001777,1609699382457,FES Receiver,2021-01-03 19:43:02.655746,"['SS', 'Standalone', 'version_184']",70001777,SENS_EVENT_MEASURE,122 cm,3580 mV,6 C,0 Degree,29 Times,
2269,3068101,70B3D50070001777,1609702982391,FES Receiver,2021-01-03 20:43:02.680674,"['SS', 'Standalone', 'version_184']",70001777,SENS_EVENT_MEASURE,122 cm,3570 mV,6 C,0 Degree,30 Times,
2268,3068395,70B3D50070001777,1609706582310,FES Receiver,2021-01-03 21:43:02.501661,"['SS', 'Standalone', 'version_184']",70001777,SENS_EVENT_MEASURE,122 cm,3570 mV,6 C,0 Degree,31 Times,
2267,3068775,70B3D50070001777,1609713782176,FES Receiver,2021-01-03 23:43:02.321749,"['SS', 'Standalone', 'version_184']",70001777,SENS_EVENT_MEASURE,122 cm,3570 mV,5 C,0 Degree,33 Times,
2266,3069053,70B3D50070001777,1609717382110,FES Receiver,2021-01-04 00:43:02.249077,"['SS', 'Standalone', 'version_184']",70001777,SENS_EVENT_MEASURE,122 cm,3570 mV,6 C,0 Degree,34 Times,
2265,3069376,70B3D50070001777,1609720982069,FES Receiver,2021-01-04 01:43:02.193096,"['SS', 'Standalone', 'version_184']",70001777,SENS_EVENT_MEASURE,122 cm,3570 mV,6 C,0 Degree,35 Times,
2264,3069692,70B3D50070001777,1609724581888,FES Receiver,2021-01-04 02:43:01.985704,"['SS', 'Standalone', 'version_184']",70001777,SENS_EVENT_MEASURE,122 cm,3570 mV,7 C,0 Degree,36 Times,
2263,3069999,70B3D50070001777,1609728181813,FES Receiver,2021-01-04 03:43:01.896742,"['SS', 'Standalone', 'version_184']",70001777,SENS_EVENT_MEASURE,122 cm,3570 mV,5 C,1 Degree,37 Times,
2262,3070329,70B3D50070001777,1609731781747,FES Receiver,2021-01-04 04:43:01.866999,"['SS', 'Standalone', 'version_184']",70001777,SENS_EVENT_MEASURE,122 cm,3570 mV,7 C,1 Degree,38 Times,
2261,3070645,70B3D50070001777,1609735381687,FES Receiver,2021-01-04 05:43:01.757403,"['SS', 'Standalone', 'version_184']",70001777,SENS_EVENT_MEASURE,122 cm,3570 mV,5 C,0 Degree,39 Times,
2260,3070961,70B3D50070001777,1609738981627,FES Receiver,2021-01-04 06:43:01.67676,"['SS', 'Standalone', 'version_184']",70001777,SENS_EVENT_MEASURE,122 cm,3570 mV,6 C,0 Degree,40 Times,
2259,3071254,70B3D50070001777,1609742581552,FES Receiver,2021-01-04 07:43:01.579705,"['SS', 'Standalone', 'version_184']",70001777,SENS_EVENT_MEASURE,122 cm,3570 mV,6 C,0 Degree,41 Times,
2258,3071539,70B3D50070001777,1609746181486,FES Receiver,2021-01-04 08:43:01.499753,"['SS', 'Standalone', 'version_184']",70001777,SENS_EVENT_MEASURE,118 cm,3570 mV,7 C,0 Degree,42 Times,
2257,3071861,70B3D50070001777,1609749781425,FES Receiver,2021-01-04 09:43:01.455645,"['SS', 'Standalone', 'version_184']",70001777,SENS_EVENT_MEASURE,118 cm,3570 mV,6 C,0 Degree,43 Times,
2256,3072179,70B3D50070001777,1609753381352,FES Receiver,2021-01-04 10:43:01.344712,"['SS', 'Standalone', 'version_184']",70001777,SENS_EVENT_MEASURE,116 cm,3580 mV,7 C,0 Degree,44 Times,
2255,3072463,70B3D50070001777,1609756981265,FES Receiver,2021-01-04 11:43:01.244709,"['SS', 'Standalone', 'version_184']",70001777,SENS_EVENT_MEASURE,114 cm,3580 mV,5 C,0 Degree,45 Times,
2254,3072781,70B3D50070001777,1609760581190,FES Receiver,2021-01-04 12:43:01.145727,"['SS', 'Standalone', 'version_184']",70001777,SENS_EVENT_MEASURE,114 cm,3580 mV,9 C,0 Degree,46 Times,
2253,3073080,70B3D50070001777,1609764181104,FES Receiver,2021-01-04 13:43:01.055744,"['SS', 'Standalone', 'version_184']",70001777,SENS_EVENT_MEASURE,116 cm,3580 mV,8 C,0 Degree,47 Times,
2252,3073420,70B3D50070001777,1609767781023,FES Receiver,2021-01-04 14:43:00.959118,"['SS', 'Standalone', 'version_184']",70001777,SENS_EVENT_MEASURE,116 cm,3580 mV,7 C,0 Degree,48 Times,
2251,3073846,70B3D50070001777,1609771381063,FES Receiver,2021-01-04 15:43:00.985078,"['SS', 'Standalone', 'version_184']",70001777,SENS_EVENT_MEASURE,114 cm,3580 mV,9 C,0 Degree,49 Times,
2250,3074260,70B3D50070001777,1609774980963,FES Receiver,2021-01-04 16:43:00.861722,"['SS', 'Standalone', 'version_184']",70001777,SENS_EVENT_MEASURE,110 cm,3580 mV,8 C,0 Degree,50 Times,
2249,3074682,70B3D50070001777,1609778580882,FES Receiver,2021-01-04 17:43:00.770782,"['SS', 'Standalone', 'version_184']",70001777,SENS_EVENT_MEASURE,116 cm,3580 mV,9 C,0 Degree,51 Times,
2248,3075105,70B3D50070001777,1609782180808,FES Receiver,2021-01-04 18:43:00.677726,"['SS', 'Standalone', 'version_184']",70001777,SENS_EVENT_MEASURE,118 cm,3580 mV,7 C,0 Degree,52 Times,
2247,3075522,70B3D50070001777,1609785782193,FES Receiver,2021-01-04 19:43:02.393664,"['SS', 'Standalone', 'version_184']",70001777,SENS_EVENT_MEASURE,118 cm,3580 mV,7 C,0 Degree,53 Times,
2246,3075927,70B3D50070001777,1609789382112,FES Receiver,2021-01-04 20:43:02.293649,"['SS', 'Standalone', 'version_184']",70001777,SENS_EVENT_MEASURE,116 cm,3580 mV,6 C,0 Degree,54 Times,
2245,3076334,70B3D50070001777,1609792982039,FES Receiver,2021-01-04 21:43:02.206662,"['SS', 'Standalone', 'version_184']",70001777,SENS_EVENT_MEASURE,118 cm,3580 mV,6 C,0 Degree,55 Times,
2244,3076752,70B3D50070001777,1609796581973,FES Receiver,2021-01-04 22:43:02.129645,"['SS', 'Standalone', 'version_184']",70001777,SENS_EVENT_MEASURE,118 cm,3580 mV,7 C,0 Degree,56 Times,
2243,3077174,70B3D50070001777,1609800181899,FES Receiver,2021-01-04 23:43:02.045674,"['SS', 'Standalone', 'version_184']",70001777,SENS_EVENT_MEASURE,118 cm,3580 mV,7 C,0 Degree,57 Times,
2242,3077584,70B3D50070001777,1609803781832,FES Receiver,2021-01-05 00:43:01.955628,"['SS', 'Standalone', 'version_184']",70001777,SENS_EVENT_MEASURE,118 cm,3580 mV,5 C,0 Degree,58 Times,
2241,3078028,70B3D50070001777,1609807381775,FES Receiver,2021-01-05 01:43:01.885997,"['SS', 'Standalone', 'version_184']",70001777,SENS_EVENT_MEASURE,118 cm,3580 mV,5 C,0 Degree,59 Times,
2240,3078460,70B3D50070001777,1609810981692,FES Receiver,2021-01-05 02:43:01.787982,"['SS', 'Standalone', 'version_184']",70001777,SENS_EVENT_MEASURE,120 cm,3570 mV,7 C,0 Degree,60 Times,
2239,3078885,70B3D50070001777,1609814581639,FES Receiver,2021-01-05 03:43:01.728032,"['SS', 'Standalone', 'version_184']",70001777,SENS_EVENT_MEASURE,120 cm,3570 mV,6 C,0 Degree,61 Times,
2238,3079315,70B3D50070001777,1609818181452,FES Receiver,2021-01-05 04:43:01.525464,"['SS', 'Standalone', 'version_184']",70001777,SENS_EVENT_MEASURE,120 cm,3580 mV,6 C,0 Degree,62 Times,
2237,3079757,70B3D50070001777,1609821781372,FES Receiver,2021-01-05 05:43:01.43284,"['SS', 'Standalone', 'version_184']",70001777,SENS_EVENT_MEASURE,118 cm,3580 mV,6 C,0 Degree,63 Times,
2236,3080598,70B3D50070001777,1609828981235,FES Receiver,2021-01-05 07:43:01.258702,"['SS', 'Standalone', 'version_184']",70001777,SENS_EVENT_MEASURE,110 cm,3580 mV,6 C,0 Degree,65 Times,
2235,3081133,70B3D50070001777,1609836181092,FES Receiver,2021-01-05 09:43:01.091692,"['SS', 'Standalone', 'version_184']",70001777,SENS_EVENT_MEASURE,110 cm,3580 mV,7 C,0 Degree,67 Times,
2234,3081562,70B3D50070001777,1609839781017,FES Receiver,2021-01-05 10:43:00.993747,"['SS', 'Standalone', 'version_184']",70001777,SENS_EVENT_MEASURE,110 cm,3580 mV,8 C,0 Degree,68 Times,
2233,3081983,70B3D50070001777,1609843380936,FES Receiver,2021-01-05 11:43:01.217332,"['SS', 'Standalone', 'version_184']",70001777,SENS_EVENT_MEASURE,104 cm,3580 mV,8 C,0 Degree,69 Times,
2232,3082409,70B3D50070001777,1609846980850,FES Receiver,2021-01-05 12:43:00.839412,"['SS', 'Standalone', 'version_184']",70001777,SENS_EVENT_MEASURE,102 cm,3580 mV,8 C,0 Degree,70 Times,
2231,3082836,70B3D50070001777,1609850580769,FES Receiver,2021-01-05 13:43:00.724555,"['SS', 'Standalone', 'version_184']",70001777,SENS_EVENT_MEASURE,102 cm,3590 mV,9 C,0 Degree,71 Times,
2230,3083235,70B3D50070001777,1609854180675,FES Receiver,2021-01-05 14:43:00.597491,"['SS', 'Standalone', 'version_184']",70001777,SENS_EVENT_MEASURE,102 cm,3570 mV,10 C,0 Degree,72 Times,
2229,3083640,70B3D50070001777,1609857780589,FES Receiver,2021-01-05 15:43:00.513214,"['SS', 'Standalone', 'version_184']",70001777,SENS_EVENT_MEASURE,96 cm,3590 mV,9 C,0 Degree,73 Times,
2228,3084052,70B3D50070001777,1609861380495,FES Receiver,2021-01-05 16:43:00.385653,"['SS', 'Standalone', 'version_184']",70001777,SENS_EVENT_MEASURE,96 cm,3580 mV,7 C,1 Degree,74 Times,
2227,3084879,70B3D50070001777,1609868580334,FES Receiver,2021-01-05 18:43:00.205998,"['SS', 'Standalone', 'version_184']",70001777,SENS_EVENT_MEASURE,94 cm,3580 mV,6 C,0 Degree,76 Times,
2226,3085311,70B3D50070001777,1609872181833,FES Receiver,2021-01-05 19:43:02.038866,"['SS', 'Standalone', 'version_184']",70001777,SENS_EVENT_MEASURE,100 cm,3580 mV,9 C,0 Degree,77 Times,
2225,3085719,70B3D50070001777,1609875781733,FES Receiver,2021-01-05 20:43:01.919892,"['SS', 'Standalone', 'version_184']",70001777,SENS_EVENT_MEASURE,92 cm,3580 mV,5 C,0 Degree,78 Times,
2224,3086135,70B3D50070001777,1609879381659,FES Receiver,2021-01-05 21:43:01.830957,"['SS', 'Standalone', 'version_184']",70001777,SENS_EVENT_MEASURE,92 cm,3580 mV,6 C,0 Degree,79 Times,
2223,3086560,70B3D50070001777,1609882981593,FES Receiver,2021-01-05 22:43:01.747484,"['SS', 'Standalone', 'version_184']",70001777,SENS_EVENT_MEASURE,92 cm,3580 mV,8 C,0 Degree,80 Times,
2222,3086971,70B3D50070001777,1609886581519,FES Receiver,2021-01-05 23:43:01.662914,"['SS', 'Standalone', 'version_184']",70001777,SENS_EVENT_MEASURE,92 cm,3580 mV,6 C,1 Degree,81 Times,
2221,3087404,70B3D50070001777,1609890181452,FES Receiver,2021-01-06 00:43:01.575891,"['SS', 'Standalone', 'version_184']",70001777,SENS_EVENT_MEASURE,92 cm,3580 mV,7 C,0 Degree,82 Times,
2220,3087822,70B3D50070001777,1609893781396,FES Receiver,2021-01-06 01:43:01.509955,"['SS', 'Standalone', 'version_184']",70001777,SENS_EVENT_MEASURE,92 cm,3580 mV,6 C,0 Degree,83 Times,
2219,3088243,70B3D50070001777,1609897381311,FES Receiver,2021-01-06 02:43:01.405881,"['SS', 'Standalone', 'version_184']",70001777,SENS_EVENT_MEASURE,92 cm,3580 mV,6 C,0 Degree,84 Times,
2218,3088656,70B3D50070001777,1609900981251,FES Receiver,2021-01-06 03:43:01.340951,"['SS', 'Standalone', 'version_184']",70001777,SENS_EVENT_MEASURE,92 cm,3570 mV,6 C,0 Degree,85 Times,
2217,3089093,70B3D50070001777,1609904581170,FES Receiver,2021-01-06 04:43:01.237904,"['SS', 'Standalone', 'version_184']",70001777,SENS_EVENT_MEASURE,92 cm,3580 mV,7 C,0 Degree,86 Times,
2216,3089512,70B3D50070001777,1609908181130,FES Receiver,2021-01-06 05:43:01.195416,"['SS', 'Standalone', 'version_184']",70001777,SENS_EVENT_MEASURE,92 cm,3570 mV,5 C,0 Degree,87 Times,
2215,3089928,70B3D50070001777,1609911781049,FES Receiver,2021-01-06 06:43:01.08792,"['SS', 'Standalone', 'version_184']",70001777,SENS_EVENT_MEASURE,90 cm,3580 mV,6 C,1 Degree,88 Times,
2214,3090331,70B3D50070001777,1609915380969,FES Receiver,2021-01-06 07:43:01.000258,"['SS', 'Standalone', 'version_184']",70001777,SENS_EVENT_MEASURE,98 cm,3580 mV,7 C,0 Degree,89 Times,
2213,3090745,70B3D50070001777,1609918980674,FES Receiver,2021-01-06 08:43:00.682894,"['SS', 'Standalone', 'version_184']",70001777,SENS_EVENT_MEASURE,96 cm,3580 mV,7 C,1 Degree,90 Times,
2212,3091068,70B3D50070001777,1609922580594,FES Receiver,2021-01-06 09:43:00.612823,"['SS', 'Standalone', 'version_184']",70001777,SENS_EVENT_MEASURE,96 cm,3580 mV,5 C,0 Degree,91 Times,
2211,3091361,70B3D50070001777,1609926180527,FES Receiver,2021-01-06 10:43:00.516898,"['SS', 'Standalone', 'version_184']",70001777,SENS_EVENT_MEASURE,96 cm,3580 mV,9 C,0 Degree,92 Times,
2210,3091662,70B3D50070001777,1609929780567,FES Receiver,2021-01-06 11:43:00.532888,"['SS', 'Standalone', 'version_184']",70001777,SENS_EVENT_MEASURE,90 cm,3580 mV,9 C,0 Degree,93 Times,
2209,3091954,70B3D50070001777,1609933380493,FES Receiver,2021-01-06 12:43:00.444962,"['SS', 'Standalone', 'version_184']",70001777,SENS_EVENT_MEASURE,90 cm,3580 mV,8 C,0 Degree,94 Times,
2208,3092267,70B3D50070001777,1609936980392,FES Receiver,2021-01-06 13:43:00.36474,"['SS', 'Standalone', 'version_184']",70001777,SENS_EVENT_MEASURE,90 cm,3590 mV,9 C,0 Degree,95 Times,
2207,3092620,70B3D50070001777,1609944180045,FES Receiver,2021-01-06 15:42:59.955858,"['SS', 'Standalone', 'version_184']",70001777,SENS_EVENT_MEASURE,86 cm,3590 mV,9 C,0 Degree,97 Times,
2206,3093229,70B3D50070001777,1609951379872,FES Receiver,2021-01-06 17:42:59.761714,"['SS', 'Standalone', 'version_184']",70001777,SENS_EVENT_MEASURE,86 cm,3580 mV,8 C,1 Degree,99 Times,
2205,3093548,70B3D50070001777,1609954979951,FES Receiver,2021-01-06 18:42:59.816866,"['SS', 'Standalone', 'version_184']",70001777,SENS_EVENT_MEASURE,90 cm,3580 mV,8 C,0 Degree,100 Times,
2204,3093834,70B3D50070001777,1609958581313,FES Receiver,2021-01-06 19:43:01.507231,"['SS', 'Standalone', 'version_184']",70001777,SENS_EVENT_MEASURE,92 cm,3580 mV,10 C,0 Degree,101 Times,
2203,3094126,70B3D50070001777,1609962181233,FES Receiver,2021-01-06 20:43:01.405633,"['SS', 'Standalone', 'version_184']",70001777,SENS_EVENT_MEASURE,88 cm,3580 mV,8 C,0 Degree,102 Times,
2202,3094419,70B3D50070001777,1609965781158,FES Receiver,2021-01-06 21:43:01.320587,"['SS', 'Standalone', 'version_184']",70001777,SENS_EVENT_MEASURE,88 cm,3580 mV,10 C,0 Degree,103 Times,
2201,3094732,70B3D50070001777,1609969381192,FES Receiver,2021-01-06 22:43:01.336641,"['SS', 'Standalone', 'version_184']",70001777,SENS_EVENT_MEASURE,88 cm,3580 mV,8 C,0 Degree,104 Times,
2200,3095025,70B3D50070001777,1609972981111,FES Receiver,2021-01-06 23:43:01.240642,"['SS', 'Standalone', 'version_184']",70001777,SENS_EVENT_MEASURE,88 cm,3580 mV,7 C,0 Degree,105 Times,
2199,3095330,70B3D50070001777,1609976581037,FES Receiver,2021-01-07 00:43:01.15461,"['SS', 'Standalone', 'version_184']",70001777,SENS_EVENT_MEASURE,88 cm,3580 mV,7 C,0 Degree,106 Times,
2198,3095630,70B3D50070001777,1609980180956,FES Receiver,2021-01-07 01:43:01.063648,"['SS', 'Standalone', 'version_184']",70001777,SENS_EVENT_MEASURE,88 cm,3580 mV,8 C,0 Degree,107 Times,
2197,3095941,70B3D50070001777,1609983780876,FES Receiver,2021-01-07 02:43:00.962652,"['SS', 'Standalone', 'version_184']",70001777,SENS_EVENT_MEASURE,88 cm,3580 mV,7 C,0 Degree,108 Times,
2196,3096245,70B3D50070001777,1609987380809,FES Receiver,2021-01-07 03:43:00.88569,"['SS', 'Standalone', 'version_184']",70001777,SENS_EVENT_MEASURE,88 cm,3580 mV,6 C,0 Degree,109 Times,
2195,3096553,70B3D50070001777,1609990980729,FES Receiver,2021-01-07 04:43:00.785651,"['SS', 'Standalone', 'version_184']",70001777,SENS_EVENT_MEASURE,88 cm,3580 mV,7 C,0 Degree,110 Times,
2194,3096889,70B3D50070001777,1609994580669,FES Receiver,2021-01-07 05:43:00.723997,"['SS', 'Standalone', 'version_184']",70001777,SENS_EVENT_MEASURE,88 cm,3580 mV,6 C,0 Degree,111 Times,
2193,3097189,70B3D50070001777,1609998180588,FES Receiver,2021-01-07 06:43:00.619986,"['SS', 'Standalone', 'version_184']",70001777,SENS_EVENT_MEASURE,88 cm,3580 mV,6 C,0 Degree,112 Times,
2192,3097491,70B3D50070001777,1610001780554,FES Receiver,2021-01-07 07:43:00.568634,"['SS', 'Standalone', 'version_184']",70001777,SENS_EVENT_MEASURE,88 cm,3580 mV,7 C,0 Degree,113 Times,
2191,3097793,70B3D50070001777,1610005380448,FES Receiver,2021-01-07 08:43:00.44865,"['SS', 'Standalone', 'version_184']",70001777,SENS_EVENT_MEASURE,88 cm,3580 mV,6 C,0 Degree,114 Times,
2190,3098093,70B3D50070001777,1610008980387,FES Receiver,2021-01-07 09:43:00.376649,"['SS', 'Standalone', 'version_184']",70001777,SENS_EVENT_MEASURE,82 cm,3580 mV,7 C,0 Degree,115 Times,
2189,3098408,70B3D50070001777,1610012580307,FES Receiver,2021-01-07 10:43:00.290285,"['SS', 'Standalone', 'version_184']",70001777,SENS_EVENT_MEASURE,82 cm,3580 mV,9 C,0 Degree,116 Times,
2188,3098700,70B3D50070001777,1610016180127,FES Receiver,2021-01-07 11:43:00.083615,"['SS', 'Standalone', 'version_184']",70001777,SENS_EVENT_MEASURE,88 cm,3580 mV,8 C,0 Degree,117 Times,
2187,3099019,70B3D50070001777,1610019780046,FES Receiver,2021-01-07 12:42:59.989645,"['SS', 'Standalone', 'version_184']",70001777,SENS_EVENT_MEASURE,88 cm,3580 mV,7 C,0 Degree,118 Times,
2186,3099330,70B3D50070001777,1610023379951,FES Receiver,2021-01-07 13:42:59.87961,"['SS', 'Standalone', 'version_184']",70001777,SENS_EVENT_MEASURE,94 cm,3580 mV,7 C,0 Degree,119 Times,
2185,3099625,70B3D50070001777,1610026979865,FES Receiver,2021-01-07 14:42:59.779627,"['SS', 'Standalone', 'version_184']",70001777,SENS_EVENT_MEASURE,94 cm,3560 mV,7 C,0 Degree,120 Times,
2184,3100226,70B3D50070001777,1610034179571,FES Receiver,2021-01-07 16:42:59.456631,"['SS', 'Standalone', 'version_184']",70001777,SENS_EVENT_MEASURE,82 cm,3580 mV,7 C,1 Degree,122 Times,
2183,3100549,70B3D50070001777,1610037779624,FES Receiver,2021-01-07 17:42:59.50747,"['SS', 'Standalone', 'version_184']",70001777,SENS_EVENT_MEASURE,78 cm,3580 mV,7 C,0 Degree,123 Times,
2182,3100859,70B3D50070001777,1610041379424,FES Receiver,2021-01-07 18:42:59.280629,"['SS', 'Standalone', 'version_184']",70001777,SENS_EVENT_MEASURE,78 cm,3580 mV,7 C,0 Degree,124 Times,
2181,3101150,70B3D50070001777,1610044980794,FES Receiver,2021-01-07 19:43:00.986986,"['SS', 'Standalone', 'version_184']",70001777,SENS_EVENT_MEASURE,78 cm,3580 mV,6 C,0 Degree,125 Times,
2180,3101470,70B3D50070001777,1610048580860,FES Receiver,2021-01-07 20:43:01.038941,"['SS', 'Standalone', 'version_184']",70001777,SENS_EVENT_MEASURE,80 cm,3580 mV,7 C,0 Degree,126 Times,
2179,3101892,70B3D50070001777,1610055780599,FES Receiver,2021-01-07 22:43:00.758996,"['SS', 'Standalone', 'version_184']",70001777,SENS_EVENT_MEASURE,80 cm,3580 mV,6 C,0 Degree,128 Times,
2178,3102217,70B3D50070001777,1610059380518,FES Receiver,2021-01-07 23:43:00.670828,"['SS', 'Standalone', 'version_184']",70001777,SENS_EVENT_MEASURE,80 cm,3580 mV,6 C,0 Degree,129 Times,
2177,3102528,70B3D50070001777,1610062980451,FES Receiver,2021-01-08 00:43:00.607819,"['SS', 'Standalone', 'version_184']",70001777,SENS_EVENT_MEASURE,80 cm,3580 mV,6 C,0 Degree,130 Times,
2176,3102859,70B3D50070001777,1610066580470,FES Receiver,2021-01-08 01:43:00.583998,"['SS', 'Standalone', 'version_184']",70001777,SENS_EVENT_MEASURE,80 cm,3580 mV,6 C,0 Degree,131 Times,
2175,3103170,70B3D50070001777,1610070180435,FES Receiver,2021-01-08 02:43:00.529981,"['SS', 'Standalone', 'version_184']",70001777,SENS_EVENT_MEASURE,80 cm,3570 mV,7 C,0 Degree,132 Times,
2174,3103470,70B3D50070001777,1610073780368,FES Receiver,2021-01-08 03:43:00.468907,"['SS', 'Standalone', 'version_184']",70001777,SENS_EVENT_MEASURE,78 cm,3570 mV,7 C,0 Degree,133 Times,
2173,3103795,70B3D50070001777,1610077380314,FES Receiver,2021-01-08 04:43:00.390687,"['SS', 'Standalone', 'version_184']",70001777,SENS_EVENT_MEASURE,80 cm,3570 mV,7 C,0 Degree,134 Times,
2172,3104117,70B3D50070001777,1610080980113,FES Receiver,2021-01-08 05:43:00.16792,"['SS', 'Standalone', 'version_184']",70001777,SENS_EVENT_MEASURE,80 cm,3570 mV,7 C,0 Degree,135 Times,
2171,3104405,70B3D50070001777,1610084580047,FES Receiver,2021-01-08 06:43:00.085946,"['SS', 'Standalone', 'version_184']",70001777,SENS_EVENT_MEASURE,78 cm,3570 mV,6 C,0 Degree,136 Times,
2170,3104729,70B3D50070001777,1610088180112,FES Receiver,2021-01-08 07:43:00.143993,"['SS', 'Standalone', 'version_184']",70001777,SENS_EVENT_MEASURE,80 cm,3570 mV,6 C,0 Degree,137 Times,
2169,3105532,70B3D50070001777,1610095379992,FES Receiver,2021-01-08 09:42:59.991939,"['SS', 'Standalone', 'version_184']",70001777,SENS_EVENT_MEASURE,132 cm,3580 mV,6 C,0 Degree,139 Times,
2168,3105967,70B3D50070001777,1610098979905,FES Receiver,2021-01-08 10:42:59.891915,"['SS', 'Standalone', 'version_184']",70001777,SENS_EVENT_MEASURE,134 cm,3580 mV,9 C,0 Degree,140 Times,
2167,3106367,70B3D50070001777,1610102579810,FES Receiver,2021-01-08 11:42:59.777915,"['SS', 'Standalone', 'version_184']",70001777,SENS_EVENT_MEASURE,134 cm,3590 mV,9 C,0 Degree,141 Times,
2166,3106785,70B3D50070001777,1610106159724,FES Receiver,2021-01-08 12:42:39.67892,"['SS', 'Standalone', 'version_184']",70001777,SENS_EVENT_MEASURE,132 cm,3590 mV,8 C,0 Degree,142 Times,
2165,3107217,70B3D50070001777,1610109759503,FES Receiver,2021-01-08 13:42:39.460054,"['SS', 'Standalone', 'version_184']",70001777,SENS_EVENT_MEASURE,130 cm,3590 mV,11 C,0 Degree,143 Times,
2164,3107625,70B3D50070001777,1610113359529,FES Receiver,2021-01-08 14:42:39.46281,"['SS', 'Standalone', 'version_184']",70001777,SENS_EVENT_MEASURE,134 cm,3590 mV,10 C,0 Degree,144 Times,
2163,3108037,70B3D50070001777,1610116959429,FES Receiver,2021-01-08 15:42:39.35164,"['SS', 'Standalone', 'version_184']",70001777,SENS_EVENT_MEASURE,122 cm,3590 mV,9 C,0 Degree,145 Times,
2162,3108463,70B3D50070001777,1610120559342,FES Receiver,2021-01-08 16:42:39.243794,"['SS', 'Standalone', 'version_184']",70001777,SENS_EVENT_MEASURE,134 cm,3590 mV,8 C,0 Degree,146 Times,
2161,3108888,70B3D50070001777,1610124159262,FES Receiver,2021-01-08 17:42:39.156737,"['SS', 'Standalone', 'version_184']",70001777,SENS_EVENT_MEASURE,124 cm,3580 mV,8 C,1 Degree,147 Times,
2160,3109323,70B3D50070001777,1610127759188,FES Receiver,2021-01-08 18:42:39.080646,"['SS', 'Standalone', 'version_184']",70001777,SENS_EVENT_MEASURE,126 cm,3580 mV,7 C,0 Degree,148 Times,
2159,3109760,70B3D50070001777,1610131360559,FES Receiver,2021-01-08 19:42:40.758053,"['SS', 'Standalone', 'version_184']",70001777,SENS_EVENT_MEASURE,124 cm,3580 mV,7 C,0 Degree,149 Times,
2158,3110176,70B3D50070001777,1610134960480,FES Receiver,2021-01-08 20:42:40.661932,"['SS', 'Standalone', 'version_184']",70001777,SENS_EVENT_MEASURE,124 cm,3580 mV,7 C,0 Degree,150 Times,
2157,3110594,70B3D50070001777,1610138560415,FES Receiver,2021-01-08 21:42:40.585067,"['SS', 'Standalone', 'version_184']",70001777,SENS_EVENT_MEASURE,124 cm,3580 mV,6 C,0 Degree,151 Times,
2156,3111025,70B3D50070001777,1610142160340,FES Receiver,2021-01-08 22:42:40.490087,"['SS', 'Standalone', 'version_184']",70001777,SENS_EVENT_MEASURE,122 cm,3580 mV,5 C,0 Degree,152 Times,
2155,3111441,70B3D50070001777,1610145760277,FES Receiver,2021-01-08 23:42:40.413953,"['SS', 'Standalone', 'version_184']",70001777,SENS_EVENT_MEASURE,124 cm,3580 mV,6 C,0 Degree,153 Times,
2154,3111867,70B3D50070001777,1610149360200,FES Receiver,2021-01-09 00:42:40.338446,"['SS', 'Standalone', 'version_184']",70001777,SENS_EVENT_MEASURE,124 cm,3580 mV,6 C,0 Degree,154 Times,
2153,3112289,70B3D50070001777,1610152960140,FES Receiver,2021-01-09 01:42:40.24694,"['SS', 'Standalone', 'version_184']",70001777,SENS_EVENT_MEASURE,122 cm,3570 mV,6 C,1 Degree,155 Times,
2152,3112724,70B3D50070001777,1610156560074,FES Receiver,2021-01-09 02:42:40.175007,"['SS', 'Standalone', 'version_184']",70001777,SENS_EVENT_MEASURE,122 cm,3580 mV,5 C,0 Degree,156 Times,
2151,3113125,70B3D50070001777,1610160159999,FES Receiver,2021-01-09 03:42:40.078871,"['SS', 'Standalone', 'version_184']",70001777,SENS_EVENT_MEASURE,124 cm,3570 mV,5 C,0 Degree,157 Times,
2150,3113561,70B3D50070001777,1610163759936,FES Receiver,2021-01-09 04:42:40.046161,"['SS', 'Standalone', 'version_184']",70001777,SENS_EVENT_MEASURE,124 cm,3570 mV,6 C,0 Degree,158 Times,
2149,3113877,70B3D50070001777,1610167359874,FES Receiver,2021-01-09 05:42:39.984617,"['SS', 'Standalone', 'version_184']",70001777,SENS_EVENT_MEASURE,124 cm,3570 mV,5 C,0 Degree,159 Times,
2148,3114323,70B3D50070001777,1610170959814,FES Receiver,2021-01-09 06:42:39.858345,"['SS', 'Standalone', 'version_184']",70001777,SENS_EVENT_MEASURE,124 cm,3570 mV,7 C,0 Degree,160 Times,
2147,3114764,70B3D50070001777,1610174559755,FES Receiver,2021-01-09 07:42:40.066994,"['SS', 'Standalone', 'version_184']",70001777,SENS_EVENT_MEASURE,124 cm,3570 mV,5 C,1 Degree,161 Times,
2146,3115180,70B3D50070001777,1610178159681,FES Receiver,2021-01-09 08:42:39.697175,"['SS', 'Standalone', 'version_184']",70001777,SENS_EVENT_MEASURE,128 cm,3570 mV,5 C,0 Degree,162 Times,
2145,3115600,70B3D50070001777,1610181759641,FES Receiver,2021-01-09 09:42:39.755806,"['SS', 'Standalone', 'version_184']",70001777,SENS_EVENT_MEASURE,128 cm,3570 mV,7 C,1 Degree,163 Times,
2144,3116037,70B3D50070001777,1610185359496,FES Receiver,2021-01-09 10:42:39.487952,"['SS', 'Standalone', 'version_184']",70001777,SENS_EVENT_MEASURE,122 cm,3580 mV,9 C,0 Degree,164 Times,
2143,3116428,70B3D50070001777,1610188959256,FES Receiver,2021-01-09 11:42:39.238252,"['SS', 'Standalone', 'version_184']",70001777,SENS_EVENT_MEASURE,122 cm,3600 mV,16 C,0 Degree,165 Times,
2142,3116736,70B3D50070001777,1610192559317,FES Receiver,2021-01-09 12:42:39.261053,"['SS', 'Standalone', 'version_184']",70001777,SENS_EVENT_MEASURE,124 cm,3600 mV,9 C,0 Degree,166 Times,
2141,3117073,70B3D50070001777,1610196159049,FES Receiver,2021-01-09 13:42:38.979981,"['SS', 'Standalone', 'version_184']",70001777,SENS_EVENT_MEASURE,122 cm,3590 mV,9 C,1 Degree,167 Times,
2140,3117401,70B3D50070001777,1610199759118,FES Receiver,2021-01-09 14:42:39.040047,"['SS', 'Standalone', 'version_184']",70001777,SENS_EVENT_MEASURE,118 cm,3590 mV,9 C,0 Degree,168 Times,
2139,3117719,70B3D50070001777,1610203359038,FES Receiver,2021-01-09 15:42:38.939001,"['SS', 'Standalone', 'version_184']",70001777,SENS_EVENT_MEASURE,110 cm,3580 mV,7 C,0 Degree,169 Times,
2138,3118002,70B3D50070001777,1610206958958,FES Receiver,2021-01-09 16:42:38.891331,"['SS', 'Standalone', 'version_184']",70001777,SENS_EVENT_MEASURE,112 cm,3580 mV,7 C,0 Degree,170 Times,
2137,3118335,70B3D50070001777,1610210558838,FES Receiver,2021-01-09 17:42:38.713026,"['SS', 'Standalone', 'version_184']",70001777,SENS_EVENT_MEASURE,110 cm,3570 mV,4 C,1 Degree,171 Times,
2136,3118658,70B3D50070001777,1610214158785,FES Receiver,2021-01-09 18:42:38.654677,"['SS', 'Standalone', 'version_184']",70001777,SENS_EVENT_MEASURE,124 cm,3570 mV,5 C,0 Degree,172 Times,
2135,3118954,70B3D50070001777,1610217760172,FES Receiver,2021-01-09 19:42:40.36626,"['SS', 'Standalone', 'version_184']",70001777,SENS_EVENT_MEASURE,102 cm,3570 mV,5 C,1 Degree,173 Times,
2134,3119261,70B3D50070001777,1610221360112,FES Receiver,2021-01-09 20:42:40.303903,"['SS', 'Standalone', 'version_184']",70001777,SENS_EVENT_MEASURE,102 cm,3570 mV,5 C,0 Degree,174 Times,
2133,3119573,70B3D50070001777,1610224960051,FES Receiver,2021-01-09 21:42:40.235836,"['SS', 'Standalone', 'version_184']",70001777,SENS_EVENT_MEASURE,104 cm,3570 mV,6 C,0 Degree,175 Times,
2132,3119897,70B3D50070001777,1610228559991,FES Receiver,2021-01-09 22:42:40.145283,"['SS', 'Standalone', 'version_184']",70001777,SENS_EVENT_MEASURE,102 cm,3570 mV,4 C,1 Degree,176 Times,
2131,3120206,70B3D50070001777,1610232159951,FES Receiver,2021-01-09 23:42:40.098965,"['SS', 'Standalone', 'version_184']",70001777,SENS_EVENT_MEASURE,102 cm,3570 mV,4 C,0 Degree,177 Times,
2130,3120504,70B3D50070001777,1610235759891,FES Receiver,2021-01-10 00:42:40.015222,"['SS', 'Standalone', 'version_184']",70001777,SENS_EVENT_MEASURE,104 cm,3570 mV,5 C,0 Degree,178 Times,
2129,3120829,70B3D50070001777,1610239359831,FES Receiver,2021-01-10 01:42:39.95184,"['SS', 'Standalone', 'version_184']",70001777,SENS_EVENT_MEASURE,102 cm,3570 mV,5 C,0 Degree,179 Times,
2128,3121441,70B3D50070001777,1610246559717,FES Receiver,2021-01-10 03:42:39.820055,"['SS', 'Standalone', 'version_184']",70001777,SENS_EVENT_MEASURE,102 cm,3570 mV,5 C,1 Degree,181 Times,
2127,3121781,70B3D50070001777,1610250159670,FES Receiver,2021-01-10 04:42:39.770252,"['SS', 'Standalone', 'version_184']",70001777,SENS_EVENT_MEASURE,102 cm,3570 mV,5 C,0 Degree,182 Times,
2126,3122438,70B3D50070001777,1610257359571,FES Receiver,2021-01-10 06:42:39.642142,"['SS', 'Standalone', 'version_184']",70001777,SENS_EVENT_MEASURE,102 cm,3560 mV,2 C,0 Degree,184 Times,
2125,3122776,70B3D50070001777,1610260959529,FES Receiver,2021-01-10 07:42:39.56135,"['SS', 'Standalone', 'version_184']",70001777,SENS_EVENT_MEASURE,104 cm,3560 mV,2 C,0 Degree,185 Times,
2124,3123069,70B3D50070001777,1610264559469,FES Receiver,2021-01-10 08:42:39.478237,"['SS', 'Standalone', 'version_184']",70001777,SENS_EVENT_MEASURE,104 cm,3560 mV,3 C,0 Degree,186 Times,
2123,3123710,70B3D50070001777,1610271759369,FES Receiver,2021-01-10 10:42:39.349285,"['SS', 'Standalone', 'version_184']",70001777,SENS_EVENT_MEASURE,112 cm,3580 mV,8 C,0 Degree,188 Times,
2122,3123995,70B3D50070001777,1610275359050,FES Receiver,2021-01-10 11:42:39.026295,"['SS', 'Standalone', 'version_184']",70001777,SENS_EVENT_MEASURE,106 cm,3600 mV,16 C,0 Degree,189 Times,
2121,3124613,70B3D50070001777,1610282558950,FES Receiver,2021-01-10 13:42:38.912443,"['SS', 'Standalone', 'version_184']",70001777,SENS_EVENT_MEASURE,106 cm,3620 mV,13 C,0 Degree,191 Times,
2120,3124914,70B3D50070001777,1610286158834,FES Receiver,2021-01-10 14:42:38.768263,"['SS', 'Standalone', 'version_184']",70001777,SENS_EVENT_MEASURE,110 cm,3600 mV,10 C,0 Degree,192 Times,
2119,3125238,70B3D50070001777,1610289758750,FES Receiver,2021-01-10 15:42:38.681122,"['SS', 'Standalone', 'version_184']",70001777,SENS_EVENT_MEASURE,106 cm,3590 mV,7 C,0 Degree,193 Times,
2118,3125545,70B3D50070001777,1610293358509,FES Receiver,2021-01-10 16:42:38.41133,"['SS', 'Standalone', 'version_184']",70001777,SENS_EVENT_MEASURE,106 cm,3580 mV,7 C,1 Degree,194 Times,
2117,3125849,70B3D50070001777,1610296958455,FES Receiver,2021-01-10 17:42:38.338262,"['SS', 'Standalone', 'version_184']",70001777,SENS_EVENT_MEASURE,104 cm,3570 mV,4 C,0 Degree,195 Times,
2116,3126159,70B3D50070001777,1610300558389,FES Receiver,2021-01-10 18:42:38.596786,"['SS', 'Standalone', 'version_184']",70001777,SENS_EVENT_MEASURE,106 cm,3570 mV,5 C,1 Degree,196 Times,
2115,3126459,70B3D50070001777,1610304159832,FES Receiver,2021-01-10 19:42:40.333427,"['SS', 'Standalone', 'version_184']",70001777,SENS_EVENT_MEASURE,106 cm,3560 mV,4 C,0 Degree,197 Times,
2114,3126770,70B3D50070001777,1610307759932,FES Receiver,2021-01-10 20:42:40.450086,"['SS', 'Standalone', 'version_184']",70001777,SENS_EVENT_MEASURE,104 cm,3560 mV,2 C,0 Degree,198 Times,
2113,3127065,70B3D50070001777,1610311359793,FES Receiver,2021-01-10 21:42:39.970596,"['SS', 'Standalone', 'version_184']",70001777,SENS_EVENT_MEASURE,110 cm,3550 mV,3 C,1 Degree,199 Times,
2112,3127385,70B3D50070001777,1610314959732,FES Receiver,2021-01-10 22:42:39.943135,"['SS', 'Standalone', 'version_184']",70001777,SENS_EVENT_MEASURE,104 cm,3550 mV,2 C,0 Degree,200 Times,
2111,3127712,70B3D50070001777,1610318559892,FES Receiver,2021-01-10 23:42:40.038564,"['SS', 'Standalone', 'version_184']",70001777,SENS_EVENT_MEASURE,104 cm,3550 mV,3 C,0 Degree,201 Times,
2110,3128011,70B3D50070001777,1610322159691,FES Receiver,2021-01-11 00:42:39.857447,"['SS', 'Standalone', 'version_184']",70001777,SENS_EVENT_MEASURE,104 cm,3550 mV,1 C,0 Degree,202 Times,
2109,3128612,70B3D50070001777,1610329359731,FES Receiver,2021-01-11 02:42:39.833593,"['SS', 'Standalone', 'version_184']",70001777,SENS_EVENT_MEASURE,106 cm,3550 mV,3 C,0 Degree,204 Times,
2108,3129338,70B3D50070001777,1610340159591,FES Receiver,2021-01-11 05:42:39.649757,"['SS', 'Standalone', 'version_184']",70001777,SENS_EVENT_MEASURE,106 cm,3540 mV,2 C,0 Degree,207 Times,
2107,3129648,70B3D50070001777,1610343759571,FES Receiver,2021-01-11 06:42:39.642778,"['SS', 'Standalone', 'version_184']",70001777,SENS_EVENT_MEASURE,104 cm,3540 mV,2 C,1 Degree,208 Times,
2106,3129990,70B3D50070001777,1610347359570,FES Receiver,2021-01-11 07:42:39.625295,"['SS', 'Standalone', 'version_184']",70001777,SENS_EVENT_MEASURE,104 cm,3530 mV,255 C,0 Degree,209 Times,
2105,3130593,70B3D50070001777,1610354559637,FES Receiver,2021-01-11 09:42:39.63637,"['SS', 'Standalone', 'version_184']",70001777,SENS_EVENT_MEASURE,102 cm,3550 mV,2 C,0 Degree,211 Times,
2104,3130916,70B3D50070001777,1610358159591,FES Receiver,2021-01-11 10:42:39.599268,"['SS', 'Standalone', 'version_184']",70001777,SENS_EVENT_MEASURE,102 cm,3560 mV,5 C,0 Degree,212 Times,
2103,3131506,70B3D50070001777,1610365359247,FES Receiver,2021-01-11 12:42:39.229259,"['SS', 'Standalone', 'version_184']",70001777,SENS_EVENT_MEASURE,104 cm,3590 mV,9 C,0 Degree,214 Times,
2102,3131813,70B3D50070001777,1610368959147,FES Receiver,2021-01-11 13:42:39.118417,"['SS', 'Standalone', 'version_184']",70001777,SENS_EVENT_MEASURE,104 cm,3590 mV,8 C,0 Degree,215 Times,
2101,3132095,70B3D50070001777,1610372559246,FES Receiver,2021-01-11 14:42:39.220443,"['SS', 'Standalone', 'version_184']",70001777,SENS_EVENT_MEASURE,100 cm,3580 mV,6 C,0 Degree,216 Times,
2100,3132718,70B3D50070001777,1610379758970,FES Receiver,2021-01-11 16:42:38.87938,"['SS', 'Standalone', 'version_184']",70001777,SENS_EVENT_MEASURE,96 cm,3580 mV,6 C,0 Degree,218 Times,
2099,3133023,70B3D50070001777,1610383358905,FES Receiver,2021-01-11 17:42:38.80527,"['SS', 'Standalone', 'version_184']",70001777,SENS_EVENT_MEASURE,100 cm,3570 mV,7 C,0 Degree,219 Times,
2098,3133359,70B3D50070001777,1610386958964,FES Receiver,2021-01-11 18:42:38.837352,"['SS', 'Standalone', 'version_184']",70001777,SENS_EVENT_MEASURE,100 cm,3570 mV,5 C,0 Degree,220 Times,
2097,3133668,70B3D50070001777,1610390560357,FES Receiver,2021-01-11 19:42:40.551026,"['SS', 'Standalone', 'version_184']",70001777,SENS_EVENT_MEASURE,100 cm,3570 mV,5 C,0 Degree,221 Times,
2096,3133995,70B3D50070001777,1610394160304,FES Receiver,2021-01-11 20:42:40.49643,"['SS', 'Standalone', 'version_184']",70001777,SENS_EVENT_MEASURE,100 cm,3570 mV,6 C,0 Degree,222 Times,
2095,3134312,70B3D50070001777,1610397760237,FES Receiver,2021-01-11 21:42:40.403472,"['SS', 'Standalone', 'version_184']",70001777,SENS_EVENT_MEASURE,98 cm,3570 mV,6 C,0 Degree,223 Times,
2094,3134631,70B3D50070001777,1610401360157,FES Receiver,2021-01-11 22:42:40.31716,"['SS', 'Standalone', 'version_184']",70001777,SENS_EVENT_MEASURE,98 cm,3570 mV,6 C,0 Degree,224 Times,
2093,3134950,70B3D50070001777,1610404960096,FES Receiver,2021-01-11 23:42:40.272505,"['SS', 'Standalone', 'version_184']",70001777,SENS_EVENT_MEASURE,98 cm,3570 mV,5 C,0 Degree,225 Times,
2092,3135598,70B3D50070001777,1610412159956,FES Receiver,2021-01-12 01:42:40.075333,"['SS', 'Standalone', 'version_184']",70001777,SENS_EVENT_MEASURE,98 cm,3570 mV,6 C,0 Degree,227 Times,
2091,3135909,70B3D50070001777,1610415759896,FES Receiver,2021-01-12 02:42:39.987841,"['SS', 'Standalone', 'version_184']",70001777,SENS_EVENT_MEASURE,98 cm,3570 mV,7 C,0 Degree,228 Times,
2090,3136555,70B3D50070001777,1610422959775,FES Receiver,2021-01-12 04:42:39.860875,"['SS', 'Standalone', 'version_184']",70001777,SENS_EVENT_MEASURE,98 cm,3570 mV,5 C,0 Degree,230 Times,
2089,3136869,70B3D50070001777,1610426559715,FES Receiver,2021-01-12 05:42:39.771269,"['SS', 'Standalone', 'version_184']",70001777,SENS_EVENT_MEASURE,100 cm,3570 mV,7 C,0 Degree,231 Times,
2088,3137184,70B3D50070001777,1610430159654,FES Receiver,2021-01-12 06:42:39.703908,"['SS', 'Standalone', 'version_184']",70001777,SENS_EVENT_MEASURE,98 cm,3570 mV,5 C,0 Degree,232 Times,
2087,3137495,70B3D50070001777,1610433759574,FES Receiver,2021-01-12 07:42:39.620656,"['SS', 'Standalone', 'version_184']",70001777,SENS_EVENT_MEASURE,104 cm,3570 mV,5 C,0 Degree,233 Times,
2086,3137777,70B3D50070001777,1610437359514,FES Receiver,2021-01-12 08:42:39.573513,"['SS', 'Standalone', 'version_184']",70001777,SENS_EVENT_MEASURE,98 cm,3570 mV,5 C,0 Degree,234 Times,
2085,3138073,70B3D50070001777,1610440959458,FES Receiver,2021-01-12 09:42:39.457803,"['SS', 'Standalone', 'version_184']",70001777,SENS_EVENT_MEASURE,96 cm,3570 mV,5 C,0 Degree,235 Times,
2084,3138679,70B3D50070001777,1610448159333,FES Receiver,2021-01-12 11:42:39.30206,"['SS', 'Standalone', 'version_184']",70001777,SENS_EVENT_MEASURE,98 cm,3570 mV,6 C,0 Degree,237 Times,
2083,3138872,70B3D50070001777,1610451759271,FES Receiver,2021-01-12 12:42:39.222019,"['SS', 'Standalone', 'version_184']",70001777,SENS_EVENT_MEASURE,104 cm,3570 mV,7 C,1 Degree,238 Times,
2082,3139238,70B3D50070001777,1610455359190,FES Receiver,2021-01-12 13:42:39.132685,"['SS', 'Standalone', 'version_184']",70001777,SENS_EVENT_MEASURE,104 cm,3580 mV,7 C,0 Degree,239 Times,
2081,3139642,70B3D50070001777,1610458959109,FES Receiver,2021-01-12 14:42:39.03005,"['SS', 'Standalone', 'version_184']",70001777,SENS_EVENT_MEASURE,96 cm,3580 mV,9 C,0 Degree,240 Times,
2080,3140069,70B3D50070001777,1610462559029,FES Receiver,2021-01-12 15:42:38.947231,"['SS', 'Standalone', 'version_184']",70001777,SENS_EVENT_MEASURE,96 cm,3580 mV,7 C,0 Degree,241 Times,
2079,3140490,70B3D50070001777,1610466158950,FES Receiver,2021-01-12 16:42:38.886735,"['SS', 'Standalone', 'version_184']",70001777,SENS_EVENT_MEASURE,96 cm,3580 mV,7 C,1 Degree,242 Times,
2078,3140905,70B3D50070001777,1610469758847,FES Receiver,2021-01-12 17:42:38.725809,"['SS', 'Standalone', 'version_184']",70001777,SENS_EVENT_MEASURE,94 cm,3580 mV,8 C,0 Degree,243 Times,
2077,3141734,70B3D50070001777,1610476960154,FES Receiver,2021-01-12 19:42:40.363378,"['SS', 'Standalone', 'version_184']",70001777,SENS_EVENT_MEASURE,92 cm,3580 mV,7 C,1 Degree,245 Times,
2076,3142159,70B3D50070001777,1610480560093,FES Receiver,2021-01-12 20:42:40.277364,"['SS', 'Standalone', 'version_184']",70001777,SENS_EVENT_MEASURE,100 cm,3570 mV,5 C,0 Degree,246 Times,
2075,3142570,70B3D50070001777,1610484160033,FES Receiver,2021-01-12 21:42:40.202608,"['SS', 'Standalone', 'version_184']",70001777,SENS_EVENT_MEASURE,92 cm,3570 mV,5 C,0 Degree,247 Times,
2074,3142992,70B3D50070001777,1610487759973,FES Receiver,2021-01-12 22:42:40.132602,"['SS', 'Standalone', 'version_184']",70001777,SENS_EVENT_MEASURE,92 cm,3570 mV,5 C,0 Degree,248 Times,
2073,3143843,70B3D50070001777,1610494959871,FES Receiver,2021-01-13 00:42:40.010472,"['SS', 'Standalone', 'version_184']",70001777,SENS_EVENT_MEASURE,92 cm,3560 mV,2 C,0 Degree,250 Times,
2072,3144287,70B3D50070001777,1610498559836,FES Receiver,2021-01-13 01:42:39.952564,"['SS', 'Standalone', 'version_184']",70001777,SENS_EVENT_MEASURE,92 cm,3560 mV,3 C,1 Degree,251 Times,
2071,3145143,70B3D50070001777,1610505759730,FES Receiver,2021-01-13 03:42:39.837489,"['SS', 'Standalone', 'version_184']",70001777,SENS_EVENT_MEASURE,92 cm,3560 mV,2 C,0 Degree,253 Times,
2070,3145580,70B3D50070001777,1610509359690,FES Receiver,2021-01-13 04:42:39.760427,"['SS', 'Standalone', 'version_184']",70001777,SENS_EVENT_MEASURE,98 cm,3560 mV,4 C,0 Degree,254 Times,
2069,3146009,70B3D50070001777,1610512959530,FES Receiver,2021-01-13 05:42:39.59263,"['SS', 'Standalone', 'version_184']",70001777,SENS_EVENT_MEASURE,98 cm,3560 mV,5 C,0 Degree,255 Times,
2068,3146444,70B3D50070001777,1610516559609,FES Receiver,2021-01-13 06:42:39.674653,"['SS', 'Standalone', 'version_184']",70001777,SENS_EVENT_MEASURE,92 cm,3560 mV,4 C,0 Degree,0 Times,
2067,3146873,70B3D50070001777,1610520159549,FES Receiver,2021-01-13 07:42:39.580271,"['SS', 'Standalone', 'version_184']",70001777,SENS_EVENT_MEASURE,92 cm,3560 mV,3 C,0 Degree,1 Times,
2066,3148112,70B3D50070001777,1610530959367,FES Receiver,2021-01-13 10:42:39.352514,"['SS', 'Standalone', 'version_184']",70001777,SENS_EVENT_MEASURE,88 cm,3570 mV,7 C,0 Degree,4 Times,
2065,3148919,70B3D50070001777,1610538159186,FES Receiver,2021-01-13 12:42:39.157363,"['SS', 'Standalone', 'version_184']",70001777,SENS_EVENT_MEASURE,88 cm,3590 mV,8 C,0 Degree,6 Times,
2064,3149340,70B3D50070001777,1610541759091,FES Receiver,2021-01-13 13:42:39.069272,"['SS', 'Standalone', 'version_184']",70001777,SENS_EVENT_MEASURE,98 cm,3590 mV,9 C,0 Degree,7 Times,
2063,3149747,70B3D50070001777,1610545358985,FES Receiver,2021-01-13 14:42:38.913411,"['SS', 'Standalone', 'version_184']",70001777,SENS_EVENT_MEASURE,94 cm,3590 mV,11 C,0 Degree,8 Times,
2062,3150170,70B3D50070001777,1610548958748,FES Receiver,2021-01-13 15:42:38.662593,"['SS', 'Standalone', 'version_184']",70001777,SENS_EVENT_MEASURE,86 cm,3590 mV,10 C,0 Degree,9 Times,
2061,3150605,70B3D50070001777,1610552558805,FES Receiver,2021-01-13 16:42:38.711526,"['SS', 'Standalone', 'version_184']",70001777,SENS_EVENT_MEASURE,90 cm,3590 mV,9 C,0 Degree,10 Times,
2060,3151042,70B3D50070001777,1610556158730,FES Receiver,2021-01-13 17:42:38.619828,"['SS', 'Standalone', 'version_184']",70001777,SENS_EVENT_MEASURE,90 cm,3580 mV,6 C,0 Degree,11 Times,
2059,3151493,70B3D50070001777,1610559758644,FES Receiver,2021-01-13 18:42:38.519483,"['SS', 'Standalone', 'version_184']",70001777,SENS_EVENT_MEASURE,90 cm,3580 mV,7 C,0 Degree,12 Times,
2058,3151911,70B3D50070001777,1610563360036,FES Receiver,2021-01-13 19:42:40.23642,"['SS', 'Standalone', 'version_184']",70001777,SENS_EVENT_MEASURE,84 cm,3580 mV,7 C,0 Degree,13 Times,
2057,3152328,70B3D50070001777,1610566959816,FES Receiver,2021-01-13 20:42:40.400913,"['SS', 'Standalone', 'version_184']",70001777,SENS_EVENT_MEASURE,82 cm,3580 mV,8 C,0 Degree,14 Times,
2056,3153161,70B3D50070001777,1610574159656,FES Receiver,2021-01-13 22:42:40.017531,"['SS', 'Standalone', 'version_184']",70001777,SENS_EVENT_MEASURE,82 cm,3580 mV,9 C,0 Degree,16 Times,
2055,3153567,70B3D50070001777,1610577759574,FES Receiver,2021-01-13 23:42:39.746004,"['SS', 'Standalone', 'version_184']",70001777,SENS_EVENT_MEASURE,84 cm,3580 mV,8 C,0 Degree,17 Times,
2054,3153985,70B3D50070001777,1610581359492,FES Receiver,2021-01-14 00:42:39.732962,"['SS', 'Standalone', 'version_184']",70001777,SENS_EVENT_MEASURE,82 cm,3580 mV,6 C,0 Degree,18 Times,
2053,3154954,70B3D50070001777,1610592159255,FES Receiver,2021-01-14 03:42:39.408206,"['SS', 'Standalone', 'version_184']",70001777,SENS_EVENT_MEASURE,82 cm,3580 mV,6 C,0 Degree,21 Times,
2052,3155388,70B3D50070001777,1610595759195,FES Receiver,2021-01-14 04:42:39.355668,"['SS', 'Standalone', 'version_184']",70001777,SENS_EVENT_MEASURE,82 cm,3580 mV,7 C,0 Degree,22 Times,
2051,3156244,70B3D50070001777,1610602964047,FES Receiver,2021-01-14 06:42:44.143439,"['SS', 'Standalone', 'version_184']",70001777,SENS_EVENT_MEASURE,82 cm,3580 mV,6 C,0 Degree,24 Times,
2050,3156677,70B3D50070001777,1610606558986,FES Receiver,2021-01-14 07:42:39.012408,"['SS', 'Standalone', 'version_184']",70001777,SENS_EVENT_MEASURE,82 cm,3580 mV,7 C,0 Degree,25 Times,
2049,3157092,70B3D50070001777,1610610159045,FES Receiver,2021-01-14 08:42:39.057442,"['SS', 'Standalone', 'version_184']",70001777,SENS_EVENT_MEASURE,86 cm,3580 mV,6 C,0 Degree,26 Times,
2048,3157496,70B3D50070001777,1610613758992,FES Receiver,2021-01-14 09:42:38.991407,"['SS', 'Standalone', 'version_184']",70001777,SENS_EVENT_MEASURE,82 cm,3580 mV,6 C,0 Degree,27 Times,
2047,3157947,70B3D50070001777,1610617358904,FES Receiver,2021-01-14 10:42:38.892455,"['SS', 'Standalone', 'version_184']",70001777,SENS_EVENT_MEASURE,80 cm,3580 mV,8 C,0 Degree,28 Times,
2046,3158389,70B3D50070001777,1610620958809,FES Receiver,2021-01-14 11:42:38.788459,"['SS', 'Standalone', 'version_184']",70001777,SENS_EVENT_MEASURE,80 cm,3580 mV,8 C,0 Degree,29 Times,
2045,3158898,70B3D50070001777,1610624558728,FES Receiver,2021-01-14 12:42:38.687448,"['SS', 'Standalone', 'version_184']",70001777,SENS_EVENT_MEASURE,80 cm,3590 mV,9 C,0 Degree,30 Times,
2044,3159339,70B3D50070001777,1610628158629,FES Receiver,2021-01-14 13:42:38.57144,"['SS', 'Standalone', 'version_184']",70001777,SENS_EVENT_MEASURE,80 cm,3590 mV,11 C,0 Degree,31 Times,
2043,3160279,70B3D50070001777,1610635358468,FES Receiver,2021-01-14 15:42:38.38444,"['SS', 'Standalone', 'version_184']",70001777,SENS_EVENT_MEASURE,80 cm,3580 mV,7 C,0 Degree,33 Times,
2042,3160764,70B3D50070001777,1610638958218,FES Receiver,2021-01-14 16:42:38.118392,"['SS', 'Standalone', 'version_184']",70001777,SENS_EVENT_MEASURE,80 cm,3580 mV,5 C,1 Degree,34 Times,
2041,3161730,70B3D50070001777,1610646158098,FES Receiver,2021-01-14 18:42:38.085914,"['SS', 'Standalone', 'version_184']",70001777,SENS_EVENT_MEASURE,80 cm,3570 mV,4 C,1 Degree,36 Times,
2040,3162694,70B3D50070001777,1610653359450,FES Receiver,2021-01-14 20:42:39.636546,"['SS', 'Standalone', 'version_184']",70001777,SENS_EVENT_MEASURE,86 cm,3570 mV,5 C,0 Degree,38 Times,
2039,3163165,70B3D50070001777,1610656959389,FES Receiver,2021-01-14 21:42:39.560031,"['SS', 'Standalone', 'version_184']",70001777,SENS_EVENT_MEASURE,80 cm,3570 mV,5 C,0 Degree,39 Times,
2038,3164104,70B3D50070001777,1610664159269,FES Receiver,2021-01-14 23:42:39.43086,"['SS', 'Standalone', 'version_184']",70001777,SENS_EVENT_MEASURE,84 cm,3560 mV,5 C,0 Degree,41 Times,
2037,3164585,70B3D50070001777,1610667759233,FES Receiver,2021-01-15 00:42:39.391658,"['SS', 'Standalone', 'version_184']",70001777,SENS_EVENT_MEASURE,84 cm,3560 mV,5 C,0 Degree,42 Times,
2036,3165058,70B3D50070001777,1610671359188,FES Receiver,2021-01-15 01:42:39.306016,"['SS', 'Standalone', 'version_184']",70001777,SENS_EVENT_MEASURE,84 cm,3560 mV,3 C,0 Degree,43 Times,
2035,3165543,70B3D50070001777,1610674959148,FES Receiver,2021-01-15 02:42:39.252024,"['SS', 'Standalone', 'version_184']",70001777,SENS_EVENT_MEASURE,84 cm,3560 mV,4 C,0 Degree,44 Times,
2034,3166048,70B3D50070001777,1610678559128,FES Receiver,2021-01-15 03:42:39.219011,"['SS', 'Standalone', 'version_184']",70001777,SENS_EVENT_MEASURE,84 cm,3550 mV,3 C,0 Degree,45 Times,
2033,3166534,70B3D50070001777,1610682159088,FES Receiver,2021-01-15 04:42:39.157028,"['SS', 'Standalone', 'version_184']",70001777,SENS_EVENT_MEASURE,82 cm,3560 mV,4 C,1 Degree,46 Times,
2032,3167016,70B3D50070001777,1610685759047,FES Receiver,2021-01-15 05:42:39.10963,"['SS', 'Standalone', 'version_184']",70001777,SENS_EVENT_MEASURE,78 cm,3560 mV,3 C,0 Degree,47 Times,
2031,3167514,70B3D50070001777,1610689364987,FES Receiver,2021-01-15 06:42:45.029874,"['SS', 'Standalone', 'version_184']",70001777,SENS_EVENT_MEASURE,78 cm,3560 mV,5 C,0 Degree,48 Times,
2030,3168002,70B3D50070001777,1610692959107,FES Receiver,2021-01-15 07:42:39.154878,"['SS', 'Standalone', 'version_184']",70001777,SENS_EVENT_MEASURE,74 cm,3560 mV,3 C,1 Degree,49 Times,
2029,3168367,70B3D50070001777,1610696558973,FES Receiver,2021-01-15 08:42:39.008921,"['SS', 'Standalone', 'version_184']",70001777,SENS_EVENT_MEASURE,76 cm,3560 mV,2 C,0 Degree,50 Times,
2028,3168713,70B3D50070001777,1610700159026,FES Receiver,2021-01-15 09:42:39.024005,"['SS', 'Standalone', 'version_184']",70001777,SENS_EVENT_MEASURE,122 cm,3560 mV,3 C,0 Degree,51 Times,
2027,3169079,70B3D50070001777,1610703758966,FES Receiver,2021-01-15 10:42:38.951148,"['SS', 'Standalone', 'version_184']",70001777,SENS_EVENT_MEASURE,122 cm,3570 mV,7 C,0 Degree,52 Times,
2026,3169774,70B3D50070001777,1610710958827,FES Receiver,2021-01-15 12:42:38.78257,"['SS', 'Standalone', 'version_184']",70001777,SENS_EVENT_MEASURE,122 cm,3580 mV,9 C,0 Degree,54 Times,
2025,3170082,70B3D50070001777,1610714558744,FES Receiver,2021-01-15 13:42:38.696543,"['SS', 'Standalone', 'version_184']",70001777,SENS_EVENT_MEASURE,122 cm,3580 mV,7 C,0 Degree,55 Times,
2024,3170389,70B3D50070001777,1610718158669,FES Receiver,2021-01-15 14:42:38.597091,"['SS', 'Standalone', 'version_184']",70001777,SENS_EVENT_MEASURE,122 cm,3580 mV,7 C,0 Degree,56 Times,
2023,3170741,70B3D50070001777,1610721758583,FES Receiver,2021-01-15 15:42:38.496676,"['SS', 'Standalone', 'version_184']",70001777,SENS_EVENT_MEASURE,124 cm,3580 mV,9 C,0 Degree,57 Times,
2022,3171425,70B3D50070001777,1610728958422,FES Receiver,2021-01-15 17:42:38.311353,"['SS', 'Standalone', 'version_184']",70001777,SENS_EVENT_MEASURE,122 cm,3580 mV,7 C,2 Degree,59 Times,
2021,3172080,70B3D50070001777,1610736159755,FES Receiver,2021-01-15 19:42:39.952267,"['SS', 'Standalone', 'version_184']",70001777,SENS_EVENT_MEASURE,122 cm,3580 mV,7 C,1 Degree,61 Times,
2020,3172406,70B3D50070001777,1610739759674,FES Receiver,2021-01-15 20:42:39.855856,"['SS', 'Standalone', 'version_184']",70001777,SENS_EVENT_MEASURE,122 cm,3580 mV,6 C,0 Degree,62 Times,
2019,3172727,70B3D50070001777,1610743359613,FES Receiver,2021-01-15 21:42:39.798186,"['SS', 'Standalone', 'version_184']",70001777,SENS_EVENT_MEASURE,122 cm,3570 mV,6 C,0 Degree,63 Times,
2018,3173044,70B3D50070001777,1610746959554,FES Receiver,2021-01-15 22:42:39.707609,"['SS', 'Standalone', 'version_184']",70001777,SENS_EVENT_MEASURE,122 cm,3580 mV,5 C,0 Degree,64 Times,
2017,3173366,70B3D50070001777,1610750559473,FES Receiver,2021-01-15 23:42:39.612115,"['SS', 'Standalone', 'version_184']",70001777,SENS_EVENT_MEASURE,124 cm,3570 mV,7 C,0 Degree,65 Times,
2016,3174042,70B3D50070001777,1610757759352,FES Receiver,2021-01-16 01:42:39.462687,"['SS', 'Standalone', 'version_184']",70001777,SENS_EVENT_MEASURE,124 cm,3570 mV,7 C,1 Degree,67 Times,
2015,3174366,70B3D50070001777,1610761359292,FES Receiver,2021-01-16 02:42:39.389093,"['SS', 'Standalone', 'version_184']",70001777,SENS_EVENT_MEASURE,124 cm,3570 mV,7 C,1 Degree,68 Times,
2014,3175016,70B3D50070001777,1610768559171,FES Receiver,2021-01-16 04:42:39.240749,"['SS', 'Standalone', 'version_184']",70001777,SENS_EVENT_MEASURE,122 cm,3570 mV,5 C,0 Degree,70 Times,
2013,3175345,70B3D50070001777,1610772159111,FES Receiver,2021-01-16 05:42:39.166287,"['SS', 'Standalone', 'version_184']",70001777,SENS_EVENT_MEASURE,124 cm,3570 mV,6 C,0 Degree,71 Times,
2012,3175723,70B3D50070001777,1610775759071,FES Receiver,2021-01-16 06:42:39.113664,"['SS', 'Standalone', 'version_184']",70001777,SENS_EVENT_MEASURE,122 cm,3570 mV,5 C,0 Degree,72 Times,
2011,3176059,70B3D50070001777,1610779359016,FES Receiver,2021-01-16 07:42:39.042454,"['SS', 'Standalone', 'version_184']",70001777,SENS_EVENT_MEASURE,122 cm,3570 mV,5 C,0 Degree,73 Times,
2010,3176380,70B3D50070001777,1610782958850,FES Receiver,2021-01-16 08:42:38.861923,"['SS', 'Standalone', 'version_184']",70001777,SENS_EVENT_MEASURE,122 cm,3570 mV,4 C,0 Degree,74 Times,
2009,3176715,70B3D50070001777,1610786558910,FES Receiver,2021-01-16 09:42:38.909477,"['SS', 'Standalone', 'version_184']",70001777,SENS_EVENT_MEASURE,122 cm,3570 mV,5 C,0 Degree,75 Times,
2008,3177368,70B3D50070001777,1610793758769,FES Receiver,2021-01-16 11:42:38.739158,"['SS', 'Standalone', 'version_184']",70001777,SENS_EVENT_MEASURE,122 cm,3580 mV,7 C,0 Degree,77 Times,
2007,3179105,70B3D50070001777,1610808158368,FES Receiver,2021-01-16 15:42:38.281745,"['SS', 'Standalone', 'version_184']",70001777,SENS_EVENT_MEASURE,128 cm,3580 mV,6 C,0 Degree,81 Times,
2006,3180459,70B3D50070001777,1610818958194,FES Receiver,2021-01-16 18:42:38.065042,"['SS', 'Standalone', 'version_184']",70001777,SENS_EVENT_MEASURE,118 cm,3570 mV,7 C,1 Degree,84 Times,
2005,3180938,70B3D50070001777,1610822559574,FES Receiver,2021-01-16 19:42:39.771311,"['SS', 'Standalone', 'version_184']",70001777,SENS_EVENT_MEASURE,122 cm,3570 mV,6 C,0 Degree,85 Times,
2004,3181410,70B3D50070001777,1610826159514,FES Receiver,2021-01-16 20:42:39.699437,"['SS', 'Standalone', 'version_184']",70001777,SENS_EVENT_MEASURE,122 cm,3570 mV,5 C,1 Degree,86 Times,
2003,3181868,70B3D50070001777,1610829759479,FES Receiver,2021-01-16 21:42:39.648399,"['SS', 'Standalone', 'version_184']",70001777,SENS_EVENT_MEASURE,122 cm,3570 mV,5 C,0 Degree,87 Times,
2002,3182794,70B3D50070001777,1610836959373,FES Receiver,2021-01-16 23:42:39.515861,"['SS', 'Standalone', 'version_184']",70001777,SENS_EVENT_MEASURE,122 cm,3570 mV,4 C,0 Degree,89 Times,
2001,3183280,70B3D50070001777,1610840559293,FES Receiver,2021-01-17 00:42:39.418651,"['SS', 'Standalone', 'version_184']",70001777,SENS_EVENT_MEASURE,122 cm,3570 mV,5 C,0 Degree,90 Times,
2000,3183776,70B3D50070001777,1610844159259,FES Receiver,2021-01-17 01:42:39.371107,"['SS', 'Standalone', 'version_184']",70001777,SENS_EVENT_MEASURE,122 cm,3570 mV,5 C,0 Degree,91 Times,
1999,3184243,70B3D50070001777,1610847759199,FES Receiver,2021-01-17 02:42:39.29709,"['SS', 'Standalone', 'version_184']",70001777,SENS_EVENT_MEASURE,120 cm,3570 mV,2 C,0 Degree,92 Times,
1998,3184728,70B3D50070001777,1610851359153,FES Receiver,2021-01-17 03:42:39.236261,"['SS', 'Standalone', 'version_184']",70001777,SENS_EVENT_MEASURE,122 cm,3570 mV,6 C,0 Degree,93 Times,
1997,3185220,70B3D50070001777,1610854959113,FES Receiver,2021-01-17 04:42:39.18208,"['SS', 'Standalone', 'version_184']",70001777,SENS_EVENT_MEASURE,120 cm,3570 mV,3 C,0 Degree,94 Times,
1996,3185691,70B3D50070001777,1610858559052,FES Receiver,2021-01-17 05:42:39.111195,"['SS', 'Standalone', 'version_184']",70001777,SENS_EVENT_MEASURE,120 cm,3570 mV,2 C,0 Degree,95 Times,
1995,3186182,70B3D50070001777,1610862159012,FES Receiver,2021-01-17 06:42:39.055273,"['SS', 'Standalone', 'version_184']",70001777,SENS_EVENT_MEASURE,122 cm,3570 mV,5 C,0 Degree,96 Times,
1994,3186668,70B3D50070001777,1610865758971,FES Receiver,2021-01-17 07:42:38.997653,"['SS', 'Standalone', 'version_184']",70001777,SENS_EVENT_MEASURE,122 cm,3570 mV,5 C,0 Degree,97 Times,
1993,3188613,70B3D50070001777,1610880158770,FES Receiver,2021-01-17 11:42:38.739326,"['SS', 'Standalone', 'version_184']",70001777,SENS_EVENT_MEASURE,122 cm,3570 mV,7 C,0 Degree,101 Times,
1992,3189111,70B3D50070001777,1610883758850,FES Receiver,2021-01-17 12:42:38.806107,"['SS', 'Standalone', 'version_184']",70001777,SENS_EVENT_MEASURE,120 cm,3570 mV,5 C,0 Degree,102 Times,
1991,3189585,70B3D50070001777,1610887358797,FES Receiver,2021-01-17 13:42:38.736767,"['SS', 'Standalone', 'version_184']",70001777,SENS_EVENT_MEASURE,120 cm,3570 mV,6 C,0 Degree,103 Times,
1990,3190555,70B3D50070001777,1610894558670,FES Receiver,2021-01-17 15:42:38.583041,"['SS', 'Standalone', 'version_184']",70001777,SENS_EVENT_MEASURE,118 cm,3570 mV,6 C,0 Degree,105 Times,
1989,3191035,70B3D50070001777,1610898158616,FES Receiver,2021-01-17 16:42:38.514496,"['SS', 'Standalone', 'version_184']",70001777,SENS_EVENT_MEASURE,122 cm,3570 mV,4 C,0 Degree,106 Times,
1988,3191507,70B3D50070001777,1610901758549,FES Receiver,2021-01-17 17:42:38.433276,"['SS', 'Standalone', 'version_184']",70001777,SENS_EVENT_MEASURE,122 cm,3570 mV,7 C,0 Degree,107 Times,
1987,3192440,70B3D50070001777,1610908959875,FES Receiver,2021-01-17 19:42:40.069102,"['SS', 'Standalone', 'version_184']",70001777,SENS_EVENT_MEASURE,122 cm,3570 mV,7 C,0 Degree,109 Times,
1986,3192904,70B3D50070001777,1610912559815,FES Receiver,2021-01-17 20:42:39.994701,"['SS', 'Standalone', 'version_184']",70001777,SENS_EVENT_MEASURE,122 cm,3570 mV,5 C,0 Degree,110 Times,
1985,3193379,70B3D50070001777,1610916159737,FES Receiver,2021-01-17 21:42:39.904507,"['SS', 'Standalone', 'version_184']",70001777,SENS_EVENT_MEASURE,120 cm,3580 mV,5 C,0 Degree,111 Times,
1984,3194320,70B3D50070001777,1610923359614,FES Receiver,2021-01-17 23:42:39.752109,"['SS', 'Standalone', 'version_184']",70001777,SENS_EVENT_MEASURE,120 cm,3570 mV,7 C,0 Degree,113 Times,
1983,3194791,70B3D50070001777,1610926939554,FES Receiver,2021-01-18 00:42:19.677654,"['SS', 'Standalone', 'version_184']",70001777,SENS_EVENT_MEASURE,120 cm,3580 mV,7 C,0 Degree,114 Times,
1982,3195264,70B3D50070001777,1610930539480,FES Receiver,2021-01-18 01:42:19.588758,"['SS', 'Standalone', 'version_184']",70001777,SENS_EVENT_MEASURE,120 cm,3580 mV,5 C,0 Degree,115 Times,
1981,3195752,70B3D50070001777,1610934139414,FES Receiver,2021-01-18 02:42:19.507702,"['SS', 'Standalone', 'version_184']",70001777,SENS_EVENT_MEASURE,120 cm,3580 mV,7 C,1 Degree,116 Times,
1980,3196234,70B3D50070001777,1610937739334,FES Receiver,2021-01-18 03:42:19.411336,"['SS', 'Standalone', 'version_184']",70001777,SENS_EVENT_MEASURE,120 cm,3580 mV,7 C,0 Degree,117 Times,
1979,3196734,70B3D50070001777,1610941339273,FES Receiver,2021-01-18 04:42:19.338666,"['SS', 'Standalone', 'version_184']",70001777,SENS_EVENT_MEASURE,120 cm,3580 mV,7 C,0 Degree,118 Times,
1978,3197717,70B3D50070001777,1610948539113,FES Receiver,2021-01-18 06:42:19.149483,"['SS', 'Standalone', 'version_184']",70001777,SENS_EVENT_MEASURE,120 cm,3580 mV,5 C,0 Degree,120 Times,
1977,3198186,70B3D50070001777,1610952139053,FES Receiver,2021-01-18 07:42:19.07836,"['SS', 'Standalone', 'version_184']",70001777,SENS_EVENT_MEASURE,118 cm,3580 mV,7 C,0 Degree,121 Times,
1976,3199096,70B3D50070001777,1610959338893,FES Receiver,2021-01-18 09:42:18.886987,"['SS', 'Standalone', 'version_184']",70001777,SENS_EVENT_MEASURE,118 cm,3580 mV,7 C,0 Degree,123 Times,
1975,3199556,70B3D50070001777,1610962938813,FES Receiver,2021-01-18 10:42:18.792609,"['SS', 'Standalone', 'version_184']",70001777,SENS_EVENT_MEASURE,118 cm,3590 mV,7 C,1 Degree,124 Times,
1974,3200009,70B3D50070001777,1610966538712,FES Receiver,2021-01-18 11:42:18.678682,"['SS', 'Standalone', 'version_184']",70001777,SENS_EVENT_MEASURE,120 cm,3590 mV,10 C,0 Degree,125 Times,
1973,3200477,70B3D50070001777,1610970138612,FES Receiver,2021-01-18 12:42:18.562819,"['SS', 'Standalone', 'version_184']",70001777,SENS_EVENT_MEASURE,116 cm,3600 mV,11 C,0 Degree,126 Times,
1972,3200929,70B3D50070001777,1610973738498,FES Receiver,2021-01-18 13:42:18.435969,"['SS', 'Standalone', 'version_184']",70001777,SENS_EVENT_MEASURE,118 cm,3600 mV,11 C,0 Degree,127 Times,
1971,3201406,70B3D50070001777,1610977338391,FES Receiver,2021-01-18 14:42:18.315654,"['SS', 'Standalone', 'version_184']",70001777,SENS_EVENT_MEASURE,116 cm,3600 mV,10 C,0 Degree,128 Times,
1970,3201883,70B3D50070001777,1610980938290,FES Receiver,2021-01-18 15:42:18.20187,"['SS', 'Standalone', 'version_184']",70001777,SENS_EVENT_MEASURE,122 cm,3600 mV,10 C,1 Degree,129 Times,
1969,3202813,70B3D50070001777,1610988138090,FES Receiver,2021-01-18 17:42:17.971033,"['SS', 'Standalone', 'version_184']",70001777,SENS_EVENT_MEASURE,120 cm,3590 mV,9 C,0 Degree,131 Times,
1968,3203277,70B3D50070001777,1610991738009,FES Receiver,2021-01-18 18:42:17.875823,"['SS', 'Standalone', 'version_184']",70001777,SENS_EVENT_MEASURE,114 cm,3590 mV,9 C,1 Degree,132 Times,
1967,3203770,70B3D50070001777,1610995339233,FES Receiver,2021-01-18 19:42:19.430173,"['SS', 'Standalone', 'version_184']",70001777,SENS_EVENT_MEASURE,112 cm,3590 mV,7 C,0 Degree,133 Times,
1966,3205169,70B3D50070001777,1611006139092,FES Receiver,2021-01-18 22:42:19.247628,"['SS', 'Standalone', 'version_184']",70001777,SENS_EVENT_MEASURE,114 cm,3590 mV,8 C,0 Degree,136 Times,
1965,3205655,70B3D50070001777,1611009739012,FES Receiver,2021-01-18 23:42:19.149301,"['SS', 'Standalone', 'version_184']",70001777,SENS_EVENT_MEASURE,114 cm,3590 mV,7 C,0 Degree,137 Times,
1964,3206114,70B3D50070001777,1611013338932,FES Receiver,2021-01-19 00:42:19.055071,"['SS', 'Standalone', 'version_184']",70001777,SENS_EVENT_MEASURE,114 cm,3590 mV,9 C,0 Degree,138 Times,
1963,3206576,70B3D50070001777,1611016938852,FES Receiver,2021-01-19 01:42:18.961035,"['SS', 'Standalone', 'version_184']",70001777,SENS_EVENT_MEASURE,114 cm,3590 mV,7 C,0 Degree,139 Times,
1962,3207065,70B3D50070001777,1611020538758,FES Receiver,2021-01-19 02:42:18.851969,"['SS', 'Standalone', 'version_184']",70001777,SENS_EVENT_MEASURE,114 cm,3580 mV,8 C,0 Degree,140 Times,
1961,3207557,70B3D50070001777,1611024138692,FES Receiver,2021-01-19 03:42:18.771986,"['SS', 'Standalone', 'version_184']",70001777,SENS_EVENT_MEASURE,118 cm,3580 mV,7 C,0 Degree,141 Times,
1960,3208038,70B3D50070001777,1611027738611,FES Receiver,2021-01-19 04:42:18.676873,"['SS', 'Standalone', 'version_184']",70001777,SENS_EVENT_MEASURE,116 cm,3580 mV,9 C,0 Degree,142 Times,
1959,3208950,70B3D50070001777,1611034938451,FES Receiver,2021-01-19 06:42:18.488714,"['SS', 'Standalone', 'version_184']",70001777,SENS_EVENT_MEASURE,116 cm,3580 mV,6 C,0 Degree,144 Times,
1958,3209450,70B3D50070001777,1611038538370,FES Receiver,2021-01-19 07:42:18.396044,"['SS', 'Standalone', 'version_184']",70001777,SENS_EVENT_MEASURE,120 cm,3580 mV,9 C,0 Degree,145 Times,
1957,3209845,70B3D50070001777,1611042138290,FES Receiver,2021-01-19 08:42:18.299202,"['SS', 'Standalone', 'version_184']",70001777,SENS_EVENT_MEASURE,114 cm,3580 mV,9 C,1 Degree,146 Times,
1956,3210197,70B3D50070001777,1611045738209,FES Receiver,2021-01-19 09:42:18.203315,"['SS', 'Standalone', 'version_184']",70001777,SENS_EVENT_MEASURE,112 cm,3580 mV,7 C,0 Degree,147 Times,
1955,3210551,70B3D50070001777,1611049338134,FES Receiver,2021-01-19 10:42:18.11731,"['SS', 'Standalone', 'version_184']",70001777,SENS_EVENT_MEASURE,108 cm,3580 mV,6 C,0 Degree,148 Times,
1954,3211264,70B3D50070001777,1611056537994,FES Receiver,2021-01-19 12:42:17.947088,"['SS', 'Standalone', 'version_184']",70001777,SENS_EVENT_MEASURE,114 cm,3580 mV,6 C,0 Degree,150 Times,
1953,3211611,70B3D50070001777,1611060137935,FES Receiver,2021-01-19 13:42:17.874264,"['SS', 'Standalone', 'version_184']",70001777,SENS_EVENT_MEASURE,108 cm,3580 mV,7 C,0 Degree,151 Times,
1952,3211932,70B3D50070001777,1611063737846,FES Receiver,2021-01-19 14:42:17.771061,"['SS', 'Standalone', 'version_184']",70001777,SENS_EVENT_MEASURE,108 cm,3580 mV,9 C,0 Degree,152 Times,
1951,3212646,70B3D50070001777,1611070937665,FES Receiver,2021-01-19 16:42:17.561934,"['SS', 'Standalone', 'version_184']",70001777,SENS_EVENT_MEASURE,106 cm,3590 mV,9 C,0 Degree,154 Times,
1950,3212998,70B3D50070001777,1611074537584,FES Receiver,2021-01-19 17:42:17.467077,"['SS', 'Standalone', 'version_184']",70001777,SENS_EVENT_MEASURE,110 cm,3590 mV,9 C,0 Degree,155 Times,
1949,3214452,70B3D50070001777,1611088938691,FES Receiver,2021-01-19 21:42:18.854796,"['SS', 'Standalone', 'version_184']",70001777,SENS_EVENT_MEASURE,108 cm,3580 mV,8 C,0 Degree,159 Times,
1948,3214815,70B3D50070001777,1611092538610,FES Receiver,2021-01-19 22:42:18.758646,"['SS', 'Standalone', 'version_184']",70001777,SENS_EVENT_MEASURE,108 cm,3580 mV,7 C,1 Degree,160 Times,
1947,3215172,70B3D50070001777,1611096138549,FES Receiver,2021-01-19 23:42:18.683784,"['SS', 'Standalone', 'version_184']",70001777,SENS_EVENT_MEASURE,108 cm,3580 mV,5 C,1 Degree,161 Times,
1946,3215552,70B3D50070001777,1611099738469,FES Receiver,2021-01-20 00:42:18.59107,"['SS', 'Standalone', 'version_184']",70001777,SENS_EVENT_MEASURE,108 cm,3580 mV,6 C,1 Degree,162 Times,
1945,3215910,70B3D50070001777,1611103338388,FES Receiver,2021-01-20 01:42:18.49448,"['SS', 'Standalone', 'version_184']",70001777,SENS_EVENT_MEASURE,108 cm,3580 mV,5 C,0 Degree,163 Times,
1944,3216269,70B3D50070001777,1611106938328,FES Receiver,2021-01-20 02:42:18.422245,"['SS', 'Standalone', 'version_184']",70001777,SENS_EVENT_MEASURE,108 cm,3580 mV,6 C,0 Degree,164 Times,
1943,3217025,70B3D50070001777,1611114138173,FES Receiver,2021-01-20 04:42:18.237489,"['SS', 'Standalone', 'version_184']",70001777,SENS_EVENT_MEASURE,108 cm,3580 mV,7 C,0 Degree,166 Times,
1942,3217378,70B3D50070001777,1611117738106,FES Receiver,2021-01-20 05:42:18.154826,"['SS', 'Standalone', 'version_184']",70001777,SENS_EVENT_MEASURE,108 cm,3580 mV,7 C,0 Degree,167 Times,
1941,3217761,70B3D50070001777,1611121338032,FES Receiver,2021-01-20 06:42:18.066513,"['SS', 'Standalone', 'version_184']",70001777,SENS_EVENT_MEASURE,108 cm,3580 mV,6 C,0 Degree,168 Times,
1940,3218124,70B3D50070001777,1611124937966,FES Receiver,2021-01-20 07:42:17.988515,"['SS', 'Standalone', 'version_184']",70001777,SENS_EVENT_MEASURE,108 cm,3580 mV,7 C,1 Degree,169 Times,
1939,3218452,70B3D50070001777,1611128537757,FES Receiver,2021-01-20 08:42:17.762954,"['SS', 'Standalone', 'version_184']",70001777,SENS_EVENT_MEASURE,96 cm,3590 mV,7 C,0 Degree,170 Times,
1938,3218801,70B3D50070001777,1611132137646,FES Receiver,2021-01-20 09:42:17.638636,"['SS', 'Standalone', 'version_184']",70001777,SENS_EVENT_MEASURE,98 cm,3590 mV,11 C,0 Degree,171 Times,
1937,3219161,70B3D50070001777,1611135737525,FES Receiver,2021-01-20 10:42:17.503535,"['SS', 'Standalone', 'version_184']",70001777,SENS_EVENT_MEASURE,98 cm,3590 mV,10 C,0 Degree,172 Times,
1936,3219514,70B3D50070001777,1611139337588,FES Receiver,2021-01-20 11:42:17.552702,"['SS', 'Standalone', 'version_184']",70001777,SENS_EVENT_MEASURE,102 cm,3600 mV,11 C,0 Degree,173 Times,
1935,3220914,70B3D50070001777,1611153737087,FES Receiver,2021-01-20 15:42:16.99598,"['SS', 'Standalone', 'version_184']",70001777,SENS_EVENT_MEASURE,98 cm,3610 mV,14 C,0 Degree,177 Times,
1934,3221279,70B3D50070001777,1611157336846,FES Receiver,2021-01-20 16:42:16.74061,"['SS', 'Standalone', 'version_184']",70001777,SENS_EVENT_MEASURE,96 cm,3600 mV,13 C,0 Degree,178 Times,
1933,3221640,70B3D50070001777,1611160936700,FES Receiver,2021-01-20 17:42:16.580711,"['SS', 'Standalone', 'version_184']",70001777,SENS_EVENT_MEASURE,96 cm,3600 mV,13 C,0 Degree,179 Times,
1932,3221997,70B3D50070001777,1611164536605,FES Receiver,2021-01-20 18:42:16.47022,"['SS', 'Standalone', 'version_184']",70001777,SENS_EVENT_MEASURE,94 cm,3600 mV,10 C,0 Degree,180 Times,
1931,3222728,70B3D50070001777,1611171737968,FES Receiver,2021-01-20 20:42:18.151921,"['SS', 'Standalone', 'version_184']",70001777,SENS_EVENT_MEASURE,86 cm,3600 mV,9 C,0 Degree,182 Times,
1930,3223092,70B3D50070001777,1611175337866,FES Receiver,2021-01-20 21:42:18.034613,"['SS', 'Standalone', 'version_184']",70001777,SENS_EVENT_MEASURE,88 cm,3590 mV,11 C,0 Degree,183 Times,
1929,3223842,70B3D50070001777,1611182537691,FES Receiver,2021-01-20 23:42:17.830992,"['SS', 'Standalone', 'version_184']",70001777,SENS_EVENT_MEASURE,88 cm,3590 mV,8 C,0 Degree,185 Times,
1928,3224210,70B3D50070001777,1611186137583,FES Receiver,2021-01-21 00:42:17.710458,"['SS', 'Standalone', 'version_184']",70001777,SENS_EVENT_MEASURE,88 cm,3590 mV,10 C,1 Degree,186 Times,
1927,3224568,70B3D50070001777,1611189737503,FES Receiver,2021-01-21 01:42:17.615296,"['SS', 'Standalone', 'version_184']",70001777,SENS_EVENT_MEASURE,88 cm,3590 mV,9 C,0 Degree,187 Times,
1926,3224949,70B3D50070001777,1611193337401,FES Receiver,2021-01-21 02:42:17.503069,"['SS', 'Standalone', 'version_184']",70001777,SENS_EVENT_MEASURE,88 cm,3590 mV,9 C,0 Degree,188 Times,
1925,3225717,70B3D50070001777,1611200537199,FES Receiver,2021-01-21 04:42:17.269922,"['SS', 'Standalone', 'version_184']",70001777,SENS_EVENT_MEASURE,88 cm,3600 mV,11 C,0 Degree,190 Times,
1924,3226100,70B3D50070001777,1611204137078,FES Receiver,2021-01-21 05:42:17.135251,"['SS', 'Standalone', 'version_184']",70001777,SENS_EVENT_MEASURE,88 cm,3600 mV,12 C,0 Degree,191 Times,
1923,3226503,70B3D50070001777,1611207736964,FES Receiver,2021-01-21 06:42:17.007354,"['SS', 'Standalone', 'version_184']",70001777,SENS_EVENT_MEASURE,88 cm,3600 mV,13 C,0 Degree,192 Times,
1922,3226909,70B3D50070001777,1611211336837,FES Receiver,2021-01-21 07:42:16.869539,"['SS', 'Standalone', 'version_184']",70001777,SENS_EVENT_MEASURE,88 cm,3600 mV,13 C,0 Degree,193 Times,
1921,3227319,70B3D50070001777,1611214936719,FES Receiver,2021-01-21 08:42:16.734645,"['SS', 'Standalone', 'version_184']",70001777,SENS_EVENT_MEASURE,88 cm,3600 mV,11 C,0 Degree,194 Times,
1920,3227736,70B3D50070001777,1611218536595,FES Receiver,2021-01-21 09:42:16.597238,"['SS', 'Standalone', 'version_184']",70001777,SENS_EVENT_MEASURE,88 cm,3600 mV,13 C,0 Degree,195 Times,
1919,3228182,70B3D50070001777,1611222136354,FES Receiver,2021-01-21 10:42:16.342225,"['SS', 'Standalone', 'version_184']",70001777,SENS_EVENT_MEASURE,88 cm,3600 mV,13 C,0 Degree,196 Times,
1918,3228722,70B3D50070001777,1611225736352,FES Receiver,2021-01-21 11:42:16.32766,"['SS', 'Standalone', 'version_184']",70001777,SENS_EVENT_MEASURE,86 cm,3600 mV,11 C,1 Degree,197 Times,
1917,3229236,70B3D50070001777,1611229336252,FES Receiver,2021-01-21 12:42:16.212435,"['SS', 'Standalone', 'version_184']",70001777,SENS_EVENT_MEASURE,78 cm,3600 mV,11 C,0 Degree,198 Times,
1916,3229706,70B3D50070001777,1611232936131,FES Receiver,2021-01-21 13:42:16.077293,"['SS', 'Standalone', 'version_184']",70001777,SENS_EVENT_MEASURE,90 cm,3610 mV,13 C,0 Degree,199 Times,
1915,3230154,70B3D50070001777,1611236536010,FES Receiver,2021-01-21 14:42:15.944201,"['SS', 'Standalone', 'version_184']",70001777,SENS_EVENT_MEASURE,90 cm,3600 mV,12 C,0 Degree,200 Times,
1914,3230629,70B3D50070001777,1611240135769,FES Receiver,2021-01-21 15:42:15.688138,"['SS', 'Standalone', 'version_184']",70001777,SENS_EVENT_MEASURE,88 cm,3600 mV,11 C,0 Degree,201 Times,
1913,3231112,70B3D50070001777,1611243735648,FES Receiver,2021-01-21 16:42:15.55415,"['SS', 'Standalone', 'version_184']",70001777,SENS_EVENT_MEASURE,88 cm,3600 mV,12 C,0 Degree,202 Times,
1912,3231583,70B3D50070001777,1611247335669,FES Receiver,2021-01-21 17:42:15.559762,"['SS', 'Standalone', 'version_184']",70001777,SENS_EVENT_MEASURE,82 cm,3600 mV,12 C,0 Degree,203 Times,
1911,3232026,70B3D50070001777,1611250935554,FES Receiver,2021-01-21 18:42:15.42933,"['SS', 'Standalone', 'version_184']",70001777,SENS_EVENT_MEASURE,80 cm,3600 mV,12 C,0 Degree,204 Times,
1910,3232503,70B3D50070001777,1611254536786,FES Receiver,2021-01-21 19:42:16.977641,"['SS', 'Standalone', 'version_184']",70001777,SENS_EVENT_MEASURE,80 cm,3600 mV,11 C,0 Degree,205 Times,
1909,3233006,70B3D50070001777,1611258136665,FES Receiver,2021-01-21 20:42:16.843692,"['SS', 'Standalone', 'version_184']",70001777,SENS_EVENT_MEASURE,80 cm,3600 mV,12 C,0 Degree,206 Times,
1908,3233946,70B3D50070001777,1611265336444,FES Receiver,2021-01-21 22:42:16.593884,"['SS', 'Standalone', 'version_184']",70001777,SENS_EVENT_MEASURE,80 cm,3600 mV,13 C,0 Degree,208 Times,
1907,3234412,70B3D50070001777,1611268936384,FES Receiver,2021-01-21 23:42:16.518768,"['SS', 'Standalone', 'version_184']",70001777,SENS_EVENT_MEASURE,80 cm,3600 mV,12 C,0 Degree,209 Times,
1906,3234885,70B3D50070001777,1611272536323,FES Receiver,2021-01-22 00:42:16.445828,"['SS', 'Standalone', 'version_184']",70001777,SENS_EVENT_MEASURE,82 cm,3600 mV,13 C,0 Degree,210 Times,
1905,3235365,70B3D50070001777,1611276136206,FES Receiver,2021-01-22 01:42:16.314439,"['SS', 'Standalone', 'version_184']",70001777,SENS_EVENT_MEASURE,82 cm,3600 mV,13 C,0 Degree,211 Times,
1904,3236286,70B3D50070001777,1611283335961,FES Receiver,2021-01-22 03:42:16.041652,"['SS', 'Standalone', 'version_184']",70001777,SENS_EVENT_MEASURE,82 cm,3600 mV,13 C,1 Degree,213 Times,
1903,3236759,70B3D50070001777,1611286935850,FES Receiver,2021-01-22 04:42:15.914767,"['SS', 'Standalone', 'version_184']",70001777,SENS_EVENT_MEASURE,82 cm,3600 mV,13 C,0 Degree,214 Times,
1902,3237217,70B3D50070001777,1611290535726,FES Receiver,2021-01-22 05:42:15.775906,"['SS', 'Standalone', 'version_184']",70001777,SENS_EVENT_MEASURE,82 cm,3600 mV,13 C,0 Degree,215 Times,
1901,3237704,70B3D50070001777,1611294135599,FES Receiver,2021-01-22 06:42:15.635759,"['SS', 'Standalone', 'version_184']",70001777,SENS_EVENT_MEASURE,82 cm,3600 mV,13 C,0 Degree,216 Times,
1900,3238096,70B3D50070001777,1611297735478,FES Receiver,2021-01-22 07:42:15.502389,"['SS', 'Standalone', 'version_184']",70001777,SENS_EVENT_MEASURE,80 cm,3600 mV,11 C,1 Degree,217 Times,
1899,3238818,70B3D50070001777,1611304935263,FES Receiver,2021-01-22 09:42:15.256582,"['SS', 'Standalone', 'version_184']",70001777,SENS_EVENT_MEASURE,124 cm,3590 mV,9 C,0 Degree,219 Times,
1898,3239166,70B3D50070001777,1611308535175,FES Receiver,2021-01-22 10:42:15.15608,"['SS', 'Standalone', 'version_184']",70001777,SENS_EVENT_MEASURE,124 cm,3590 mV,10 C,0 Degree,220 Times,
1897,3239527,70B3D50070001777,1611312134957,FES Receiver,2021-01-22 11:42:14.923884,"['SS', 'Standalone', 'version_184']",70001777,SENS_EVENT_MEASURE,124 cm,3590 mV,10 C,0 Degree,221 Times,
1896,3239887,70B3D50070001777,1611315734976,FES Receiver,2021-01-22 12:42:14.930354,"['SS', 'Standalone', 'version_184']",70001777,SENS_EVENT_MEASURE,122 cm,3590 mV,10 C,1 Degree,222 Times,
1895,3240236,70B3D50070001777,1611319334885,FES Receiver,2021-01-22 13:42:14.823298,"['SS', 'Standalone', 'version_184']",70001777,SENS_EVENT_MEASURE,122 cm,3590 mV,12 C,0 Degree,223 Times,
1894,3240573,70B3D50070001777,1611322934795,FES Receiver,2021-01-22 14:42:14.720157,"['SS', 'Standalone', 'version_184']",70001777,SENS_EVENT_MEASURE,122 cm,3590 mV,9 C,0 Degree,224 Times,
1893,3240939,70B3D50070001777,1611326534678,FES Receiver,2021-01-22 15:42:14.589263,"['SS', 'Standalone', 'version_184']",70001777,SENS_EVENT_MEASURE,124 cm,3590 mV,13 C,0 Degree,225 Times,
1892,3241303,70B3D50070001777,1611330134431,FES Receiver,2021-01-22 16:42:14.329547,"['SS', 'Standalone', 'version_184']",70001777,SENS_EVENT_MEASURE,124 cm,3590 mV,10 C,0 Degree,226 Times,
1891,3241647,70B3D50070001777,1611333734496,FES Receiver,2021-01-22 17:42:14.379264,"['SS', 'Standalone', 'version_184']",70001777,SENS_EVENT_MEASURE,124 cm,3590 mV,9 C,0 Degree,227 Times,
1890,3241983,70B3D50070001777,1611337334410,FES Receiver,2021-01-22 18:42:14.278273,"['SS', 'Standalone', 'version_184']",70001777,SENS_EVENT_MEASURE,132 cm,3580 mV,8 C,0 Degree,228 Times,
1889,3242348,70B3D50070001777,1611340935789,FES Receiver,2021-01-22 19:42:15.98634,"['SS', 'Standalone', 'version_184']",70001777,SENS_EVENT_MEASURE,132 cm,3580 mV,9 C,0 Degree,229 Times,
1888,3242726,70B3D50070001777,1611344535715,FES Receiver,2021-01-22 20:42:15.896521,"['SS', 'Standalone', 'version_184']",70001777,SENS_EVENT_MEASURE,122 cm,3580 mV,9 C,0 Degree,230 Times,
1887,3243091,70B3D50070001777,1611348135635,FES Receiver,2021-01-22 21:42:15.804009,"['SS', 'Standalone', 'version_184']",70001777,SENS_EVENT_MEASURE,122 cm,3580 mV,6 C,1 Degree,231 Times,
1886,3243446,70B3D50070001777,1611351735548,FES Receiver,2021-01-22 22:42:15.702232,"['SS', 'Standalone', 'version_184']",70001777,SENS_EVENT_MEASURE,124 cm,3580 mV,10 C,0 Degree,232 Times,
1885,3243814,70B3D50070001777,1611355335467,FES Receiver,2021-01-22 23:42:15.608055,"['SS', 'Standalone', 'version_184']",70001777,SENS_EVENT_MEASURE,122 cm,3580 mV,7 C,0 Degree,233 Times,
1884,3244175,70B3D50070001777,1611358935387,FES Receiver,2021-01-23 00:42:15.512091,"['SS', 'Standalone', 'version_184']",70001777,SENS_EVENT_MEASURE,124 cm,3580 mV,10 C,0 Degree,234 Times,
1883,3244906,70B3D50070001777,1611366135231,FES Receiver,2021-01-23 02:42:15.328795,"['SS', 'Standalone', 'version_184']",70001777,SENS_EVENT_MEASURE,122 cm,3580 mV,9 C,0 Degree,236 Times,
1882,3245279,70B3D50070001777,1611369735145,FES Receiver,2021-01-23 03:42:15.227711,"['SS', 'Standalone', 'version_184']",70001777,SENS_EVENT_MEASURE,122 cm,3580 mV,8 C,0 Degree,237 Times,
1881,3245666,70B3D50070001777,1611373335064,FES Receiver,2021-01-23 04:42:15.13306,"['SS', 'Standalone', 'version_184']",70001777,SENS_EVENT_MEASURE,122 cm,3580 mV,8 C,0 Degree,238 Times,
1880,3246050,70B3D50070001777,1611376934983,FES Receiver,2021-01-23 05:42:15.039708,"['SS', 'Standalone', 'version_184']",70001777,SENS_EVENT_MEASURE,122 cm,3580 mV,8 C,0 Degree,239 Times,
1879,3246418,70B3D50070001777,1611380534903,FES Receiver,2021-01-23 06:42:14.944936,"['SS', 'Standalone', 'version_184']",70001777,SENS_EVENT_MEASURE,122 cm,3580 mV,9 C,0 Degree,240 Times,
1878,3246815,70B3D50070001777,1611384134822,FES Receiver,2021-01-23 07:42:14.850063,"['SS', 'Standalone', 'version_184']",70001777,SENS_EVENT_MEASURE,122 cm,3580 mV,7 C,0 Degree,241 Times,
1877,3247549,70B3D50070001777,1611391334681,FES Receiver,2021-01-23 09:42:14.679571,"['SS', 'Standalone', 'version_184']",70001777,SENS_EVENT_MEASURE,124 cm,3580 mV,9 C,0 Degree,243 Times,
1876,3247913,70B3D50070001777,1611394934601,FES Receiver,2021-01-23 10:42:14.584684,"['SS', 'Standalone', 'version_184']",70001777,SENS_EVENT_MEASURE,122 cm,3580 mV,9 C,0 Degree,244 Times,
1875,3248281,70B3D50070001777,1611398534380,FES Receiver,2021-01-23 11:42:14.349318,"['SS', 'Standalone', 'version_184']",70001777,SENS_EVENT_MEASURE,122 cm,3580 mV,9 C,0 Degree,245 Times,
1874,3248666,70B3D50070001777,1611402134419,FES Receiver,2021-01-23 12:42:14.374755,"['SS', 'Standalone', 'version_184']",70001777,SENS_EVENT_MEASURE,118 cm,3590 mV,9 C,0 Degree,246 Times,
1873,3249049,70B3D50070001777,1611405734198,FES Receiver,2021-01-23 13:42:14.13991,"['SS', 'Standalone', 'version_184']",70001777,SENS_EVENT_MEASURE,122 cm,3590 mV,11 C,0 Degree,247 Times,
1872,3249519,70B3D50070001777,1611409334218,FES Receiver,2021-01-23 14:42:14.144787,"['SS', 'Standalone', 'version_184']",70001777,SENS_EVENT_MEASURE,118 cm,3590 mV,13 C,0 Degree,248 Times,
1871,3250471,70B3D50070001777,1611416534023,FES Receiver,2021-01-23 16:42:13.921684,"['SS', 'Standalone', 'version_184']",70001777,SENS_EVENT_MEASURE,116 cm,3590 mV,12 C,0 Degree,250 Times,
1870,3250940,70B3D50070001777,1611420133936,FES Receiver,2021-01-23 17:42:13.821668,"['SS', 'Standalone', 'version_184']",70001777,SENS_EVENT_MEASURE,110 cm,3590 mV,9 C,0 Degree,251 Times,
1869,3251414,70B3D50070001777,1611423733835,FES Receiver,2021-01-23 18:42:13.705204,"['SS', 'Standalone', 'version_184']",70001777,SENS_EVENT_MEASURE,110 cm,3590 mV,9 C,0 Degree,252 Times,
1868,3251904,70B3D50070001777,1611427335206,FES Receiver,2021-01-23 19:42:15.405607,"['SS', 'Standalone', 'version_184']",70001777,SENS_EVENT_MEASURE,110 cm,3590 mV,9 C,0 Degree,253 Times,
1867,3252358,70B3D50070001777,1611430935126,FES Receiver,2021-01-23 20:42:15.310271,"['SS', 'Standalone', 'version_184']",70001777,SENS_EVENT_MEASURE,110 cm,3580 mV,8 C,0 Degree,254 Times,
1866,3252831,70B3D50070001777,1611434535025,FES Receiver,2021-01-23 21:42:15.197901,"['SS', 'Standalone', 'version_184']",70001777,SENS_EVENT_MEASURE,110 cm,3580 mV,6 C,0 Degree,255 Times,
1865,3253331,70B3D50070001777,1611438134944,FES Receiver,2021-01-23 22:42:15.101096,"['SS', 'Standalone', 'version_184']",70001777,SENS_EVENT_MEASURE,110 cm,3580 mV,7 C,0 Degree,0 Times,
1864,3253819,70B3D50070001777,1611441734863,FES Receiver,2021-01-23 23:42:15.006575,"['SS', 'Standalone', 'version_184']",70001777,SENS_EVENT_MEASURE,110 cm,3580 mV,9 C,0 Degree,1 Times,
1863,3254290,70B3D50070001777,1611445334783,FES Receiver,2021-01-24 00:42:14.91153,"['SS', 'Standalone', 'version_184']",70001777,SENS_EVENT_MEASURE,110 cm,3580 mV,8 C,0 Degree,2 Times,
1862,3254775,70B3D50070001777,1611448934709,FES Receiver,2021-01-24 01:42:14.823556,"['SS', 'Standalone', 'version_184']",70001777,SENS_EVENT_MEASURE,112 cm,3580 mV,9 C,0 Degree,3 Times,
1861,3255226,70B3D50070001777,1611452534641,FES Receiver,2021-01-24 02:42:14.742266,"['SS', 'Standalone', 'version_184']",70001777,SENS_EVENT_MEASURE,110 cm,3580 mV,8 C,0 Degree,4 Times,
1860,3255711,70B3D50070001777,1611456134561,FES Receiver,2021-01-24 03:42:14.64778,"['SS', 'Standalone', 'version_184']",70001777,SENS_EVENT_MEASURE,112 cm,3580 mV,6 C,0 Degree,5 Times,
1859,3256648,70B3D50070001777,1611463334419,FES Receiver,2021-01-24 05:42:14.477932,"['SS', 'Standalone', 'version_184']",70001777,SENS_EVENT_MEASURE,112 cm,3570 mV,5 C,0 Degree,7 Times,
1858,3257125,70B3D50070001777,1611466934358,FES Receiver,2021-01-24 06:42:14.403793,"['SS', 'Standalone', 'version_184']",70001777,SENS_EVENT_MEASURE,112 cm,3570 mV,7 C,0 Degree,8 Times,
1857,3257613,70B3D50070001777,1611470539284,FES Receiver,2021-01-24 07:42:19.316554,"['SS', 'Standalone', 'version_184']",70001777,SENS_EVENT_MEASURE,112 cm,3570 mV,7 C,0 Degree,9 Times,
1856,3258070,70B3D50070001777,1611474134238,FES Receiver,2021-01-24 08:42:14.255792,"['SS', 'Standalone', 'version_184']",70001777,SENS_EVENT_MEASURE,110 cm,3570 mV,7 C,0 Degree,10 Times,
1855,3258536,70B3D50070001777,1611477734156,FES Receiver,2021-01-24 09:42:14.158184,"['SS', 'Standalone', 'version_184']",70001777,SENS_EVENT_MEASURE,110 cm,3570 mV,6 C,0 Degree,11 Times,
1854,3259035,70B3D50070001777,1611481334095,FES Receiver,2021-01-24 10:42:14.082926,"['SS', 'Standalone', 'version_184']",70001777,SENS_EVENT_MEASURE,110 cm,3570 mV,5 C,0 Degree,12 Times,
1853,3259507,70B3D50070001777,1611484934034,FES Receiver,2021-01-24 11:42:14.010868,"['SS', 'Standalone', 'version_184']",70001777,SENS_EVENT_MEASURE,110 cm,3570 mV,7 C,0 Degree,13 Times,
1852,3259999,70B3D50070001777,1611488533854,FES Receiver,2021-01-24 12:42:13.815622,"['SS', 'Standalone', 'version_184']",70001777,SENS_EVENT_MEASURE,118 cm,3570 mV,7 C,0 Degree,14 Times,
1851,3260937,70B3D50070001777,1611495733814,FES Receiver,2021-01-24 14:42:13.746694,"['SS', 'Standalone', 'version_184']",70001777,SENS_EVENT_MEASURE,112 cm,3580 mV,8 C,0 Degree,16 Times,
1850,3261429,70B3D50070001777,1611499333734,FES Receiver,2021-01-24 15:42:13.651583,"['SS', 'Standalone', 'version_184']",70001777,SENS_EVENT_MEASURE,120 cm,3590 mV,10 C,0 Degree,17 Times,
1849,3261910,70B3D50070001777,1611502933631,FES Receiver,2021-01-24 16:42:13.535301,"['SS', 'Standalone', 'version_184']",70001777,SENS_EVENT_MEASURE,114 cm,3580 mV,7 C,0 Degree,18 Times,
1848,3262414,70B3D50070001777,1611506533551,FES Receiver,2021-01-24 17:42:13.439103,"['SS', 'Standalone', 'version_184']",70001777,SENS_EVENT_MEASURE,114 cm,3580 mV,7 C,0 Degree,19 Times,
1847,3262870,70B3D50070001777,1611510133490,FES Receiver,2021-01-24 18:42:13.364854,"['SS', 'Standalone', 'version_184']",70001777,SENS_EVENT_MEASURE,108 cm,3580 mV,7 C,0 Degree,20 Times,
1846,3263348,70B3D50070001777,1611513734866,FES Receiver,2021-01-24 19:42:15.059727,"['SS', 'Standalone', 'version_184']",70001777,SENS_EVENT_MEASURE,108 cm,3570 mV,6 C,1 Degree,21 Times,
1845,3263801,70B3D50070001777,1611517334806,FES Receiver,2021-01-24 20:42:14.984237,"['SS', 'Standalone', 'version_184']",70001777,SENS_EVENT_MEASURE,108 cm,3570 mV,5 C,0 Degree,22 Times,
1844,3264285,70B3D50070001777,1611520934745,FES Receiver,2021-01-24 21:42:14.910895,"['SS', 'Standalone', 'version_184']",70001777,SENS_EVENT_MEASURE,108 cm,3570 mV,7 C,0 Degree,23 Times,
1843,3264767,70B3D50070001777,1611524534671,FES Receiver,2021-01-24 22:42:14.822421,"['SS', 'Standalone', 'version_184']",70001777,SENS_EVENT_MEASURE,108 cm,3570 mV,6 C,0 Degree,24 Times,
1842,3265237,70B3D50070001777,1611528134624,FES Receiver,2021-01-24 23:42:14.761437,"['SS', 'Standalone', 'version_184']",70001777,SENS_EVENT_MEASURE,108 cm,3570 mV,6 C,0 Degree,25 Times,
1841,3265708,70B3D50070001777,1611531734563,FES Receiver,2021-01-25 00:42:14.686422,"['SS', 'Standalone', 'version_184']",70001777,SENS_EVENT_MEASURE,108 cm,3570 mV,7 C,0 Degree,26 Times,
1840,3266176,70B3D50070001777,1611535334503,FES Receiver,2021-01-25 01:42:14.61381,"['SS', 'Standalone', 'version_184']",70001777,SENS_EVENT_MEASURE,108 cm,3570 mV,5 C,0 Degree,27 Times,
1839,3266665,70B3D50070001777,1611538934442,FES Receiver,2021-01-25 02:42:14.537363,"['SS', 'Standalone', 'version_184']",70001777,SENS_EVENT_MEASURE,108 cm,3570 mV,5 C,0 Degree,28 Times,
1838,3267145,70B3D50070001777,1611542534382,FES Receiver,2021-01-25 03:42:14.463047,"['SS', 'Standalone', 'version_184']",70001777,SENS_EVENT_MEASURE,108 cm,3570 mV,5 C,1 Degree,29 Times,
1837,3267638,70B3D50070001777,1611546134321,FES Receiver,2021-01-25 04:42:14.388273,"['SS', 'Standalone', 'version_184']",70001777,SENS_EVENT_MEASURE,108 cm,3570 mV,5 C,0 Degree,30 Times,
1836,3268109,70B3D50070001777,1611549734262,FES Receiver,2021-01-25 05:42:14.314795,"['SS', 'Standalone', 'version_184']",70001777,SENS_EVENT_MEASURE,108 cm,3570 mV,5 C,0 Degree,31 Times,
1835,3268588,70B3D50070001777,1611553334201,FES Receiver,2021-01-25 06:42:14.240297,"['SS', 'Standalone', 'version_184']",70001777,SENS_EVENT_MEASURE,108 cm,3570 mV,5 C,0 Degree,32 Times,
1834,3269060,70B3D50070001777,1611556934159,FES Receiver,2021-01-25 07:42:14.186008,"['SS', 'Standalone', 'version_184']",70001777,SENS_EVENT_MEASURE,108 cm,3570 mV,5 C,0 Degree,33 Times,
1833,3269527,70B3D50070001777,1611560534098,FES Receiver,2021-01-25 08:42:14.109889,"['SS', 'Standalone', 'version_184']",70001777,SENS_EVENT_MEASURE,112 cm,3570 mV,6 C,0 Degree,34 Times,
1832,3269985,70B3D50070001777,1611564134037,FES Receiver,2021-01-25 09:42:14.036205,"['SS', 'Standalone', 'version_184']",70001777,SENS_EVENT_MEASURE,122 cm,3570 mV,5 C,0 Degree,35 Times,
1831,3270463,70B3D50070001777,1611567733961,FES Receiver,2021-01-25 10:42:13.944442,"['SS', 'Standalone', 'version_184']",70001777,SENS_EVENT_MEASURE,106 cm,3570 mV,5 C,0 Degree,36 Times,
1830,3270891,70B3D50070001777,1611571333896,FES Receiver,2021-01-25 11:42:13.864847,"['SS', 'Standalone', 'version_184']",70001777,SENS_EVENT_MEASURE,106 cm,3570 mV,6 C,0 Degree,37 Times,
1829,3271366,70B3D50070001777,1611574933835,FES Receiver,2021-01-25 12:42:13.790603,"['SS', 'Standalone', 'version_184']",70001777,SENS_EVENT_MEASURE,110 cm,3570 mV,6 C,0 Degree,38 Times,
1828,3271815,70B3D50070001777,1611578533774,FES Receiver,2021-01-25 13:42:13.715311,"['SS', 'Standalone', 'version_184']",70001777,SENS_EVENT_MEASURE,104 cm,3570 mV,5 C,0 Degree,39 Times,
1827,3272261,70B3D50070001777,1611582133694,FES Receiver,2021-01-25 14:42:13.622649,"['SS', 'Standalone', 'version_184']",70001777,SENS_EVENT_MEASURE,104 cm,3570 mV,7 C,0 Degree,40 Times,
1826,3272631,70B3D50070001777,1611585733619,FES Receiver,2021-01-25 15:42:13.531587,"['SS', 'Standalone', 'version_184']",70001777,SENS_EVENT_MEASURE,104 cm,3580 mV,7 C,0 Degree,41 Times,
1825,3272934,70B3D50070001777,1611589333422,FES Receiver,2021-01-25 16:42:13.320541,"['SS', 'Standalone', 'version_184']",70001777,SENS_EVENT_MEASURE,102 cm,3580 mV,7 C,0 Degree,42 Times,
1824,3273242,70B3D50070001777,1611592933471,FES Receiver,2021-01-25 17:42:13.357066,"['SS', 'Standalone', 'version_184']",70001777,SENS_EVENT_MEASURE,104 cm,3580 mV,6 C,0 Degree,43 Times,
1823,3273555,70B3D50070001777,1611596533410,FES Receiver,2021-01-25 18:42:13.283093,"['SS', 'Standalone', 'version_184']",70001777,SENS_EVENT_MEASURE,110 cm,3580 mV,6 C,0 Degree,44 Times,
1822,3273881,70B3D50070001777,1611600134662,FES Receiver,2021-01-25 19:42:14.861818,"['SS', 'Standalone', 'version_184']",70001777,SENS_EVENT_MEASURE,106 cm,3580 mV,6 C,0 Degree,45 Times,
1821,3274505,70B3D50070001777,1611607334664,FES Receiver,2021-01-25 21:42:14.837182,"['SS', 'Standalone', 'version_184']",70001777,SENS_EVENT_MEASURE,102 cm,3570 mV,5 C,1 Degree,47 Times,
1820,3274815,70B3D50070001777,1611610934626,FES Receiver,2021-01-25 22:42:14.784586,"['SS', 'Standalone', 'version_184']",70001777,SENS_EVENT_MEASURE,104 cm,3570 mV,5 C,1 Degree,48 Times,
1819,3275440,70B3D50070001777,1611618134499,FES Receiver,2021-01-26 00:42:14.628093,"['SS', 'Standalone', 'version_184']",70001777,SENS_EVENT_MEASURE,104 cm,3570 mV,5 C,0 Degree,50 Times,
1818,3275766,70B3D50070001777,1611621734438,FES Receiver,2021-01-26 01:42:14.55264,"['SS', 'Standalone', 'version_184']",70001777,SENS_EVENT_MEASURE,104 cm,3570 mV,5 C,0 Degree,51 Times,
1817,3276085,70B3D50070001777,1611625334378,FES Receiver,2021-01-26 02:42:14.477323,"['SS', 'Standalone', 'version_184']",70001777,SENS_EVENT_MEASURE,102 cm,3570 mV,5 C,0 Degree,52 Times,
1816,3276416,70B3D50070001777,1611628934317,FES Receiver,2021-01-26 03:42:14.403403,"['SS', 'Standalone', 'version_184']",70001777,SENS_EVENT_MEASURE,104 cm,3570 mV,5 C,0 Degree,53 Times,
1815,3277102,70B3D50070001777,1611636134196,FES Receiver,2021-01-26 05:42:14.253692,"['SS', 'Standalone', 'version_184']",70001777,SENS_EVENT_MEASURE,96 cm,3560 mV,6 C,0 Degree,55 Times,
1814,3277442,70B3D50070001777,1611639734135,FES Receiver,2021-01-26 06:42:14.18137,"['SS', 'Standalone', 'version_184']",70001777,SENS_EVENT_MEASURE,108 cm,3570 mV,7 C,0 Degree,56 Times,
1813,3277794,70B3D50070001777,1611643338075,FES Receiver,2021-01-26 07:42:18.10702,"['SS', 'Standalone', 'version_184']",70001777,SENS_EVENT_MEASURE,96 cm,3580 mV,6 C,0 Degree,57 Times,
1812,3278169,70B3D50070001777,1611646933994,FES Receiver,2021-01-26 08:42:14.010687,"['SS', 'Standalone', 'version_184']",70001777,SENS_EVENT_MEASURE,96 cm,3580 mV,7 C,0 Degree,58 Times,
1811,3278586,70B3D50070001777,1611650533914,FES Receiver,2021-01-26 09:42:13.916085,"['SS', 'Standalone', 'version_184']",70001777,SENS_EVENT_MEASURE,98 cm,3580 mV,8 C,0 Degree,59 Times,
1810,3278984,70B3D50070001777,1611654133853,FES Receiver,2021-01-26 10:42:13.840594,"['SS', 'Standalone', 'version_184']",70001777,SENS_EVENT_MEASURE,98 cm,3580 mV,9 C,0 Degree,60 Times,
1809,3279401,70B3D50070001777,1611657733773,FES Receiver,2021-01-26 11:42:13.749411,"['SS', 'Standalone', 'version_184']",70001777,SENS_EVENT_MEASURE,96 cm,3580 mV,7 C,0 Degree,61 Times,
1808,3280311,70B3D50070001777,1611664933483,FES Receiver,2021-01-26 13:42:13.429227,"['SS', 'Standalone', 'version_184']",70001777,SENS_EVENT_MEASURE,98 cm,3590 mV,7 C,0 Degree,63 Times,
1807,3280716,70B3D50070001777,1611668533510,FES Receiver,2021-01-26 14:42:13.443508,"['SS', 'Standalone', 'version_184']",70001777,SENS_EVENT_MEASURE,96 cm,3590 mV,12 C,0 Degree,64 Times,
1806,3281150,70B3D50070001777,1611672133411,FES Receiver,2021-01-26 15:42:13.329499,"['SS', 'Standalone', 'version_184']",70001777,SENS_EVENT_MEASURE,96 cm,3590 mV,9 C,1 Degree,65 Times,
1805,3281623,70B3D50070001777,1611675733309,FES Receiver,2021-01-26 16:42:13.213007,"['SS', 'Standalone', 'version_184']",70001777,SENS_EVENT_MEASURE,90 cm,3590 mV,7 C,0 Degree,66 Times,
1804,3282077,70B3D50070001777,1611679333069,FES Receiver,2021-01-26 17:42:12.959049,"['SS', 'Standalone', 'version_184']",70001777,SENS_EVENT_MEASURE,94 cm,3580 mV,8 C,0 Degree,67 Times,
1803,3282535,70B3D50070001777,1611682932988,FES Receiver,2021-01-26 18:42:12.863731,"['SS', 'Standalone', 'version_184']",70001777,SENS_EVENT_MEASURE,94 cm,3580 mV,7 C,0 Degree,68 Times,
1802,3283004,70B3D50070001777,1611686534400,FES Receiver,2021-01-26 19:42:14.596875,"['SS', 'Standalone', 'version_184']",70001777,SENS_EVENT_MEASURE,94 cm,3580 mV,7 C,0 Degree,69 Times,
1801,3283474,70B3D50070001777,1611690134340,FES Receiver,2021-01-26 20:42:14.52356,"['SS', 'Standalone', 'version_184']",70001777,SENS_EVENT_MEASURE,94 cm,3580 mV,7 C,1 Degree,70 Times,
1800,3283945,70B3D50070001777,1611693734419,FES Receiver,2021-01-26 21:42:14.58588,"['SS', 'Standalone', 'version_184']",70001777,SENS_EVENT_MEASURE,94 cm,3580 mV,7 C,0 Degree,71 Times,
1799,3284414,70B3D50070001777,1611697334322,FES Receiver,2021-01-26 22:42:14.476356,"['SS', 'Standalone', 'version_184']",70001777,SENS_EVENT_MEASURE,94 cm,3580 mV,5 C,0 Degree,72 Times,
1798,3284871,70B3D50070001777,1611700934258,FES Receiver,2021-01-26 23:42:14.398014,"['SS', 'Standalone', 'version_184']",70001777,SENS_EVENT_MEASURE,94 cm,3580 mV,6 C,0 Degree,73 Times,
1797,3285356,70B3D50070001777,1611704534198,FES Receiver,2021-01-27 00:42:14.323348,"['SS', 'Standalone', 'version_184']",70001777,SENS_EVENT_MEASURE,94 cm,3570 mV,4 C,0 Degree,74 Times,
1796,3285837,70B3D50070001777,1611708134137,FES Receiver,2021-01-27 01:42:14.249392,"['SS', 'Standalone', 'version_184']",70001777,SENS_EVENT_MEASURE,94 cm,3570 mV,5 C,0 Degree,75 Times,
1795,3286301,70B3D50070001777,1611711734077,FES Receiver,2021-01-27 02:42:14.174356,"['SS', 'Standalone', 'version_184']",70001777,SENS_EVENT_MEASURE,94 cm,3570 mV,5 C,0 Degree,76 Times,
1794,3286773,70B3D50070001777,1611715334018,FES Receiver,2021-01-27 03:42:14.101259,"['SS', 'Standalone', 'version_184']",70001777,SENS_EVENT_MEASURE,94 cm,3570 mV,7 C,0 Degree,77 Times,
1793,3287248,70B3D50070001777,1611718933956,FES Receiver,2021-01-27 04:42:14.025025,"['SS', 'Standalone', 'version_184']",70001777,SENS_EVENT_MEASURE,94 cm,3570 mV,7 C,0 Degree,78 Times,
1792,3287713,70B3D50070001777,1611722533895,FES Receiver,2021-01-27 05:42:13.950354,"['SS', 'Standalone', 'version_184']",70001777,SENS_EVENT_MEASURE,94 cm,3570 mV,7 C,1 Degree,79 Times,
1791,3288201,70B3D50070001777,1611726133715,FES Receiver,2021-01-27 06:42:13.75657,"['SS', 'Standalone', 'version_184']",70001777,SENS_EVENT_MEASURE,94 cm,3570 mV,5 C,0 Degree,80 Times,
1790,3288685,70B3D50070001777,1611729733778,FES Receiver,2021-01-27 07:42:13.80736,"['SS', 'Standalone', 'version_184']",70001777,SENS_EVENT_MEASURE,94 cm,3570 mV,5 C,0 Degree,81 Times,
1789,3289146,70B3D50070001777,1611733333714,FES Receiver,2021-01-27 08:42:13.726427,"['SS', 'Standalone', 'version_184']",70001777,SENS_EVENT_MEASURE,90 cm,3570 mV,6 C,1 Degree,82 Times,
1788,3289592,70B3D50070001777,1611736933654,FES Receiver,2021-01-27 09:42:13.652791,"['SS', 'Standalone', 'version_184']",70001777,SENS_EVENT_MEASURE,90 cm,3570 mV,7 C,0 Degree,83 Times,
1787,3290049,70B3D50070001777,1611740533573,FES Receiver,2021-01-27 10:42:13.556055,"['SS', 'Standalone', 'version_184']",70001777,SENS_EVENT_MEASURE,86 cm,3580 mV,5 C,0 Degree,84 Times,
1786,3290476,70B3D50070001777,1611744113513,FES Receiver,2021-01-27 11:41:53.483212,"['SS', 'Standalone', 'version_184']",70001777,SENS_EVENT_MEASURE,96 cm,3570 mV,7 C,0 Degree,85 Times,
1785,3290941,70B3D50070001777,1611747713466,FES Receiver,2021-01-27 12:41:53.424811,"['SS', 'Standalone', 'version_184']",70001777,SENS_EVENT_MEASURE,94 cm,3580 mV,5 C,1 Degree,86 Times,
1784,3291407,70B3D50070001777,1611751313372,FES Receiver,2021-01-27 13:41:53.315576,"['SS', 'Standalone', 'version_184']",70001777,SENS_EVENT_MEASURE,94 cm,3580 mV,7 C,0 Degree,87 Times,
1783,3291853,70B3D50070001777,1611754913291,FES Receiver,2021-01-27 14:41:53.218539,"['SS', 'Standalone', 'version_184']",70001777,SENS_EVENT_MEASURE,88 cm,3580 mV,7 C,0 Degree,88 Times,
1782,3292316,70B3D50070001777,1611758513230,FES Receiver,2021-01-27 15:41:53.144284,"['SS', 'Standalone', 'version_184']",70001777,SENS_EVENT_MEASURE,88 cm,3580 mV,6 C,0 Degree,89 Times,
1781,3292807,70B3D50070001777,1611762113150,FES Receiver,2021-01-27 16:41:53.049849,"['SS', 'Standalone', 'version_184']",70001777,SENS_EVENT_MEASURE,86 cm,3580 mV,7 C,0 Degree,90 Times,
1780,3293292,70B3D50070001777,1611765713089,FES Receiver,2021-01-27 17:41:52.975008,"['SS', 'Standalone', 'version_184']",70001777,SENS_EVENT_MEASURE,88 cm,3580 mV,7 C,0 Degree,91 Times,
1779,3293758,70B3D50070001777,1611769313015,FES Receiver,2021-01-27 18:41:52.886461,"['SS', 'Standalone', 'version_184']",70001777,SENS_EVENT_MEASURE,88 cm,3580 mV,7 C,0 Degree,92 Times,
1778,3294238,70B3D50070001777,1611772914387,FES Receiver,2021-01-27 19:41:54.581814,"['SS', 'Standalone', 'version_184']",70001777,SENS_EVENT_MEASURE,84 cm,3580 mV,6 C,0 Degree,93 Times,
1777,3294721,70B3D50070001777,1611776514326,FES Receiver,2021-01-27 20:41:54.50873,"['SS', 'Standalone', 'version_184']",70001777,SENS_EVENT_MEASURE,86 cm,3580 mV,7 C,0 Degree,94 Times,
1776,3295190,70B3D50070001777,1611780114257,FES Receiver,2021-01-27 21:41:54.425288,"['SS', 'Standalone', 'version_184']",70001777,SENS_EVENT_MEASURE,86 cm,3580 mV,7 C,0 Degree,95 Times,
1775,3295684,70B3D50070001777,1611783714189,FES Receiver,2021-01-27 22:41:54.346887,"['SS', 'Standalone', 'version_184']",70001777,SENS_EVENT_MEASURE,86 cm,3580 mV,7 C,0 Degree,96 Times,
1774,3296173,70B3D50070001777,1611787314103,FES Receiver,2021-01-27 23:41:54.24339,"['SS', 'Standalone', 'version_184']",70001777,SENS_EVENT_MEASURE,86 cm,3580 mV,7 C,0 Degree,97 Times,
1773,3296656,70B3D50070001777,1611790914024,FES Receiver,2021-01-28 00:41:54.149862,"['SS', 'Standalone', 'version_184']",70001777,SENS_EVENT_MEASURE,86 cm,3580 mV,7 C,0 Degree,98 Times,
1772,3297126,70B3D50070001777,1611794513941,FES Receiver,2021-01-28 01:41:54.055334,"['SS', 'Standalone', 'version_184']",70001777,SENS_EVENT_MEASURE,86 cm,3580 mV,7 C,0 Degree,99 Times,
1771,3297605,70B3D50070001777,1611798113860,FES Receiver,2021-01-28 02:41:53.959515,"['SS', 'Standalone', 'version_184']",70001777,SENS_EVENT_MEASURE,86 cm,3580 mV,9 C,0 Degree,100 Times,
1770,3298577,70B3D50070001777,1611805313718,FES Receiver,2021-01-28 04:41:53.798382,"['SS', 'Standalone', 'version_184']",70001777,SENS_EVENT_MEASURE,86 cm,3580 mV,7 C,0 Degree,102 Times,
1769,3299038,70B3D50070001777,1611808913642,FES Receiver,2021-01-28 05:41:53.698618,"['SS', 'Standalone', 'version_184']",70001777,SENS_EVENT_MEASURE,84 cm,3580 mV,7 C,0 Degree,103 Times,
1768,3299522,70B3D50070001777,1611812513557,FES Receiver,2021-01-28 06:41:53.598928,"['SS', 'Standalone', 'version_184']",70001777,SENS_EVENT_MEASURE,84 cm,3580 mV,6 C,0 Degree,104 Times,
1767,3300026,70B3D50070001777,1611816113476,FES Receiver,2021-01-28 07:41:53.504233,"['SS', 'Standalone', 'version_184']",70001777,SENS_EVENT_MEASURE,86 cm,3580 mV,8 C,0 Degree,105 Times,
1766,3300423,70B3D50070001777,1611819713381,FES Receiver,2021-01-28 08:41:53.398702,"['SS', 'Standalone', 'version_184']",70001777,SENS_EVENT_MEASURE,92 cm,3590 mV,7 C,0 Degree,106 Times,
1765,3300760,70B3D50070001777,1611823313295,FES Receiver,2021-01-28 09:41:53.29501,"['SS', 'Standalone', 'version_184']",70001777,SENS_EVENT_MEASURE,84 cm,3580 mV,8 C,0 Degree,107 Times,
1764,3301127,70B3D50070001777,1611826913054,FES Receiver,2021-01-28 10:41:53.040072,"['SS', 'Standalone', 'version_184']",70001777,SENS_EVENT_MEASURE,86 cm,3590 mV,9 C,0 Degree,108 Times,
1763,3301461,70B3D50070001777,1611830512932,FES Receiver,2021-01-28 11:41:52.905976,"['SS', 'Standalone', 'version_184']",70001777,SENS_EVENT_MEASURE,84 cm,3590 mV,10 C,0 Degree,109 Times,
1762,3301828,70B3D50070001777,1611834112894,FES Receiver,2021-01-28 12:41:52.85588,"['SS', 'Standalone', 'version_184']",70001777,SENS_EVENT_MEASURE,82 cm,3590 mV,11 C,0 Degree,110 Times,
1761,3302191,70B3D50070001777,1611837712858,FES Receiver,2021-01-28 13:41:54.195602,"['SS', 'Standalone', 'version_184']",70001777,SENS_EVENT_MEASURE,80 cm,3590 mV,9 C,0 Degree,111 Times,
1760,3302507,70B3D50070001777,1611841312749,FES Receiver,2021-01-28 14:41:53.938197,"['SS', 'Standalone', 'version_184']",70001777,SENS_EVENT_MEASURE,78 cm,3600 mV,9 C,0 Degree,112 Times,
1759,3302880,70B3D50070001777,1611844912651,FES Receiver,2021-01-28 15:41:53.825062,"['SS', 'Standalone', 'version_184']",70001777,SENS_EVENT_MEASURE,76 cm,3600 mV,10 C,0 Degree,113 Times,
1758,3303247,70B3D50070001777,1611848512527,FES Receiver,2021-01-28 16:41:53.687495,"['SS', 'Standalone', 'version_184']",70001777,SENS_EVENT_MEASURE,78 cm,3600 mV,12 C,0 Degree,114 Times,
1757,3303615,70B3D50070001777,1611852112406,FES Receiver,2021-01-28 17:41:53.553157,"['SS', 'Standalone', 'version_184']",70001777,SENS_EVENT_MEASURE,78 cm,3600 mV,13 C,0 Degree,115 Times,
1756,3303958,70B3D50070001777,1611855712186,FES Receiver,2021-01-28 18:41:53.318325,"['SS', 'Standalone', 'version_184']",70001777,SENS_EVENT_MEASURE,72 cm,3600 mV,10 C,0 Degree,116 Times,
1755,3304334,70B3D50070001777,1611859313522,FES Receiver,2021-01-28 19:41:53.182634,"['SS', 'Standalone', 'version_184']",70001777,SENS_EVENT_MEASURE,72 cm,3600 mV,12 C,0 Degree,117 Times,
1754,3304693,70B3D50070001777,1611862913421,FES Receiver,2021-01-28 20:41:53.067625,"['SS', 'Standalone', 'version_184']",70001777,SENS_EVENT_MEASURE,72 cm,3600 mV,12 C,1 Degree,118 Times,
1753,3305058,70B3D50070001777,1611866513300,FES Receiver,2021-01-28 21:41:52.933205,"['SS', 'Standalone', 'version_184']",70001777,SENS_EVENT_MEASURE,72 cm,3590 mV,11 C,0 Degree,119 Times,
1752,3305393,70B3D50070001777,1611870113180,FES Receiver,2021-01-28 22:41:52.799577,"['SS', 'Standalone', 'version_184']",70001777,SENS_EVENT_MEASURE,72 cm,3600 mV,11 C,0 Degree,120 Times,
1751,3306105,70B3D50070001777,1611877312983,FES Receiver,2021-01-29 00:41:52.57433,"['SS', 'Standalone', 'version_184']",70001777,SENS_EVENT_MEASURE,72 cm,3600 mV,10 C,0 Degree,122 Times,
1750,3306460,70B3D50070001777,1611880912864,FES Receiver,2021-01-29 01:41:52.440874,"['SS', 'Standalone', 'version_184']",70001777,SENS_EVENT_MEASURE,72 cm,3590 mV,11 C,0 Degree,123 Times,
1749,3307178,70B3D50070001777,1611888112636,FES Receiver,2021-01-29 03:41:52.185277,"['SS', 'Standalone', 'version_184']",70001777,SENS_EVENT_MEASURE,72 cm,3600 mV,11 C,0 Degree,125 Times,
1748,3307545,70B3D50070001777,1611891712516,FES Receiver,2021-01-29 04:41:52.05039,"['SS', 'Standalone', 'version_184']",70001777,SENS_EVENT_MEASURE,72 cm,3600 mV,11 C,0 Degree,126 Times,
1747,3307897,70B3D50070001777,1611895312395,FES Receiver,2021-01-29 05:41:51.915289,"['SS', 'Standalone', 'version_184']",70001777,SENS_EVENT_MEASURE,72 cm,3600 mV,11 C,0 Degree,127 Times,
1746,3308253,70B3D50070001777,1611898912300,FES Receiver,2021-01-29 06:41:51.806126,"['SS', 'Standalone', 'version_184']",70001777,SENS_EVENT_MEASURE,72 cm,3600 mV,12 C,0 Degree,128 Times,
1745,3308980,70B3D50070001777,1611906112052,FES Receiver,2021-01-29 08:41:51.5351,"['SS', 'Standalone', 'version_184']",70001777,SENS_EVENT_MEASURE,74 cm,3600 mV,12 C,0 Degree,130 Times,
1744,3309709,70B3D50070001777,1611913311813,FES Receiver,2021-01-29 10:41:51.264053,"['SS', 'Standalone', 'version_184']",70001777,SENS_EVENT_MEASURE,72 cm,3600 mV,11 C,0 Degree,132 Times,
1743,3310062,70B3D50070001777,1611916911710,FES Receiver,2021-01-29 11:41:51.147167,"['SS', 'Standalone', 'version_184']",70001777,SENS_EVENT_MEASURE,72 cm,3600 mV,12 C,0 Degree,133 Times,
1742,3310433,70B3D50070001777,1611920511569,FES Receiver,2021-01-29 12:41:50.99219,"['SS', 'Standalone', 'version_184']",70001777,SENS_EVENT_MEASURE,72 cm,3610 mV,14 C,0 Degree,134 Times,
1741,3310786,70B3D50070001777,1611924111448,FES Receiver,2021-01-29 13:41:50.858713,"['SS', 'Standalone', 'version_184']",70001777,SENS_EVENT_MEASURE,72 cm,3610 mV,14 C,0 Degree,135 Times,
1740,3311110,70B3D50070001777,1611927711327,FES Receiver,2021-01-29 14:41:50.721274,"['SS', 'Standalone', 'version_184']",70001777,SENS_EVENT_MEASURE,72 cm,3610 mV,13 C,0 Degree,136 Times,
1739,3311455,70B3D50070001777,1611931311306,FES Receiver,2021-01-29 15:41:50.688946,"['SS', 'Standalone', 'version_184']",70001777,SENS_EVENT_MEASURE,76 cm,3600 mV,13 C,0 Degree,137 Times,
1738,3311808,70B3D50070001777,1611934911089,FES Receiver,2021-01-29 16:41:50.459351,"['SS', 'Standalone', 'version_184']",70001777,SENS_EVENT_MEASURE,76 cm,3600 mV,13 C,0 Degree,138 Times,
1737,3312526,70B3D50070001777,1611942110804,FES Receiver,2021-01-29 18:41:50.144078,"['SS', 'Standalone', 'version_184']",70001777,SENS_EVENT_MEASURE,66 cm,3600 mV,10 C,0 Degree,140 Times,
1736,3312898,70B3D50070001777,1611945712367,FES Receiver,2021-01-29 19:41:52.564268,"['SS', 'Standalone', 'version_184']",70001777,SENS_EVENT_MEASURE,66 cm,3600 mV,13 C,0 Degree,141 Times,
1735,3313993,70B3D50070001777,1611956511865,FES Receiver,2021-01-29 22:41:52.018009,"['SS', 'Standalone', 'version_184']",70001777,SENS_EVENT_MEASURE,68 cm,3600 mV,11 C,0 Degree,144 Times,
1734,3314353,70B3D50070001777,1611960111744,FES Receiver,2021-01-29 23:41:51.883218,"['SS', 'Standalone', 'version_184']",70001777,SENS_EVENT_MEASURE,66 cm,3600 mV,9 C,0 Degree,145 Times,
1733,3314707,70B3D50070001777,1611963711644,FES Receiver,2021-01-30 00:41:51.767709,"['SS', 'Standalone', 'version_184']",70001777,SENS_EVENT_MEASURE,66 cm,3600 mV,9 C,0 Degree,146 Times,
1732,3315417,70B3D50070001777,1611970911623,FES Receiver,2021-01-30 02:41:51.719527,"['SS', 'Standalone', 'version_184']",70001777,SENS_EVENT_MEASURE,62 cm,3600 mV,11 C,0 Degree,148 Times,
1731,3315780,70B3D50070001777,1611974511523,FES Receiver,2021-01-30 03:41:51.60451,"['SS', 'Standalone', 'version_184']",70001777,SENS_EVENT_MEASURE,64 cm,3600 mV,12 C,1 Degree,149 Times,
1730,3316139,70B3D50070001777,1611978111401,FES Receiver,2021-01-30 04:41:51.468251,"['SS', 'Standalone', 'version_184']",70001777,SENS_EVENT_MEASURE,62 cm,3600 mV,11 C,1 Degree,150 Times,
1729,3316504,70B3D50070001777,1611981711300,FES Receiver,2021-01-30 05:41:51.353563,"['SS', 'Standalone', 'version_184']",70001777,SENS_EVENT_MEASURE,62 cm,3600 mV,9 C,0 Degree,151 Times,
1728,3316871,70B3D50070001777,1611985311019,FES Receiver,2021-01-30 06:41:51.059871,"['SS', 'Standalone', 'version_184']",70001777,SENS_EVENT_MEASURE,66 cm,3590 mV,9 C,0 Degree,152 Times,
1727,3317265,70B3D50070001777,1611988911078,FES Receiver,2021-01-30 07:41:51.104325,"['SS', 'Standalone', 'version_184']",70001777,SENS_EVENT_MEASURE,66 cm,3590 mV,8 C,0 Degree,153 Times,
1726,3317627,70B3D50070001777,1611992510817,FES Receiver,2021-01-30 08:41:50.832615,"['SS', 'Standalone', 'version_184']",70001777,SENS_EVENT_MEASURE,66 cm,3600 mV,9 C,1 Degree,154 Times,
1725,3317982,70B3D50070001777,1611996110896,FES Receiver,2021-01-30 09:41:50.894806,"['SS', 'Standalone', 'version_184']",70001777,SENS_EVENT_MEASURE,64 cm,3590 mV,12 C,1 Degree,155 Times,
1724,3318372,70B3D50070001777,1611999710616,FES Receiver,2021-01-30 10:41:50.602288,"['SS', 'Standalone', 'version_184']",70001777,SENS_EVENT_MEASURE,64 cm,3590 mV,8 C,0 Degree,156 Times,
1723,3318823,70B3D50070001777,1612003310515,FES Receiver,2021-01-30 11:41:50.486171,"['SS', 'Standalone', 'version_184']",70001777,SENS_EVENT_MEASURE,62 cm,3580 mV,7 C,0 Degree,157 Times,
1722,3320215,70B3D50070001777,1612014110273,FES Receiver,2021-01-30 14:41:50.200925,"['SS', 'Standalone', 'version_184']",70001777,SENS_EVENT_MEASURE,66 cm,3580 mV,8 C,0 Degree,160 Times,
1721,3320687,70B3D50070001777,1612017710193,FES Receiver,2021-01-30 15:41:50.108911,"['SS', 'Standalone', 'version_184']",70001777,SENS_EVENT_MEASURE,60 cm,3580 mV,7 C,0 Degree,161 Times,
1720,3321626,70B3D50070001777,1612024910091,FES Receiver,2021-01-30 17:41:49.979497,"['SS', 'Standalone', 'version_184']",70001777,SENS_EVENT_MEASURE,60 cm,3580 mV,5 C,0 Degree,163 Times,
1719,3322110,70B3D50070001777,1612028509990,FES Receiver,2021-01-30 18:41:49.862938,"['SS', 'Standalone', 'version_184']",70001777,SENS_EVENT_MEASURE,52 cm,3580 mV,5 C,0 Degree,164 Times,
1718,3322607,70B3D50070001777,1612032111366,FES Receiver,2021-01-30 19:41:51.560953,"['SS', 'Standalone', 'version_184']",70001777,SENS_EVENT_MEASURE,54 cm,3570 mV,6 C,0 Degree,165 Times,
1717,3323068,70B3D50070001777,1612035711332,FES Receiver,2021-01-30 20:41:51.514547,"['SS', 'Standalone', 'version_184']",70001777,SENS_EVENT_MEASURE,48 cm,3570 mV,6 C,0 Degree,166 Times,
1716,3324018,70B3D50070001777,1612042911403,FES Receiver,2021-01-30 22:41:51.556393,"['SS', 'Standalone', 'version_184']",70001777,SENS_EVENT_MEASURE,42 cm,3570 mV,5 C,0 Degree,168 Times,
1715,3324479,70B3D50070001777,1612046511344,FES Receiver,2021-01-30 23:41:51.483927,"['SS', 'Standalone', 'version_184']",70001777,SENS_EVENT_MEASURE,42 cm,3570 mV,7 C,0 Degree,169 Times,
1714,3325435,70B3D50070001777,1612053711221,FES Receiver,2021-01-31 01:41:51.33334,"['SS', 'Standalone', 'version_184']",70001777,SENS_EVENT_MEASURE,42 cm,3570 mV,7 C,0 Degree,171 Times,
1713,3325920,70B3D50070001777,1612057311161,FES Receiver,2021-01-31 02:41:51.259486,"['SS', 'Standalone', 'version_184']",70001777,SENS_EVENT_MEASURE,42 cm,3570 mV,6 C,0 Degree,172 Times,
1712,3326404,70B3D50070001777,1612060911100,FES Receiver,2021-01-31 03:41:51.183494,"['SS', 'Standalone', 'version_184']",70001777,SENS_EVENT_MEASURE,42 cm,3570 mV,5 C,0 Degree,173 Times,
1711,3326882,70B3D50070001777,1612064511039,FES Receiver,2021-01-31 04:41:51.109131,"['SS', 'Standalone', 'version_184']",70001777,SENS_EVENT_MEASURE,42 cm,3570 mV,5 C,1 Degree,174 Times,
1710,3327362,70B3D50070001777,1612068110978,FES Receiver,2021-01-31 05:41:51.035841,"['SS', 'Standalone', 'version_184']",70001777,SENS_EVENT_MEASURE,42 cm,3570 mV,5 C,1 Degree,175 Times,
1709,3327846,70B3D50070001777,1612071710918,FES Receiver,2021-01-31 06:41:50.959685,"['SS', 'Standalone', 'version_184']",70001777,SENS_EVENT_MEASURE,42 cm,3570 mV,5 C,0 Degree,176 Times,
1708,3328351,70B3D50070001777,1612075310877,FES Receiver,2021-01-31 07:41:50.904817,"['SS', 'Standalone', 'version_184']",70001777,SENS_EVENT_MEASURE,42 cm,3570 mV,3 C,0 Degree,177 Times,
1707,3328847,70B3D50070001777,1612078914816,FES Receiver,2021-01-31 08:41:54.832237,"['SS', 'Standalone', 'version_184']",70001777,SENS_EVENT_MEASURE,42 cm,3570 mV,5 C,0 Degree,178 Times,
1706,3330280,70B3D50070001777,1612089710435,FES Receiver,2021-01-31 11:41:50.405908,"['SS', 'Standalone', 'version_184']",70001777,SENS_EVENT_MEASURE,46 cm,3570 mV,6 C,0 Degree,181 Times,
1705,3330749,70B3D50070001777,1612093310334,FES Receiver,2021-01-31 12:41:50.291999,"['SS', 'Standalone', 'version_184']",70001777,SENS_EVENT_MEASURE,38 cm,3580 mV,8 C,0 Degree,182 Times,
1704,3331233,70B3D50070001777,1612096910260,FES Receiver,2021-01-31 13:41:50.203399,"['SS', 'Standalone', 'version_184']",70001777,SENS_EVENT_MEASURE,36 cm,3580 mV,7 C,0 Degree,183 Times,
1703,3331718,70B3D50070001777,1612100510172,FES Receiver,2021-01-31 14:41:50.101409,"['SS', 'Standalone', 'version_184']",70001777,SENS_EVENT_MEASURE,36 cm,3580 mV,6 C,1 Degree,184 Times,
1702,3332215,70B3D50070001777,1612104110092,FES Receiver,2021-01-31 15:41:50.006648,"['SS', 'Standalone', 'version_184']",70001777,SENS_EVENT_MEASURE,38 cm,3580 mV,7 C,0 Degree,185 Times,
1701,3332722,70B3D50070001777,1612107710011,FES Receiver,2021-01-31 16:41:49.911478,"['SS', 'Standalone', 'version_184']",70001777,SENS_EVENT_MEASURE,38 cm,3580 mV,7 C,0 Degree,186 Times,
1700,3333205,70B3D50070001777,1612111309962,FES Receiver,2021-01-31 17:41:49.847989,"['SS', 'Standalone', 'version_184']",70001777,SENS_EVENT_MEASURE,38 cm,3580 mV,7 C,0 Degree,187 Times,
1699,3333685,70B3D50070001777,1612114909870,FES Receiver,2021-01-31 18:41:49.743688,"['SS', 'Standalone', 'version_184']",70001777,SENS_EVENT_MEASURE,38 cm,3570 mV,6 C,0 Degree,188 Times,
1698,3334165,70B3D50070001777,1612118511264,FES Receiver,2021-01-31 19:41:51.465404,"['SS', 'Standalone', 'version_184']",70001777,SENS_EVENT_MEASURE,36 cm,3580 mV,5 C,0 Degree,189 Times,
1697,3334647,70B3D50070001777,1612122111203,FES Receiver,2021-01-31 20:41:51.389172,"['SS', 'Standalone', 'version_184']",70001777,SENS_EVENT_MEASURE,38 cm,3570 mV,6 C,1 Degree,190 Times,
1696,3335127,70B3D50070001777,1612125711123,FES Receiver,2021-01-31 21:41:51.293619,"['SS', 'Standalone', 'version_184']",70001777,SENS_EVENT_MEASURE,36 cm,3570 mV,5 C,0 Degree,191 Times,
1695,3335590,70B3D50070001777,1612129311062,FES Receiver,2021-01-31 22:41:51.218035,"['SS', 'Standalone', 'version_184']",70001777,SENS_EVENT_MEASURE,38 cm,3570 mV,6 C,0 Degree,192 Times,
1694,3336073,70B3D50070001777,1612132911001,FES Receiver,2021-01-31 23:41:51.143314,"['SS', 'Standalone', 'version_184']",70001777,SENS_EVENT_MEASURE,38 cm,3580 mV,7 C,0 Degree,193 Times,
1693,3336567,70B3D50070001777,1612136510920,FES Receiver,2021-02-01 00:41:51.047987,"['SS', 'Standalone', 'version_184']",70001777,SENS_EVENT_MEASURE,38 cm,3570 mV,6 C,0 Degree,194 Times,
1692,3337537,70B3D50070001777,1612143710785,FES Receiver,2021-02-01 02:41:50.884636,"['SS', 'Standalone', 'version_184']",70001777,SENS_EVENT_MEASURE,38 cm,3580 mV,6 C,0 Degree,196 Times,
1691,3338019,70B3D50070001777,1612147310718,FES Receiver,2021-02-01 03:41:50.804654,"['SS', 'Standalone', 'version_184']",70001777,SENS_EVENT_MEASURE,38 cm,3580 mV,6 C,0 Degree,197 Times,
1690,3338524,70B3D50070001777,1612150910656,FES Receiver,2021-02-01 04:41:50.729688,"['SS', 'Standalone', 'version_184']",70001777,SENS_EVENT_MEASURE,38 cm,3580 mV,6 C,0 Degree,198 Times,
1689,3339478,70B3D50070001777,1612158110514,FES Receiver,2021-02-01 06:41:50.557844,"['SS', 'Standalone', 'version_184']",70001777,SENS_EVENT_MEASURE,38 cm,3580 mV,6 C,0 Degree,200 Times,
1688,3339981,70B3D50070001777,1612161710434,FES Receiver,2021-02-01 07:41:50.464853,"['SS', 'Standalone', 'version_184']",70001777,SENS_EVENT_MEASURE,38 cm,3580 mV,7 C,1 Degree,201 Times,
1687,3340456,70B3D50070001777,1612165315359,FES Receiver,2021-02-01 08:41:55.377483,"['SS', 'Standalone', 'version_184']",70001777,SENS_EVENT_MEASURE,36 cm,3580 mV,6 C,0 Degree,202 Times,
1686,3340909,70B3D50070001777,1612168911186,FES Receiver,2021-02-01 09:41:50.299722,"['SS', 'Standalone', 'version_184']",70001777,SENS_EVENT_MEASURE,36 cm,3580 mV,7 C,0 Degree,203 Times,
1685,3341383,70B3D50070001777,1612172511111,FES Receiver,2021-02-01 10:41:50.211825,"['SS', 'Standalone', 'version_184']",70001777,SENS_EVENT_MEASURE,38 cm,3580 mV,9 C,0 Degree,204 Times,
1684,3341853,70B3D50070001777,1612176111018,FES Receiver,2021-02-01 11:41:50.107426,"['SS', 'Standalone', 'version_184']",70001777,SENS_EVENT_MEASURE,38 cm,3580 mV,9 C,0 Degree,205 Times,
1683,3342247,70B3D50070001777,1612179710917,FES Receiver,2021-02-01 12:41:49.989194,"['SS', 'Standalone', 'version_184']",70001777,SENS_EVENT_MEASURE,38 cm,3590 mV,9 C,0 Degree,206 Times,
1682,3342973,70B3D50070001777,1612186910736,FES Receiver,2021-02-01 14:41:49.781248,"['SS', 'Standalone', 'version_184']",70001777,SENS_EVENT_MEASURE,36 cm,3590 mV,9 C,0 Degree,208 Times,
1681,3343733,70B3D50070001777,1612194110559,FES Receiver,2021-02-01 16:41:49.575708,"['SS', 'Standalone', 'version_184']",70001777,SENS_EVENT_MEASURE,28 cm,3590 mV,12 C,0 Degree,210 Times,
1680,3344091,70B3D50070001777,1612197710452,FES Receiver,2021-02-01 17:41:49.45423,"['SS', 'Standalone', 'version_184']",70001777,SENS_EVENT_MEASURE,28 cm,3590 mV,10 C,0 Degree,211 Times,
1679,3344487,70B3D50070001777,1612201310350,FES Receiver,2021-02-01 18:41:49.340201,"['SS', 'Standalone', 'version_184']",70001777,SENS_EVENT_MEASURE,28 cm,3590 mV,12 C,0 Degree,212 Times,
1678,3344860,70B3D50070001777,1612204910270,FES Receiver,2021-02-01 19:41:51.038604,"['SS', 'Standalone', 'version_184']",70001777,SENS_EVENT_MEASURE,22 cm,3590 mV,12 C,0 Degree,213 Times,
1677,3345261,70B3D50070001777,1612208510170,FES Receiver,2021-02-01 20:41:50.926267,"['SS', 'Standalone', 'version_184']",70001777,SENS_EVENT_MEASURE,24 cm,3590 mV,9 C,0 Degree,214 Times,
1676,3345615,70B3D50070001777,1612212110087,FES Receiver,2021-02-01 21:41:50.831665,"['SS', 'Standalone', 'version_184']",70001777,SENS_EVENT_MEASURE,24 cm,3590 mV,9 C,0 Degree,215 Times,
1675,3345985,70B3D50070001777,1612215709986,FES Receiver,2021-02-01 22:41:50.712473,"['SS', 'Standalone', 'version_184']",70001777,SENS_EVENT_MEASURE,24 cm,3590 mV,9 C,0 Degree,216 Times,
1674,3346711,70B3D50070001777,1612222909804,FES Receiver,2021-02-02 00:41:50.506617,"['SS', 'Standalone', 'version_184']",70001777,SENS_EVENT_MEASURE,24 cm,3590 mV,8 C,0 Degree,218 Times,
1673,3347453,70B3D50070001777,1612230109644,FES Receiver,2021-02-02 02:41:50.314459,"['SS', 'Standalone', 'version_184']",70001777,SENS_EVENT_MEASURE,24 cm,3590 mV,9 C,0 Degree,220 Times,
1672,3347797,70B3D50070001777,1612233709537,FES Receiver,2021-02-02 03:41:50.191906,"['SS', 'Standalone', 'version_184']",70001777,SENS_EVENT_MEASURE,24 cm,3590 mV,9 C,0 Degree,221 Times,
1671,3348134,70B3D50070001777,1612237309423,FES Receiver,2021-02-02 04:41:50.064335,"['SS', 'Standalone', 'version_184']",70001777,SENS_EVENT_MEASURE,24 cm,3590 mV,9 C,0 Degree,222 Times,
1670,3348482,70B3D50070001777,1612240909340,FES Receiver,2021-02-02 05:41:49.968697,"['SS', 'Standalone', 'version_184']",70001777,SENS_EVENT_MEASURE,24 cm,3590 mV,10 C,0 Degree,223 Times,
1669,3348858,70B3D50070001777,1612244509241,FES Receiver,2021-02-02 06:41:49.854968,"['SS', 'Standalone', 'version_184']",70001777,SENS_EVENT_MEASURE,24 cm,3590 mV,10 C,0 Degree,224 Times,
1668,3349230,70B3D50070001777,1612248109159,FES Receiver,2021-02-02 07:41:49.759515,"['SS', 'Standalone', 'version_184']",70001777,SENS_EVENT_MEASURE,24 cm,3590 mV,9 C,0 Degree,225 Times,
1667,3349589,70B3D50070001777,1612251709058,FES Receiver,2021-02-02 08:41:49.64622,"['SS', 'Standalone', 'version_184']",70001777,SENS_EVENT_MEASURE,26 cm,3590 mV,12 C,0 Degree,226 Times,
1666,3349945,70B3D50070001777,1612255328998,FES Receiver,2021-02-02 09:42:09.572392,"['SS', 'Standalone', 'version_184']",70001777,SENS_EVENT_MEASURE,26 cm,3590 mV,11 C,0 Degree,227 Times,
1665,3350302,70B3D50070001777,1612258910463,FES Receiver,2021-02-02 10:41:51.021759,"['SS', 'Standalone', 'version_184']",70001777,SENS_EVENT_MEASURE,26 cm,3590 mV,8 C,0 Degree,228 Times,
1664,3350648,70B3D50070001777,1612262510355,FES Receiver,2021-02-02 11:41:50.899975,"['SS', 'Standalone', 'version_184']",70001777,SENS_EVENT_MEASURE,26 cm,3590 mV,10 C,0 Degree,229 Times,
1663,3350978,70B3D50070001777,1612266110254,FES Receiver,2021-02-02 12:41:50.78563,"['SS', 'Standalone', 'version_184']",70001777,SENS_EVENT_MEASURE,22 cm,3590 mV,13 C,0 Degree,230 Times,
1662,3351339,70B3D50070001777,1612269710153,FES Receiver,2021-02-02 13:41:50.670893,"['SS', 'Standalone', 'version_184']",70001777,SENS_EVENT_MEASURE,22 cm,3590 mV,11 C,0 Degree,231 Times,
1661,3351685,70B3D50070001777,1612273310032,FES Receiver,2021-02-02 14:41:50.535758,"['SS', 'Standalone', 'version_184']",70001777,SENS_EVENT_MEASURE,18 cm,3600 mV,13 C,1 Degree,232 Times,
1660,3352024,70B3D50070001777,1612276909918,FES Receiver,2021-02-02 15:41:50.408899,"['SS', 'Standalone', 'version_184']",70001777,SENS_EVENT_MEASURE,18 cm,3600 mV,11 C,0 Degree,233 Times,
1659,3352395,70B3D50070001777,1612280509810,FES Receiver,2021-02-02 16:41:50.284359,"['SS', 'Standalone', 'version_184']",70001777,SENS_EVENT_MEASURE,18 cm,3600 mV,11 C,0 Degree,234 Times,
1658,3352770,70B3D50070001777,1612284109689,FES Receiver,2021-02-02 17:41:50.151534,"['SS', 'Standalone', 'version_184']",70001777,SENS_EVENT_MEASURE,16 cm,3600 mV,13 C,0 Degree,235 Times,
1657,3353138,70B3D50070001777,1612287709576,FES Receiver,2021-02-02 18:41:50.024236,"['SS', 'Standalone', 'version_184']",70001777,SENS_EVENT_MEASURE,16 cm,3600 mV,13 C,0 Degree,236 Times,
1656,3353500,70B3D50070001777,1612291311484,FES Receiver,2021-02-02 19:41:51.676772,"['SS', 'Standalone', 'version_184']",70001777,SENS_EVENT_MEASURE,18 cm,3600 mV,12 C,0 Degree,237 Times,
1655,3353877,70B3D50070001777,1612294911371,FES Receiver,2021-02-02 20:41:51.55275,"['SS', 'Standalone', 'version_184']",70001777,SENS_EVENT_MEASURE,18 cm,3600 mV,11 C,0 Degree,238 Times,
1654,3354221,70B3D50070001777,1612298511264,FES Receiver,2021-02-02 21:41:51.436484,"['SS', 'Standalone', 'version_184']",70001777,SENS_EVENT_MEASURE,18 cm,3600 mV,12 C,0 Degree,239 Times,
1653,3354587,70B3D50070001777,1612302110461,FES Receiver,2021-02-02 22:41:50.615557,"['SS', 'Standalone', 'version_184']",70001777,SENS_EVENT_MEASURE,18 cm,3600 mV,11 C,0 Degree,240 Times,
1652,3354938,70B3D50070001777,1612305710261,FES Receiver,2021-02-02 23:41:50.400229,"['SS', 'Standalone', 'version_184']",70001777,SENS_EVENT_MEASURE,18 cm,3600 mV,13 C,0 Degree,241 Times,
1651,3355310,70B3D50070001777,1612309310160,FES Receiver,2021-02-03 00:41:50.285574,"['SS', 'Standalone', 'version_184']",70001777,SENS_EVENT_MEASURE,18 cm,3600 mV,10 C,0 Degree,242 Times,
1650,3355684,70B3D50070001777,1612312910040,FES Receiver,2021-02-03 01:41:50.152563,"['SS', 'Standalone', 'version_184']",70001777,SENS_EVENT_MEASURE,18 cm,3600 mV,13 C,0 Degree,243 Times,
1649,3356054,70B3D50070001777,1612316509918,FES Receiver,2021-02-03 02:41:50.017208,"['SS', 'Standalone', 'version_184']",70001777,SENS_EVENT_MEASURE,18 cm,3600 mV,12 C,0 Degree,244 Times,
1648,3356426,70B3D50070001777,1612320109823,FES Receiver,2021-02-03 03:41:49.906358,"['SS', 'Standalone', 'version_184']",70001777,SENS_EVENT_MEASURE,18 cm,3600 mV,11 C,0 Degree,245 Times,
1647,3356793,70B3D50070001777,1612323709684,FES Receiver,2021-02-03 04:41:49.755735,"['SS', 'Standalone', 'version_184']",70001777,SENS_EVENT_MEASURE,18 cm,3600 mV,13 C,0 Degree,246 Times,
1646,3357158,70B3D50070001777,1612327309575,FES Receiver,2021-02-03 05:41:49.632602,"['SS', 'Standalone', 'version_184']",70001777,SENS_EVENT_MEASURE,18 cm,3600 mV,13 C,0 Degree,247 Times,
1645,3357530,70B3D50070001777,1612330909442,FES Receiver,2021-02-03 06:41:49.4847,"['SS', 'Standalone', 'version_184']",70001777,SENS_EVENT_MEASURE,18 cm,3600 mV,13 C,0 Degree,248 Times,
1644,3357906,70B3D50070001777,1612334509334,FES Receiver,2021-02-03 07:41:49.36347,"['SS', 'Standalone', 'version_184']",70001777,SENS_EVENT_MEASURE,18 cm,3600 mV,12 C,0 Degree,249 Times,
1643,3358267,70B3D50070001777,1612338109213,FES Receiver,2021-02-03 08:41:49.23104,"['SS', 'Standalone', 'version_184']",70001777,SENS_EVENT_MEASURE,18 cm,3600 mV,13 C,0 Degree,250 Times,
1642,3358635,70B3D50070001777,1612341709111,FES Receiver,2021-02-03 09:41:49.110988,"['SS', 'Standalone', 'version_184']",70001777,SENS_EVENT_MEASURE,18 cm,3610 mV,13 C,0 Degree,251 Times,
1641,3358987,70B3D50070001777,1612345308971,FES Receiver,2021-02-03 10:41:48.963394,"['SS', 'Standalone', 'version_184']",70001777,SENS_EVENT_MEASURE,18 cm,3610 mV,13 C,0 Degree,252 Times,
1640,3359325,70B3D50070001777,1612348908390,FES Receiver,2021-02-03 11:41:48.365338,"['SS', 'Standalone', 'version_184']",70001777,SENS_EVENT_MEASURE,18 cm,3610 mV,15 C,0 Degree,253 Times,
1639,3359685,70B3D50070001777,1612352508256,FES Receiver,2021-02-03 12:41:48.216463,"['SS', 'Standalone', 'version_184']",70001777,SENS_EVENT_MEASURE,18 cm,3610 mV,14 C,0 Degree,254 Times,
1638,3360065,70B3D50070001777,1612356108128,FES Receiver,2021-02-03 13:41:48.073427,"['SS', 'Standalone', 'version_184']",70001777,SENS_EVENT_MEASURE,18 cm,3610 mV,13 C,0 Degree,255 Times,
1637,3360408,70B3D50070001777,1612359707994,FES Receiver,2021-02-03 14:41:47.925314,"['SS', 'Standalone', 'version_184']",70001777,SENS_EVENT_MEASURE,18 cm,3610 mV,13 C,1 Degree,0 Times,
1636,3360776,70B3D50070001777,1612363307867,FES Receiver,2021-02-03 15:41:47.785636,"['SS', 'Standalone', 'version_184']",70001777,SENS_EVENT_MEASURE,18 cm,3610 mV,14 C,0 Degree,1 Times,
1635,3361148,70B3D50070001777,1612366907745,FES Receiver,2021-02-03 16:41:47.652032,"['SS', 'Standalone', 'version_184']",70001777,SENS_EVENT_MEASURE,18 cm,3610 mV,13 C,0 Degree,2 Times,
1634,3361523,70B3D50070001777,1612370507627,FES Receiver,2021-02-03 17:41:47.517106,"['SS', 'Standalone', 'version_184']",70001777,SENS_EVENT_MEASURE,18 cm,3610 mV,14 C,1 Degree,3 Times,
1633,3361895,70B3D50070001777,1612374107483,FES Receiver,2021-02-03 18:41:47.360465,"['SS', 'Standalone', 'version_184']",70001777,SENS_EVENT_MEASURE,18 cm,3610 mV,13 C,0 Degree,4 Times,
1632,3362243,70B3D50070001777,1612377708822,FES Receiver,2021-02-03 19:41:49.020779,"['SS', 'Standalone', 'version_184']",70001777,SENS_EVENT_MEASURE,18 cm,3610 mV,13 C,0 Degree,5 Times,
1631,3362600,70B3D50070001777,1612381308709,FES Receiver,2021-02-03 20:41:48.893902,"['SS', 'Standalone', 'version_184']",70001777,SENS_EVENT_MEASURE,18 cm,3610 mV,13 C,0 Degree,6 Times,
1630,3362957,70B3D50070001777,1612384908587,FES Receiver,2021-02-03 21:41:48.75731,"['SS', 'Standalone', 'version_184']",70001777,SENS_EVENT_MEASURE,18 cm,3610 mV,13 C,0 Degree,7 Times,
1629,3363322,70B3D50070001777,1612388508486,FES Receiver,2021-02-03 22:41:48.644492,"['SS', 'Standalone', 'version_184']",70001777,SENS_EVENT_MEASURE,18 cm,3610 mV,13 C,0 Degree,8 Times,
1628,3363681,70B3D50070001777,1612392108361,FES Receiver,2021-02-03 23:41:48.508193,"['SS', 'Standalone', 'version_184']",70001777,SENS_EVENT_MEASURE,18 cm,3600 mV,12 C,0 Degree,9 Times,
1627,3364050,70B3D50070001777,1612395708036,FES Receiver,2021-02-04 00:41:48.16505,"['SS', 'Standalone', 'version_184']",70001777,SENS_EVENT_MEASURE,18 cm,3600 mV,13 C,0 Degree,10 Times,
1626,3364390,70B3D50070001777,1612399307902,FES Receiver,2021-02-04 01:41:48.019397,"['SS', 'Standalone', 'version_184']",70001777,SENS_EVENT_MEASURE,18 cm,3600 mV,11 C,0 Degree,11 Times,
1625,3364743,70B3D50070001777,1612402907773,FES Receiver,2021-02-04 02:41:47.876106,"['SS', 'Standalone', 'version_184']",70001777,SENS_EVENT_MEASURE,18 cm,3600 mV,10 C,0 Degree,12 Times,
1624,3365091,70B3D50070001777,1612406507673,FES Receiver,2021-02-04 03:41:47.761299,"['SS', 'Standalone', 'version_184']",70001777,SENS_EVENT_MEASURE,18 cm,3600 mV,11 C,0 Degree,13 Times,
1623,3365424,70B3D50070001777,1612410107552,FES Receiver,2021-02-04 04:41:47.624836,"['SS', 'Standalone', 'version_184']",70001777,SENS_EVENT_MEASURE,18 cm,3600 mV,12 C,0 Degree,14 Times,
1622,3365764,70B3D50070001777,1612413707451,FES Receiver,2021-02-04 05:41:47.511603,"['SS', 'Standalone', 'version_184']",70001777,SENS_EVENT_MEASURE,18 cm,3600 mV,10 C,0 Degree,15 Times,
1621,3366103,70B3D50070001777,1612417307357,FES Receiver,2021-02-04 06:41:47.402734,"['SS', 'Standalone', 'version_184']",70001777,SENS_EVENT_MEASURE,18 cm,3590 mV,9 C,0 Degree,16 Times,
1620,3366437,70B3D50070001777,1612420907269,FES Receiver,2021-02-04 07:41:47.301136,"['SS', 'Standalone', 'version_184']",70001777,SENS_EVENT_MEASURE,18 cm,3590 mV,9 C,0 Degree,17 Times,
1619,3366791,70B3D50070001777,1612424507168,FES Receiver,2021-02-04 08:41:47.189595,"['SS', 'Standalone', 'version_184']",70001777,SENS_EVENT_MEASURE,18 cm,3590 mV,9 C,0 Degree,18 Times,
1618,3367116,70B3D50070001777,1612428107067,FES Receiver,2021-02-04 09:41:47.072129,"['SS', 'Standalone', 'version_184']",70001777,SENS_EVENT_MEASURE,18 cm,3600 mV,9 C,0 Degree,19 Times,
1617,3367434,70B3D50070001777,1612431706946,FES Receiver,2021-02-04 10:41:46.938077,"['SS', 'Standalone', 'version_184']",70001777,SENS_EVENT_MEASURE,16 cm,3610 mV,17 C,0 Degree,20 Times,
1616,3367753,70B3D50070001777,1612435306765,FES Receiver,2021-02-04 11:41:46.743427,"['SS', 'Standalone', 'version_184']",70001777,SENS_EVENT_MEASURE,18 cm,3630 mV,24 C,0 Degree,21 Times,
1615,3368219,70B3D50070001777,1612438906604,FES Receiver,2021-02-04 12:41:46.571506,"['SS', 'Standalone', 'version_184']",70001777,SENS_EVENT_MEASURE,18 cm,3630 mV,23 C,0 Degree,22 Times,
1614,3368863,70B3D50070001777,1612446106181,FES Receiver,2021-02-04 14:41:46.117831,"['SS', 'Standalone', 'version_184']",70001777,SENS_EVENT_MEASURE,14 cm,3620 mV,14 C,0 Degree,24 Times,
1613,3369218,70B3D50070001777,1612449706061,FES Receiver,2021-02-04 15:41:45.982211,"['SS', 'Standalone', 'version_184']",70001777,SENS_EVENT_MEASURE,16 cm,3610 mV,14 C,0 Degree,25 Times,
1612,3369547,70B3D50070001777,1612453305942,FES Receiver,2021-02-04 16:41:45.849289,"['SS', 'Standalone', 'version_184']",70001777,SENS_EVENT_MEASURE,14 cm,3610 mV,13 C,0 Degree,26 Times,
1611,3369884,70B3D50070001777,1612456905819,FES Receiver,2021-02-04 17:41:45.711497,"['SS', 'Standalone', 'version_184']",70001777,SENS_EVENT_MEASURE,14 cm,3610 mV,12 C,0 Degree,27 Times,
1610,3370223,70B3D50070001777,1612460505699,FES Receiver,2021-02-04 18:41:45.576683,"['SS', 'Standalone', 'version_184']",70001777,SENS_EVENT_MEASURE,14 cm,3600 mV,10 C,1 Degree,28 Times,
1609,3370898,70B3D50070001777,1612467706961,FES Receiver,2021-02-04 20:41:47.14353,"['SS', 'Standalone', 'version_184']",70001777,SENS_EVENT_MEASURE,14 cm,3600 mV,9 C,0 Degree,30 Times,
1608,3371568,70B3D50070001777,1612474906760,FES Receiver,2021-02-04 22:41:46.914288,"['SS', 'Standalone', 'version_184']",70001777,SENS_EVENT_MEASURE,14 cm,3590 mV,10 C,0 Degree,32 Times,
1607,3371934,70B3D50070001777,1612478506659,FES Receiver,2021-02-04 23:41:46.799309,"['SS', 'Standalone', 'version_184']",70001777,SENS_EVENT_MEASURE,14 cm,3590 mV,9 C,0 Degree,33 Times,
1606,3372601,70B3D50070001777,1612485706478,FES Receiver,2021-02-05 01:41:46.590555,"['SS', 'Standalone', 'version_184']",70001777,SENS_EVENT_MEASURE,18 cm,3590 mV,10 C,0 Degree,35 Times,
1605,3372953,70B3D50070001777,1612489306397,FES Receiver,2021-02-05 02:41:46.494242,"['SS', 'Standalone', 'version_184']",70001777,SENS_EVENT_MEASURE,18 cm,3590 mV,9 C,0 Degree,36 Times,
1604,3373646,70B3D50070001777,1612496506199,FES Receiver,2021-02-05 04:41:46.266913,"['SS', 'Standalone', 'version_184']",70001777,SENS_EVENT_MEASURE,18 cm,3590 mV,9 C,0 Degree,38 Times,
1603,3373983,70B3D50070001777,1612500106115,FES Receiver,2021-02-05 05:41:46.169662,"['SS', 'Standalone', 'version_184']",70001777,SENS_EVENT_MEASURE,18 cm,3590 mV,10 C,0 Degree,39 Times,
1602,3374333,70B3D50070001777,1612503706014,FES Receiver,2021-02-05 06:41:46.059726,"['SS', 'Standalone', 'version_184']",70001777,SENS_EVENT_MEASURE,18 cm,3590 mV,9 C,0 Degree,40 Times,
1601,3374691,70B3D50070001777,1612507305873,FES Receiver,2021-02-05 07:41:45.899681,"['SS', 'Standalone', 'version_184']",70001777,SENS_EVENT_MEASURE,18 cm,3590 mV,10 C,0 Degree,41 Times,
1600,3375106,70B3D50070001777,1612510909773,FES Receiver,2021-02-05 08:41:49.786041,"['SS', 'Standalone', 'version_184']",70001777,SENS_EVENT_MEASURE,18 cm,3590 mV,9 C,0 Degree,42 Times,
1599,3375561,70B3D50070001777,1612514505692,FES Receiver,2021-02-05 09:41:45.690178,"['SS', 'Standalone', 'version_184']",70001777,SENS_EVENT_MEASURE,18 cm,3590 mV,10 C,0 Degree,43 Times,
1598,3376021,70B3D50070001777,1612518105592,FES Receiver,2021-02-05 10:41:45.574247,"['SS', 'Standalone', 'version_184']",70001777,SENS_EVENT_MEASURE,18 cm,3590 mV,11 C,0 Degree,44 Times,
1597,3376464,70B3D50070001777,1612521705498,FES Receiver,2021-02-05 11:41:45.466266,"['SS', 'Standalone', 'version_184']",70001777,SENS_EVENT_MEASURE,18 cm,3600 mV,8 C,0 Degree,45 Times,
1596,3376893,70B3D50070001777,1612525305372,FES Receiver,2021-02-05 12:41:45.326088,"['SS', 'Standalone', 'version_184']",70001777,SENS_EVENT_MEASURE,18 cm,3600 mV,13 C,0 Degree,46 Times,
1595,3377340,70B3D50070001777,1612528905270,FES Receiver,2021-02-05 13:41:45.207921,"['SS', 'Standalone', 'version_184']",70001777,SENS_EVENT_MEASURE,18 cm,3600 mV,12 C,0 Degree,47 Times,
1594,3377777,70B3D50070001777,1612532505149,FES Receiver,2021-02-05 14:41:45.073649,"['SS', 'Standalone', 'version_184']",70001777,SENS_EVENT_MEASURE,18 cm,3600 mV,10 C,0 Degree,48 Times,
1593,3378220,70B3D50070001777,1612536105049,FES Receiver,2021-02-05 15:41:44.959692,"['SS', 'Standalone', 'version_184']",70001777,SENS_EVENT_MEASURE,10 cm,3600 mV,11 C,0 Degree,49 Times,
1592,3378693,70B3D50070001777,1612539704928,FES Receiver,2021-02-05 16:41:44.824725,"['SS', 'Standalone', 'version_184']",70001777,SENS_EVENT_MEASURE,10 cm,3590 mV,10 C,0 Degree,50 Times,
1591,3379147,70B3D50070001777,1612543304827,FES Receiver,2021-02-05 17:41:44.709068,"['SS', 'Standalone', 'version_184']",70001777,SENS_EVENT_MEASURE,10 cm,3600 mV,11 C,0 Degree,51 Times,
1590,3380083,70B3D50070001777,1612550506064,FES Receiver,2021-02-05 19:41:46.261303,"['SS', 'Standalone', 'version_184']",70001777,SENS_EVENT_MEASURE,10 cm,3600 mV,9 C,0 Degree,53 Times,
1589,3380558,70B3D50070001777,1612554105964,FES Receiver,2021-02-05 20:41:46.147909,"['SS', 'Standalone', 'version_184']",70001777,SENS_EVENT_MEASURE,10 cm,3600 mV,11 C,0 Degree,54 Times,
1588,3381018,70B3D50070001777,1612557705843,FES Receiver,2021-02-05 21:41:46.011527,"['SS', 'Standalone', 'version_184']",70001777,SENS_EVENT_MEASURE,10 cm,3600 mV,10 C,0 Degree,55 Times,
1587,3381480,70B3D50070001777,1612561305745,FES Receiver,2021-02-05 22:41:45.897747,"['SS', 'Standalone', 'version_184']",70001777,SENS_EVENT_MEASURE,10 cm,3600 mV,9 C,0 Degree,56 Times,
1586,3381945,70B3D50070001777,1612564885642,FES Receiver,2021-02-05 23:41:25.780287,"['SS', 'Standalone', 'version_184']",70001777,SENS_EVENT_MEASURE,10 cm,3600 mV,10 C,1 Degree,57 Times,
1585,3382393,70B3D50070001777,1612568485541,FES Receiver,2021-02-06 00:41:25.666284,"['SS', 'Standalone', 'version_184']",70001777,SENS_EVENT_MEASURE,10 cm,3600 mV,9 C,0 Degree,58 Times,
1584,3382836,70B3D50070001777,1612572085441,FES Receiver,2021-02-06 01:41:25.552456,"['SS', 'Standalone', 'version_184']",70001777,SENS_EVENT_MEASURE,10 cm,3590 mV,9 C,0 Degree,59 Times,
1583,3383743,70B3D50070001777,1612579285239,FES Receiver,2021-02-06 03:41:25.3236,"['SS', 'Standalone', 'version_184']",70001777,SENS_EVENT_MEASURE,10 cm,3590 mV,10 C,0 Degree,61 Times,
1582,3384194,70B3D50070001777,1612582885142,FES Receiver,2021-02-06 04:41:25.209944,"['SS', 'Standalone', 'version_184']",70001777,SENS_EVENT_MEASURE,10 cm,3590 mV,11 C,0 Degree,62 Times,
1581,3385146,70B3D50070001777,1612590084957,FES Receiver,2021-02-06 06:41:24.996716,"['SS', 'Standalone', 'version_184']",70001777,SENS_EVENT_MEASURE,10 cm,3590 mV,10 C,0 Degree,64 Times,
1580,3385605,70B3D50070001777,1612593684856,FES Receiver,2021-02-06 07:41:24.882117,"['SS', 'Standalone', 'version_184']",70001777,SENS_EVENT_MEASURE,10 cm,3590 mV,11 C,0 Degree,65 Times,
1579,3386322,70B3D50070001777,1612600884692,FES Receiver,2021-02-06 09:41:24.690439,"['SS', 'Standalone', 'version_184']",70001777,SENS_EVENT_MEASURE,10 cm,3590 mV,11 C,0 Degree,67 Times,
1578,3386645,70B3D50070001777,1612604484583,FES Receiver,2021-02-06 10:41:24.564301,"['SS', 'Standalone', 'version_184']",70001777,SENS_EVENT_MEASURE,10 cm,3590 mV,12 C,0 Degree,68 Times,
1577,3386979,70B3D50070001777,1612608084480,FES Receiver,2021-02-06 11:41:24.446792,"['SS', 'Standalone', 'version_184']",70001777,SENS_EVENT_MEASURE,10 cm,3590 mV,12 C,1 Degree,69 Times,
1576,3387649,70B3D50070001777,1612615284273,FES Receiver,2021-02-06 13:41:24.212866,"['SS', 'Standalone', 'version_184']",70001777,SENS_EVENT_MEASURE,10 cm,3590 mV,9 C,0 Degree,71 Times,
1575,3387994,70B3D50070001777,1612618884193,FES Receiver,2021-02-06 14:41:24.11639,"['SS', 'Standalone', 'version_184']",70001777,SENS_EVENT_MEASURE,10 cm,3590 mV,9 C,1 Degree,72 Times,
1574,3388658,70B3D50070001777,1612626083991,FES Receiver,2021-02-06 16:41:23.885648,"['SS', 'Standalone', 'version_184']",70001777,SENS_EVENT_MEASURE,10 cm,3590 mV,9 C,0 Degree,74 Times,
1573,3389008,70B3D50070001777,1612629683911,FES Receiver,2021-02-06 17:41:23.791192,"['SS', 'Standalone', 'version_184']",70001777,SENS_EVENT_MEASURE,10 cm,3590 mV,9 C,1 Degree,75 Times,
1572,3389347,70B3D50070001777,1612633283831,FES Receiver,2021-02-06 18:41:23.696798,"['SS', 'Standalone', 'version_184']",70001777,SENS_EVENT_MEASURE,10 cm,3590 mV,9 C,0 Degree,76 Times,
1571,3389719,70B3D50070001777,1612636885189,FES Receiver,2021-02-06 19:41:25.384597,"['SS', 'Standalone', 'version_184']",70001777,SENS_EVENT_MEASURE,10 cm,3590 mV,7 C,0 Degree,77 Times,
1570,3390049,70B3D50070001777,1612640485105,FES Receiver,2021-02-06 20:41:25.286222,"['SS', 'Standalone', 'version_184']",70001777,SENS_EVENT_MEASURE,10 cm,3580 mV,7 C,1 Degree,78 Times,
1569,3390395,70B3D50070001777,1612644085024,FES Receiver,2021-02-06 21:41:25.191292,"['SS', 'Standalone', 'version_184']",70001777,SENS_EVENT_MEASURE,10 cm,3580 mV,8 C,0 Degree,79 Times,
1568,3390747,70B3D50070001777,1612647684944,FES Receiver,2021-02-06 22:41:25.094318,"['SS', 'Standalone', 'version_184']",70001777,SENS_EVENT_MEASURE,10 cm,3580 mV,8 C,0 Degree,80 Times,
1567,3391098,70B3D50070001777,1612651284863,FES Receiver,2021-02-06 23:41:25.001053,"['SS', 'Standalone', 'version_184']",70001777,SENS_EVENT_MEASURE,10 cm,3580 mV,7 C,0 Degree,81 Times,
1566,3391431,70B3D50070001777,1612654884803,FES Receiver,2021-02-07 00:41:24.926724,"['SS', 'Standalone', 'version_184']",70001777,SENS_EVENT_MEASURE,10 cm,3580 mV,8 C,0 Degree,82 Times,
1565,3391787,70B3D50070001777,1612658484722,FES Receiver,2021-02-07 01:41:24.82986,"['SS', 'Standalone', 'version_184']",70001777,SENS_EVENT_MEASURE,10 cm,3580 mV,9 C,0 Degree,83 Times,
1564,3392146,70B3D50070001777,1612662084644,FES Receiver,2021-02-07 02:41:24.737639,"['SS', 'Standalone', 'version_184']",70001777,SENS_EVENT_MEASURE,10 cm,3580 mV,9 C,0 Degree,84 Times,
1563,3392486,70B3D50070001777,1612665684561,FES Receiver,2021-02-07 03:41:24.642958,"['SS', 'Standalone', 'version_184']",70001777,SENS_EVENT_MEASURE,10 cm,3580 mV,8 C,0 Degree,85 Times,
1562,3392825,70B3D50070001777,1612669284480,FES Receiver,2021-02-07 04:41:24.545149,"['SS', 'Standalone', 'version_184']",70001777,SENS_EVENT_MEASURE,10 cm,3580 mV,9 C,1 Degree,86 Times,
1561,3393163,70B3D50070001777,1612672884399,FES Receiver,2021-02-07 05:41:24.452348,"['SS', 'Standalone', 'version_184']",70001777,SENS_EVENT_MEASURE,10 cm,3580 mV,7 C,0 Degree,87 Times,
1560,3393518,70B3D50070001777,1612676484319,FES Receiver,2021-02-07 06:41:24.35552,"['SS', 'Standalone', 'version_184']",70001777,SENS_EVENT_MEASURE,10 cm,3570 mV,7 C,0 Degree,88 Times,
1559,3394245,70B3D50070001777,1612683684178,FES Receiver,2021-02-07 08:41:24.185683,"['SS', 'Standalone', 'version_184']",70001777,SENS_EVENT_MEASURE,10 cm,3580 mV,7 C,0 Degree,90 Times,
1558,3394604,70B3D50070001777,1612687284097,FES Receiver,2021-02-07 09:41:24.091667,"['SS', 'Standalone', 'version_184']",70001777,SENS_EVENT_MEASURE,10 cm,3580 mV,7 C,0 Degree,91 Times,
1557,3394950,70B3D50070001777,1612690884016,FES Receiver,2021-02-07 10:41:23.993248,"['SS', 'Standalone', 'version_184']",70001777,SENS_EVENT_MEASURE,10 cm,3580 mV,10 C,0 Degree,92 Times,
1556,3395304,70B3D50070001777,1612694483941,FES Receiver,2021-02-07 11:41:23.905422,"['SS', 'Standalone', 'version_184']",70001777,SENS_EVENT_MEASURE,10 cm,3580 mV,8 C,0 Degree,93 Times,
1555,3395639,70B3D50070001777,1612698083855,FES Receiver,2021-02-07 12:41:23.804541,"['SS', 'Standalone', 'version_184']",70001777,SENS_EVENT_MEASURE,10 cm,3580 mV,7 C,0 Degree,94 Times,
1554,3395995,70B3D50070001777,1612701683794,FES Receiver,2021-02-07 13:41:23.72905,"['SS', 'Standalone', 'version_184']",70001777,SENS_EVENT_MEASURE,10 cm,3580 mV,5 C,0 Degree,95 Times,
1553,3396358,70B3D50070001777,1612705283713,FES Receiver,2021-02-07 14:41:23.63399,"['SS', 'Standalone', 'version_184']",70001777,SENS_EVENT_MEASURE,12 cm,3580 mV,6 C,0 Degree,96 Times,
1552,3396671,70B3D50070001777,1612708883653,FES Receiver,2021-02-07 15:41:23.560027,"['SS', 'Standalone', 'version_184']",70001777,SENS_EVENT_MEASURE,10 cm,3570 mV,4 C,0 Degree,97 Times,
1551,3397329,70B3D50070001777,1612716083520,FES Receiver,2021-02-07 17:41:23.397293,"['SS', 'Standalone', 'version_184']",70001777,SENS_EVENT_MEASURE,12 cm,3560 mV,5 C,0 Degree,99 Times,
1550,3397673,70B3D50070001777,1612719683471,FES Receiver,2021-02-07 18:41:23.336005,"['SS', 'Standalone', 'version_184']",70001777,SENS_EVENT_MEASURE,12 cm,3570 mV,4 C,0 Degree,100 Times,
1549,3398041,70B3D50070001777,1612723284881,FES Receiver,2021-02-07 19:41:25.075337,"['SS', 'Standalone', 'version_184']",70001777,SENS_EVENT_MEASURE,10 cm,3560 mV,2 C,0 Degree,101 Times,
1548,3398382,70B3D50070001777,1612726884841,FES Receiver,2021-02-07 20:41:25.020054,"['SS', 'Standalone', 'version_184']",70001777,SENS_EVENT_MEASURE,12 cm,3560 mV,5 C,0 Degree,102 Times,
1547,3398698,70B3D50070001777,1612730484800,FES Receiver,2021-02-07 21:41:24.965231,"['SS', 'Standalone', 'version_184']",70001777,SENS_EVENT_MEASURE,10 cm,3560 mV,3 C,0 Degree,103 Times,
1546,3399061,70B3D50070001777,1612734084765,FES Receiver,2021-02-07 22:41:24.916196,"['SS', 'Standalone', 'version_184']",70001777,SENS_EVENT_MEASURE,10 cm,3560 mV,2 C,0 Degree,104 Times,
1545,3399740,70B3D50070001777,1612741284698,FES Receiver,2021-02-08 00:41:24.820147,"['SS', 'Standalone', 'version_184']",70001777,SENS_EVENT_MEASURE,10 cm,3550 mV,3 C,0 Degree,106 Times,
1544,3400102,70B3D50070001777,1612744884657,FES Receiver,2021-02-08 01:41:24.765051,"['SS', 'Standalone', 'version_184']",70001777,SENS_EVENT_MEASURE,10 cm,3550 mV,2 C,0 Degree,107 Times,
1543,3400440,70B3D50070001777,1612748484637,FES Receiver,2021-02-08 02:41:24.730633,"['SS', 'Standalone', 'version_184']",70001777,SENS_EVENT_MEASURE,10 cm,3550 mV,2 C,0 Degree,108 Times,
1542,3401138,70B3D50070001777,1612755684599,FES Receiver,2021-02-08 04:41:24.663754,"['SS', 'Standalone', 'version_184']",70001777,SENS_EVENT_MEASURE,10 cm,3550 mV,1 C,0 Degree,110 Times,
1541,3401484,70B3D50070001777,1612759284575,FES Receiver,2021-02-08 05:41:24.624361,"['SS', 'Standalone', 'version_184']",70001777,SENS_EVENT_MEASURE,10 cm,3550 mV,1 C,0 Degree,111 Times,
1540,3402199,70B3D50070001777,1612766484533,FES Receiver,2021-02-08 07:41:24.554739,"['SS', 'Standalone', 'version_184']",70001777,SENS_EVENT_MEASURE,10 cm,3540 mV,3 C,0 Degree,113 Times,
1539,3402544,70B3D50070001777,1612770084512,FES Receiver,2021-02-08 08:41:24.51885,"['SS', 'Standalone', 'version_184']",70001777,SENS_EVENT_MEASURE,6 cm,3540 mV,0 C,0 Degree,114 Times,
1538,3402908,70B3D50070001777,1612773684492,FES Receiver,2021-02-08 09:41:24.485562,"['SS', 'Standalone', 'version_184']",70001777,SENS_EVENT_MEASURE,6 cm,3550 mV,3 C,0 Degree,115 Times,
1537,3403313,70B3D50070001777,1612777284451,FES Receiver,2021-02-08 10:41:24.429873,"['SS', 'Standalone', 'version_184']",70001777,SENS_EVENT_MEASURE,6 cm,3560 mV,4 C,0 Degree,116 Times,
1536,3403671,70B3D50070001777,1612780884410,FES Receiver,2021-02-08 11:41:24.373477,"['SS', 'Standalone', 'version_184']",70001777,SENS_EVENT_MEASURE,6 cm,3570 mV,7 C,0 Degree,117 Times,
1535,3404021,70B3D50070001777,1612784484349,FES Receiver,2021-02-08 12:41:24.298621,"['SS', 'Standalone', 'version_184']",70001777,SENS_EVENT_MEASURE,6 cm,3570 mV,5 C,0 Degree,118 Times,
1534,3404743,70B3D50070001777,1612791684257,FES Receiver,2021-02-08 14:41:24.17783,"['SS', 'Standalone', 'version_184']",70001777,SENS_EVENT_MEASURE,6 cm,3570 mV,7 C,0 Degree,120 Times,
1533,3405484,70B3D50070001777,1612798884171,FES Receiver,2021-02-08 16:41:24.065233,"['SS', 'Standalone', 'version_184']",70001777,SENS_EVENT_MEASURE,6 cm,3530 mV,0 C,0 Degree,122 Times,
1532,3405825,70B3D50070001777,1612802484124,FES Receiver,2021-02-08 17:41:24.002996,"['SS', 'Standalone', 'version_184']",70001777,SENS_EVENT_MEASURE,6 cm,3550 mV,2 C,1 Degree,123 Times,
1531,3406520,70B3D50070001777,1612809685544,FES Receiver,2021-02-08 19:41:25.740986,"['SS', 'Standalone', 'version_184']",70001777,SENS_EVENT_MEASURE,6 cm,3550 mV,1 C,0 Degree,125 Times,
1530,3406879,70B3D50070001777,1612813285542,FES Receiver,2021-02-08 20:41:25.726097,"['SS', 'Standalone', 'version_184']",70001777,SENS_EVENT_MEASURE,6 cm,3540 mV,2 C,0 Degree,126 Times,
1529,3407228,70B3D50070001777,1612816885521,FES Receiver,2021-02-08 21:41:25.690193,"['SS', 'Standalone', 'version_184']",70001777,SENS_EVENT_MEASURE,6 cm,3540 mV,2 C,0 Degree,127 Times,
1528,3408279,70B3D50070001777,1612827685498,FES Receiver,2021-02-09 00:41:25.624813,"['SS', 'Standalone', 'version_184']",70001777,SENS_EVENT_MEASURE,6 cm,3530 mV,0 C,0 Degree,130 Times,
1527,3408630,70B3D50070001777,1612831285496,FES Receiver,2021-02-09 01:41:25.610065,"['SS', 'Standalone', 'version_184']",70001777,SENS_EVENT_MEASURE,6 cm,3530 mV,255 C,1 Degree,131 Times,
1526,3409340,70B3D50070001777,1612838485473,FES Receiver,2021-02-09 03:41:25.560177,"['SS', 'Standalone', 'version_184']",70001777,SENS_EVENT_MEASURE,6 cm,3530 mV,0 C,0 Degree,133 Times,
1525,3409696,70B3D50070001777,1612842085472,FES Receiver,2021-02-09 04:41:25.544419,"['SS', 'Standalone', 'version_184']",70001777,SENS_EVENT_MEASURE,6 cm,3530 mV,1 C,2 Degree,134 Times,
1524,3410377,70B3D50070001777,1612849285491,FES Receiver,2021-02-09 06:41:25.535655,"['SS', 'Standalone', 'version_184']",70001777,SENS_EVENT_MEASURE,6 cm,3530 mV,0 C,0 Degree,136 Times,
1523,3410707,70B3D50070001777,1612852885490,FES Receiver,2021-02-09 07:41:25.517744,"['SS', 'Standalone', 'version_184']",70001777,SENS_EVENT_MEASURE,6 cm,3530 mV,255 C,0 Degree,137 Times,
1522,3411064,70B3D50070001777,1612856485489,FES Receiver,2021-02-09 08:41:25.506515,"['SS', 'Standalone', 'version_184']",70001777,SENS_EVENT_MEASURE,6 cm,3530 mV,255 C,0 Degree,138 Times,
1521,3411419,70B3D50070001777,1612860085489,FES Receiver,2021-02-09 09:41:25.490029,"['SS', 'Standalone', 'version_184']",70001777,SENS_EVENT_MEASURE,6 cm,3530 mV,255 C,0 Degree,139 Times,
1520,3411783,70B3D50070001777,1612863685489,FES Receiver,2021-02-09 10:41:25.473564,"['SS', 'Standalone', 'version_184']",70001777,SENS_EVENT_MEASURE,6 cm,3540 mV,0 C,0 Degree,140 Times,
1519,3412135,70B3D50070001777,1612867285447,FES Receiver,2021-02-09 11:41:25.417732,"['SS', 'Standalone', 'version_184']",70001777,SENS_EVENT_MEASURE,6 cm,3570 mV,7 C,0 Degree,141 Times,
1518,3413499,70B3D50070001777,1612870885347,FES Receiver,2021-02-09 12:41:25.301865,"['SS', 'Standalone', 'version_184']",70001777,SENS_EVENT_MEASURE,12 cm,3600 mV,13 C,0 Degree,142 Times,
1517,3413875,70B3D50070001777,1612874485206,FES Receiver,2021-02-09 13:41:25.147331,"['SS', 'Standalone', 'version_184']",70001777,SENS_EVENT_MEASURE,8 cm,3600 mV,10 C,0 Degree,143 Times,
1516,3414564,70B3D50070001777,1612881685125,FES Receiver,2021-02-09 15:41:25.036133,"['SS', 'Standalone', 'version_184']",70001777,SENS_EVENT_MEASURE,8 cm,3560 mV,5 C,1 Degree,145 Times,
1515,3414916,70B3D50070001777,1612885285084,FES Receiver,2021-02-09 16:41:24.98088,"['SS', 'Standalone', 'version_184']",70001777,SENS_EVENT_MEASURE,8 cm,3560 mV,3 C,0 Degree,146 Times,
1514,3415622,70B3D50070001777,1612892485063,FES Receiver,2021-02-09 18:41:24.930454,"['SS', 'Standalone', 'version_184']",70001777,SENS_EVENT_MEASURE,8 cm,3540 mV,0 C,0 Degree,148 Times,
1513,3415944,70B3D50070001777,1612896086542,FES Receiver,2021-02-09 19:41:26.746618,"['SS', 'Standalone', 'version_184']",70001777,SENS_EVENT_MEASURE,8 cm,3530 mV,254 C,0 Degree,149 Times,
1512,3416278,70B3D50070001777,1612899686560,FES Receiver,2021-02-09 20:41:26.749921,"['SS', 'Standalone', 'version_184']",70001777,SENS_EVENT_MEASURE,8 cm,3530 mV,255 C,1 Degree,150 Times,
1511,3416606,70B3D50070001777,1612903286559,FES Receiver,2021-02-09 21:41:26.737548,"['SS', 'Standalone', 'version_184']",70001777,SENS_EVENT_MEASURE,8 cm,3520 mV,0 C,0 Degree,151 Times,
1510,3417310,70B3D50070001777,1612910486598,FES Receiver,2021-02-09 23:41:26.745708,"['SS', 'Standalone', 'version_184']",70001777,SENS_EVENT_MEASURE,8 cm,3520 mV,0 C,0 Degree,153 Times,
1509,3417663,70B3D50070001777,1612914086638,FES Receiver,2021-02-10 00:41:26.769728,"['SS', 'Standalone', 'version_184']",70001777,SENS_EVENT_MEASURE,8 cm,3520 mV,255 C,0 Degree,154 Times,
1508,3418358,70B3D50070001777,1612921286697,FES Receiver,2021-02-10 02:41:26.80013,"['SS', 'Standalone', 'version_184']",70001777,SENS_EVENT_MEASURE,8 cm,3510 mV,0 C,0 Degree,156 Times,
1507,3418703,70B3D50070001777,1612924886718,FES Receiver,2021-02-10 03:41:26.806907,"['SS', 'Standalone', 'version_184']",70001777,SENS_EVENT_MEASURE,8 cm,3510 mV,254 C,0 Degree,157 Times,
1506,3419049,70B3D50070001777,1612928486755,FES Receiver,2021-02-10 04:41:26.830372,"['SS', 'Standalone', 'version_184']",70001777,SENS_EVENT_MEASURE,8 cm,3510 mV,253 C,0 Degree,158 Times,
1505,3419388,70B3D50070001777,1612932086795,FES Receiver,2021-02-10 05:41:26.855565,"['SS', 'Standalone', 'version_184']",70001777,SENS_EVENT_MEASURE,8 cm,3510 mV,253 C,0 Degree,159 Times,
1504,3420085,70B3D50070001777,1612939286873,FES Receiver,2021-02-10 07:41:26.905697,"['SS', 'Standalone', 'version_184']",70001777,SENS_EVENT_MEASURE,8 cm,3510 mV,253 C,0 Degree,161 Times,
1503,3420439,70B3D50070001777,1612942886912,FES Receiver,2021-02-10 08:41:26.930642,"['SS', 'Standalone', 'version_184']",70001777,SENS_EVENT_MEASURE,8 cm,3510 mV,253 C,0 Degree,162 Times,
1502,3420790,70B3D50070001777,1612946486973,FES Receiver,2021-02-10 09:41:26.978015,"['SS', 'Standalone', 'version_184']",70001777,SENS_EVENT_MEASURE,8 cm,3520 mV,254 C,0 Degree,163 Times,
1501,3421150,70B3D50070001777,1612950086951,FES Receiver,2021-02-10 10:41:26.938976,"['SS', 'Standalone', 'version_184']",70001777,SENS_EVENT_MEASURE,8 cm,3550 mV,3 C,0 Degree,164 Times,
1500,3421812,70B3D50070001777,1612957286850,FES Receiver,2021-02-10 12:41:26.808971,"['SS', 'Standalone', 'version_184']",70001777,SENS_EVENT_MEASURE,8 cm,3570 mV,7 C,0 Degree,166 Times,
1499,3422166,70B3D50070001777,1612960886769,FES Receiver,2021-02-10 13:41:26.714812,"['SS', 'Standalone', 'version_184']",70001777,SENS_EVENT_MEASURE,8 cm,3580 mV,6 C,0 Degree,167 Times,
1498,3422514,70B3D50070001777,1612964486729,FES Receiver,2021-02-10 14:41:26.660823,"['SS', 'Standalone', 'version_184']",70001777,SENS_EVENT_MEASURE,4 cm,3560 mV,2 C,0 Degree,168 Times,
1497,3422866,70B3D50070001777,1612968086688,FES Receiver,2021-02-10 15:41:26.603846,"['SS', 'Standalone', 'version_184']",70001777,SENS_EVENT_MEASURE,4 cm,3560 mV,0 C,0 Degree,169 Times,
1496,3423207,70B3D50070001777,1612971686668,FES Receiver,2021-02-10 16:41:26.568493,"['SS', 'Standalone', 'version_184']",70001777,SENS_EVENT_MEASURE,8 cm,3550 mV,5 C,0 Degree,170 Times,
1495,3423558,70B3D50070001777,1612975286667,FES Receiver,2021-02-10 17:41:26.552298,"['SS', 'Standalone', 'version_184']",70001777,SENS_EVENT_MEASURE,8 cm,3550 mV,2 C,0 Degree,171 Times,
1494,3423914,70B3D50070001777,1612978886647,FES Receiver,2021-02-10 18:41:26.518106,"['SS', 'Standalone', 'version_184']",70001777,SENS_EVENT_MEASURE,8 cm,3540 mV,0 C,0 Degree,172 Times,
1493,3424272,70B3D50070001777,1612982488100,FES Receiver,2021-02-10 19:41:28.289314,"['SS', 'Standalone', 'version_184']",70001777,SENS_EVENT_MEASURE,8 cm,3530 mV,0 C,0 Degree,173 Times,
1492,3424630,70B3D50070001777,1612986088119,FES Receiver,2021-02-10 20:41:28.294279,"['SS', 'Standalone', 'version_184']",70001777,SENS_EVENT_MEASURE,8 cm,3530 mV,0 C,0 Degree,174 Times,
1491,3424990,70B3D50070001777,1612989688118,FES Receiver,2021-02-10 21:41:28.27904,"['SS', 'Standalone', 'version_184']",70001777,SENS_EVENT_MEASURE,8 cm,3530 mV,0 C,0 Degree,175 Times,
1490,3425367,70B3D50070001777,1612993288117,FES Receiver,2021-02-10 22:41:28.263883,"['SS', 'Standalone', 'version_184']",70001777,SENS_EVENT_MEASURE,8 cm,3530 mV,0 C,0 Degree,176 Times,
1489,3425732,70B3D50070001777,1612996888116,FES Receiver,2021-02-10 23:41:28.247812,"['SS', 'Standalone', 'version_184']",70001777,SENS_EVENT_MEASURE,8 cm,3530 mV,0 C,0 Degree,177 Times,
1488,3426095,70B3D50070001777,1613000488123,FES Receiver,2021-02-11 00:41:28.240032,"['SS', 'Standalone', 'version_184']",70001777,SENS_EVENT_MEASURE,8 cm,3540 mV,0 C,1 Degree,178 Times,
1487,3426461,70B3D50070001777,1613004088134,FES Receiver,2021-02-11 01:41:28.2384,"['SS', 'Standalone', 'version_184']",70001777,SENS_EVENT_MEASURE,8 cm,3530 mV,0 C,0 Degree,179 Times,
1486,3426801,70B3D50070001777,1613007688134,FES Receiver,2021-02-11 02:41:28.223655,"['SS', 'Standalone', 'version_184']",70001777,SENS_EVENT_MEASURE,8 cm,3530 mV,0 C,0 Degree,180 Times,
1485,3427145,70B3D50070001777,1613011288133,FES Receiver,2021-02-11 03:41:28.208988,"['SS', 'Standalone', 'version_184']",70001777,SENS_EVENT_MEASURE,8 cm,3540 mV,1 C,0 Degree,181 Times,
1484,3427503,70B3D50070001777,1613014888133,FES Receiver,2021-02-11 04:41:28.19391,"['SS', 'Standalone', 'version_184']",70001777,SENS_EVENT_MEASURE,8 cm,3540 mV,0 C,0 Degree,182 Times,
1483,3428204,70B3D50070001777,1613022088131,FES Receiver,2021-02-11 06:41:28.164468,"['SS', 'Standalone', 'version_184']",70001777,SENS_EVENT_MEASURE,8 cm,3530 mV,0 C,0 Degree,184 Times,
1482,3428582,70B3D50070001777,1613025688131,FES Receiver,2021-02-11 07:41:28.148433,"['SS', 'Standalone', 'version_184']",70001777,SENS_EVENT_MEASURE,8 cm,3530 mV,0 C,0 Degree,185 Times,
1481,3429286,70B3D50070001777,1613032888150,FES Receiver,2021-02-11 09:41:28.140814,"['SS', 'Standalone', 'version_184']",70001777,SENS_EVENT_MEASURE,6 cm,3530 mV,0 C,0 Degree,187 Times,
1480,3429645,70B3D50070001777,1613036488089,FES Receiver,2021-02-11 10:41:28.065941,"['SS', 'Standalone', 'version_184']",70001777,SENS_EVENT_MEASURE,10 cm,3570 mV,7 C,0 Degree,188 Times,
1479,3429997,70B3D50070001777,1613040088009,FES Receiver,2021-02-11 11:41:27.967474,"['SS', 'Standalone', 'version_184']",70001777,SENS_EVENT_MEASURE,10 cm,3590 mV,11 C,0 Degree,189 Times,
1478,3430367,70B3D50070001777,1613043687890,FES Receiver,2021-02-11 12:41:27.835068,"['SS', 'Standalone', 'version_184']",70001777,SENS_EVENT_MEASURE,14 cm,3600 mV,12 C,0 Degree,190 Times,
1477,3430691,70B3D50070001777,1613047287767,FES Receiver,2021-02-11 13:41:27.697437,"['SS', 'Standalone', 'version_184']",70001777,SENS_EVENT_MEASURE,6 cm,3600 mV,8 C,0 Degree,191 Times,
1476,3431706,70B3D50070001777,1613058087586,FES Receiver,2021-02-11 16:41:27.472519,"['SS', 'Standalone', 'version_184']",70001777,SENS_EVENT_MEASURE,6 cm,3570 mV,5 C,0 Degree,194 Times,
1475,3432045,70B3D50070001777,1613061687546,FES Receiver,2021-02-11 17:41:27.418787,"['SS', 'Standalone', 'version_184']",70001777,SENS_EVENT_MEASURE,6 cm,3560 mV,2 C,1 Degree,195 Times,
1474,3432393,70B3D50070001777,1613065287526,FES Receiver,2021-02-11 18:41:27.382043,"['SS', 'Standalone', 'version_184']",70001777,SENS_EVENT_MEASURE,6 cm,3560 mV,2 C,0 Degree,196 Times,
1473,3432770,70B3D50070001777,1613068888943,FES Receiver,2021-02-11 19:41:29.142023,"['SS', 'Standalone', 'version_184']",70001777,SENS_EVENT_MEASURE,6 cm,3550 mV,5 C,0 Degree,197 Times,
1472,3433113,70B3D50070001777,1613072488943,FES Receiver,2021-02-11 20:41:29.128238,"['SS', 'Standalone', 'version_184']",70001777,SENS_EVENT_MEASURE,6 cm,3550 mV,2 C,0 Degree,198 Times,
1471,3433470,70B3D50070001777,1613076088923,FES Receiver,2021-02-11 21:41:29.090512,"['SS', 'Standalone', 'version_184']",70001777,SENS_EVENT_MEASURE,6 cm,3550 mV,1 C,0 Degree,199 Times,
1470,3433827,70B3D50070001777,1613079688925,FES Receiver,2021-02-11 22:41:29.078451,"['SS', 'Standalone', 'version_184']",70001777,SENS_EVENT_MEASURE,6 cm,3540 mV,1 C,0 Degree,200 Times,
1469,3434511,70B3D50070001777,1613086888902,FES Receiver,2021-02-12 00:41:29.024958,"['SS', 'Standalone', 'version_184']",70001777,SENS_EVENT_MEASURE,6 cm,3540 mV,1 C,1 Degree,202 Times,
1468,3434842,70B3D50070001777,1613090488902,FES Receiver,2021-02-12 01:41:29.012022,"['SS', 'Standalone', 'version_184']",70001777,SENS_EVENT_MEASURE,6 cm,3550 mV,1 C,0 Degree,203 Times,
1467,3435179,70B3D50070001777,1613094088882,FES Receiver,2021-02-12 02:41:28.975955,"['SS', 'Standalone', 'version_184']",70001777,SENS_EVENT_MEASURE,6 cm,3540 mV,1 C,0 Degree,204 Times,
1466,3435505,70B3D50070001777,1613097688881,FES Receiver,2021-02-12 03:41:28.96156,"['SS', 'Standalone', 'version_184']",70001777,SENS_EVENT_MEASURE,6 cm,3540 mV,0 C,0 Degree,205 Times,
1465,3435866,70B3D50070001777,1613101288897,FES Receiver,2021-02-12 04:41:28.963279,"['SS', 'Standalone', 'version_184']",70001777,SENS_EVENT_MEASURE,6 cm,3550 mV,1 C,0 Degree,206 Times,
1464,3436197,70B3D50070001777,1613104888861,FES Receiver,2021-02-12 05:41:28.911911,"['SS', 'Standalone', 'version_184']",70001777,SENS_EVENT_MEASURE,6 cm,3540 mV,1 C,0 Degree,207 Times,
1463,3436539,70B3D50070001777,1613108488860,FES Receiver,2021-02-12 06:41:28.896825,"['SS', 'Standalone', 'version_184']",70001777,SENS_EVENT_MEASURE,6 cm,3540 mV,1 C,0 Degree,208 Times,
1462,3436880,70B3D50070001777,1613112088860,FES Receiver,2021-02-12 07:41:28.881525,"['SS', 'Standalone', 'version_184']",70001777,SENS_EVENT_MEASURE,6 cm,3530 mV,0 C,0 Degree,209 Times,
1461,3437225,70B3D50070001777,1613115688893,FES Receiver,2021-02-12 08:41:28.898712,"['SS', 'Standalone', 'version_184']",70001777,SENS_EVENT_MEASURE,6 cm,3530 mV,0 C,0 Degree,210 Times,
1460,3437604,70B3D50070001777,1613119288879,FES Receiver,2021-02-12 09:41:28.873667,"['SS', 'Standalone', 'version_184']",70001777,SENS_EVENT_MEASURE,6 cm,3550 mV,1 C,0 Degree,211 Times,
1459,3437948,70B3D50070001777,1613122888799,FES Receiver,2021-02-12 10:41:28.780843,"['SS', 'Standalone', 'version_184']",70001777,SENS_EVENT_MEASURE,6 cm,3580 mV,8 C,0 Degree,212 Times,
1458,3438286,70B3D50070001777,1613126488686,FES Receiver,2021-02-12 11:41:28.649288,"['SS', 'Standalone', 'version_184']",70001777,SENS_EVENT_MEASURE,6 cm,3600 mV,13 C,0 Degree,213 Times,
1457,3438631,70B3D50070001777,1613130088559,FES Receiver,2021-02-12 12:41:28.506876,"['SS', 'Standalone', 'version_184']",70001777,SENS_EVENT_MEASURE,6 cm,3610 mV,15 C,0 Degree,214 Times,
1456,3438999,70B3D50070001777,1613133688439,FES Receiver,2021-02-12 13:41:28.372414,"['SS', 'Standalone', 'version_184']",70001777,SENS_EVENT_MEASURE,6 cm,3600 mV,10 C,0 Degree,215 Times,
1455,3439904,70B3D50070001777,1613140888298,FES Receiver,2021-02-12 15:41:28.201827,"['SS', 'Standalone', 'version_184']",70001777,SENS_EVENT_MEASURE,6 cm,3580 mV,7 C,0 Degree,217 Times,
1454,3440374,70B3D50070001777,1613144488237,FES Receiver,2021-02-12 16:41:28.127204,"['SS', 'Standalone', 'version_184']",70001777,SENS_EVENT_MEASURE,6 cm,3570 mV,4 C,0 Degree,218 Times,
1453,3440836,70B3D50070001777,1613148088201,FES Receiver,2021-02-12 17:41:28.0753,"['SS', 'Standalone', 'version_184']",70001777,SENS_EVENT_MEASURE,6 cm,3570 mV,5 C,0 Degree,219 Times,
1452,3441314,70B3D50070001777,1613151688177,FES Receiver,2021-02-12 18:41:28.037681,"['SS', 'Standalone', 'version_184']",70001777,SENS_EVENT_MEASURE,6 cm,3560 mV,2 C,0 Degree,220 Times,
1451,3441789,70B3D50070001777,1613155289605,FES Receiver,2021-02-12 19:41:29.79943,"['SS', 'Standalone', 'version_184']",70001777,SENS_EVENT_MEASURE,6 cm,3550 mV,2 C,0 Degree,221 Times,
1450,3442244,70B3D50070001777,1613158889585,FES Receiver,2021-02-12 20:41:29.765666,"['SS', 'Standalone', 'version_184']",70001777,SENS_EVENT_MEASURE,6 cm,3550 mV,2 C,0 Degree,222 Times,
1449,3442695,70B3D50070001777,1613162489584,FES Receiver,2021-02-12 21:41:29.750416,"['SS', 'Standalone', 'version_184']",70001777,SENS_EVENT_MEASURE,6 cm,3540 mV,255 C,0 Degree,223 Times,
1448,3443632,70B3D50070001777,1613169689584,FES Receiver,2021-02-12 23:41:29.720767,"['SS', 'Standalone', 'version_184']",70001777,SENS_EVENT_MEASURE,6 cm,3530 mV,0 C,0 Degree,225 Times,
1447,3444085,70B3D50070001777,1613173289604,FES Receiver,2021-02-13 00:41:29.726505,"['SS', 'Standalone', 'version_184']",70001777,SENS_EVENT_MEASURE,6 cm,3530 mV,0 C,0 Degree,226 Times,
1446,3444576,70B3D50070001777,1613176889604,FES Receiver,2021-02-13 01:41:29.712913,"['SS', 'Standalone', 'version_184']",70001777,SENS_EVENT_MEASURE,6 cm,3530 mV,0 C,0 Degree,227 Times,
1445,3445054,70B3D50070001777,1613180489623,FES Receiver,2021-02-13 02:41:29.717408,"['SS', 'Standalone', 'version_184']",70001777,SENS_EVENT_MEASURE,6 cm,3530 mV,0 C,0 Degree,228 Times,
1444,3445526,70B3D50070001777,1613184089651,FES Receiver,2021-02-13 03:41:29.730729,"['SS', 'Standalone', 'version_184']",70001777,SENS_EVENT_MEASURE,6 cm,3530 mV,0 C,0 Degree,229 Times,
1443,3446009,70B3D50070001777,1613187689665,FES Receiver,2021-02-13 04:41:29.729831,"['SS', 'Standalone', 'version_184']",70001777,SENS_EVENT_MEASURE,6 cm,3530 mV,255 C,0 Degree,230 Times,
1442,3446460,70B3D50070001777,1613191289682,FES Receiver,2021-02-13 05:41:29.732462,"['SS', 'Standalone', 'version_184']",70001777,SENS_EVENT_MEASURE,6 cm,3520 mV,255 C,1 Degree,231 Times,
1441,3446937,70B3D50070001777,1613194889689,FES Receiver,2021-02-13 06:41:29.724793,"['SS', 'Standalone', 'version_184']",70001777,SENS_EVENT_MEASURE,6 cm,3520 mV,1 C,0 Degree,232 Times,
1440,3447410,70B3D50070001777,1613198489708,FES Receiver,2021-02-13 07:41:29.730006,"['SS', 'Standalone', 'version_184']",70001777,SENS_EVENT_MEASURE,6 cm,3520 mV,1 C,0 Degree,233 Times,
1439,3447864,70B3D50070001777,1613202089734,FES Receiver,2021-02-13 08:41:29.742322,"['SS', 'Standalone', 'version_184']",70001777,SENS_EVENT_MEASURE,6 cm,3520 mV,255 C,0 Degree,234 Times,
1438,3448361,70B3D50070001777,1613205689740,FES Receiver,2021-02-13 09:41:29.736528,"['SS', 'Standalone', 'version_184']",70001777,SENS_EVENT_MEASURE,6 cm,3550 mV,3 C,0 Degree,235 Times,
1437,3449301,70B3D50070001777,1613212889539,FES Receiver,2021-02-13 11:41:29.505539,"['SS', 'Standalone', 'version_184']",70001777,SENS_EVENT_MEASURE,8 cm,3610 mV,15 C,0 Degree,237 Times,
1436,3449658,70B3D50070001777,1613216489379,FES Receiver,2021-02-13 12:41:29.328569,"['SS', 'Standalone', 'version_184']",70001777,SENS_EVENT_MEASURE,8 cm,3620 mV,18 C,0 Degree,238 Times,
1435,3450744,70B3D50070001777,1613227289057,FES Receiver,2021-02-13 15:41:28.963442,"['SS', 'Standalone', 'version_184']",70001777,SENS_EVENT_MEASURE,8 cm,3590 mV,6 C,0 Degree,241 Times,
1434,3451099,70B3D50070001777,1613230889003,FES Receiver,2021-02-13 16:41:28.894903,"['SS', 'Standalone', 'version_184']",70001777,SENS_EVENT_MEASURE,8 cm,3580 mV,4 C,1 Degree,242 Times,
1433,3451447,70B3D50070001777,1613234488960,FES Receiver,2021-02-13 17:41:28.839259,"['SS', 'Standalone', 'version_184']",70001777,SENS_EVENT_MEASURE,8 cm,3570 mV,4 C,0 Degree,243 Times,
1432,3451785,70B3D50070001777,1613238088916,FES Receiver,2021-02-13 18:41:28.778801,"['SS', 'Standalone', 'version_184']",70001777,SENS_EVENT_MEASURE,8 cm,3570 mV,3 C,0 Degree,244 Times,
1431,3452139,70B3D50070001777,1613241690324,FES Receiver,2021-02-13 19:41:30.52069,"['SS', 'Standalone', 'version_184']",70001777,SENS_EVENT_MEASURE,8 cm,3560 mV,2 C,0 Degree,245 Times,
1430,3452487,70B3D50070001777,1613245290303,FES Receiver,2021-02-13 20:41:30.485174,"['SS', 'Standalone', 'version_184']",70001777,SENS_EVENT_MEASURE,8 cm,3560 mV,2 C,0 Degree,246 Times,
1429,3453197,70B3D50070001777,1613252490263,FES Receiver,2021-02-13 22:41:30.416703,"['SS', 'Standalone', 'version_184']",70001777,SENS_EVENT_MEASURE,8 cm,3550 mV,0 C,0 Degree,248 Times,
1428,3453574,70B3D50070001777,1613256090242,FES Receiver,2021-02-13 23:41:30.382065,"['SS', 'Standalone', 'version_184']",70001777,SENS_EVENT_MEASURE,8 cm,3550 mV,1 C,0 Degree,249 Times,
1427,3453932,70B3D50070001777,1613259690244,FES Receiver,2021-02-14 00:41:30.369218,"['SS', 'Standalone', 'version_184']",70001777,SENS_EVENT_MEASURE,8 cm,3540 mV,0 C,0 Degree,250 Times,
1426,3454299,70B3D50070001777,1613263290241,FES Receiver,2021-02-14 01:41:30.352674,"['SS', 'Standalone', 'version_184']",70001777,SENS_EVENT_MEASURE,8 cm,3540 mV,0 C,0 Degree,251 Times,
1425,3454658,70B3D50070001777,1613266890241,FES Receiver,2021-02-14 02:41:30.336864,"['SS', 'Standalone', 'version_184']",70001777,SENS_EVENT_MEASURE,8 cm,3530 mV,1 C,0 Degree,252 Times,
1424,3455009,70B3D50070001777,1613270490241,FES Receiver,2021-02-14 03:41:30.322749,"['SS', 'Standalone', 'version_184']",70001777,SENS_EVENT_MEASURE,8 cm,3530 mV,0 C,1 Degree,253 Times,
1423,3455381,70B3D50070001777,1613274090260,FES Receiver,2021-02-14 04:41:30.327587,"['SS', 'Standalone', 'version_184']",70001777,SENS_EVENT_MEASURE,8 cm,3530 mV,0 C,1 Degree,254 Times,
1422,3455728,70B3D50070001777,1613277690267,FES Receiver,2021-02-14 05:41:30.319877,"['SS', 'Standalone', 'version_184']",70001777,SENS_EVENT_MEASURE,8 cm,3530 mV,255 C,0 Degree,255 Times,
1421,3456079,70B3D50070001777,1613281290279,FES Receiver,2021-02-14 06:41:30.317559,"['SS', 'Standalone', 'version_184']",70001777,SENS_EVENT_MEASURE,8 cm,3530 mV,0 C,1 Degree,0 Times,
1420,3456456,70B3D50070001777,1613284890298,FES Receiver,2021-02-14 07:41:30.324842,"['SS', 'Standalone', 'version_184']",70001777,SENS_EVENT_MEASURE,8 cm,3530 mV,255 C,0 Degree,1 Times,
1419,3456807,70B3D50070001777,1613288490318,FES Receiver,2021-02-14 08:41:30.328939,"['SS', 'Standalone', 'version_184']",70001777,SENS_EVENT_MEASURE,8 cm,3530 mV,254 C,1 Degree,2 Times,
1418,3457205,70B3D50070001777,1613292090318,FES Receiver,2021-02-14 09:41:30.314698,"['SS', 'Standalone', 'version_184']",70001777,SENS_EVENT_MEASURE,8 cm,3550 mV,4 C,1 Degree,3 Times,
1417,3457579,70B3D50070001777,1613295690217,FES Receiver,2021-02-14 10:41:30.198873,"['SS', 'Standalone', 'version_184']",70001777,SENS_EVENT_MEASURE,8 cm,3590 mV,11 C,0 Degree,4 Times,
1416,3457926,70B3D50070001777,1613299290077,FES Receiver,2021-02-14 11:41:30.043414,"['SS', 'Standalone', 'version_184']",70001777,SENS_EVENT_MEASURE,8 cm,3610 mV,18 C,0 Degree,5 Times,
1415,3459023,70B3D50070001777,1613310089656,FES Receiver,2021-02-14 14:41:29.581871,"['SS', 'Standalone', 'version_184']",70001777,SENS_EVENT_MEASURE,8 cm,3600 mV,10 C,0 Degree,8 Times,
1414,3459729,70B3D50070001777,1613317289475,FES Receiver,2021-02-14 16:41:29.369562,"['SS', 'Standalone', 'version_184']",70001777,SENS_EVENT_MEASURE,8 cm,3590 mV,5 C,0 Degree,10 Times,
1413,3460075,70B3D50070001777,1613320889415,FES Receiver,2021-02-14 17:41:29.295022,"['SS', 'Standalone', 'version_184']",70001777,SENS_EVENT_MEASURE,8 cm,3580 mV,7 C,0 Degree,11 Times,
1412,3460429,70B3D50070001777,1613324489355,FES Receiver,2021-02-14 18:41:29.22079,"['SS', 'Standalone', 'version_184']",70001777,SENS_EVENT_MEASURE,8 cm,3580 mV,5 C,0 Degree,12 Times,
1411,3461502,70B3D50070001777,1613335290662,FES Receiver,2021-02-14 21:41:30.831363,"['SS', 'Standalone', 'version_184']",70001777,SENS_EVENT_MEASURE,8 cm,3570 mV,4 C,0 Degree,15 Times,
1410,3461865,70B3D50070001777,1613338890622,FES Receiver,2021-02-14 22:41:30.777284,"['SS', 'Standalone', 'version_184']",70001777,SENS_EVENT_MEASURE,8 cm,3570 mV,4 C,0 Degree,16 Times,
1409,3462226,70B3D50070001777,1613342490581,FES Receiver,2021-02-14 23:41:30.722652,"['SS', 'Standalone', 'version_184']",70001777,SENS_EVENT_MEASURE,8 cm,3570 mV,5 C,0 Degree,17 Times,
1408,3462579,70B3D50070001777,1613346090525,FES Receiver,2021-02-15 00:41:30.652011,"['SS', 'Standalone', 'version_184']",70001777,SENS_EVENT_MEASURE,8 cm,3570 mV,5 C,0 Degree,18 Times,
1407,3462940,70B3D50070001777,1613349690481,FES Receiver,2021-02-15 01:41:30.593483,"['SS', 'Standalone', 'version_184']",70001777,SENS_EVENT_MEASURE,8 cm,3570 mV,5 C,1 Degree,19 Times,
1406,3463276,70B3D50070001777,1613353290440,FES Receiver,2021-02-15 02:41:30.537037,"['SS', 'Standalone', 'version_184']",70001777,SENS_EVENT_MEASURE,8 cm,3570 mV,5 C,1 Degree,20 Times,
1405,3463632,70B3D50070001777,1613356890433,FES Receiver,2021-02-15 03:41:30.514767,"['SS', 'Standalone', 'version_184']",70001777,SENS_EVENT_MEASURE,8 cm,3560 mV,3 C,0 Degree,21 Times,
1404,3464009,70B3D50070001777,1613360490360,FES Receiver,2021-02-15 04:41:30.427206,"['SS', 'Standalone', 'version_184']",70001777,SENS_EVENT_MEASURE,8 cm,3560 mV,4 C,0 Degree,22 Times,
1403,3464379,70B3D50070001777,1613364090339,FES Receiver,2021-02-15 05:41:30.391668,"['SS', 'Standalone', 'version_184']",70001777,SENS_EVENT_MEASURE,8 cm,3560 mV,3 C,0 Degree,23 Times,
1402,3464727,70B3D50070001777,1613367690299,FES Receiver,2021-02-15 06:41:30.337849,"['SS', 'Standalone', 'version_184']",70001777,SENS_EVENT_MEASURE,8 cm,3560 mV,3 C,0 Degree,24 Times,
1401,3465084,70B3D50070001777,1613371290265,FES Receiver,2021-02-15 07:41:30.28815,"['SS', 'Standalone', 'version_184']",70001777,SENS_EVENT_MEASURE,8 cm,3560 mV,3 C,1 Degree,25 Times,
1400,3465437,70B3D50070001777,1613374890218,FES Receiver,2021-02-15 08:41:30.227015,"['SS', 'Standalone', 'version_184']",70001777,SENS_EVENT_MEASURE,8 cm,3560 mV,3 C,0 Degree,26 Times,
1399,3465812,70B3D50070001777,1613378490178,FES Receiver,2021-02-15 09:41:30.176178,"['SS', 'Standalone', 'version_184']",70001777,SENS_EVENT_MEASURE,14 cm,3570 mV,4 C,0 Degree,27 Times,
1398,3466174,70B3D50070001777,1613382090117,FES Receiver,2021-02-15 10:41:30.098236,"['SS', 'Standalone', 'version_184']",70001777,SENS_EVENT_MEASURE,12 cm,3570 mV,5 C,0 Degree,28 Times,
1397,3466831,70B3D50070001777,1613389269985,FES Receiver,2021-02-15 12:41:09.935967,"['SS', 'Standalone', 'version_184']",70001777,SENS_EVENT_MEASURE,4 cm,3580 mV,7 C,0 Degree,30 Times,
1396,3467160,70B3D50070001777,1613392869880,FES Receiver,2021-02-15 13:41:09.817122,"['SS', 'Standalone', 'version_184']",70001777,SENS_EVENT_MEASURE,4 cm,3590 mV,11 C,0 Degree,31 Times,
1395,3467829,70B3D50070001777,1613400069721,FES Receiver,2021-02-15 15:41:09.632098,"['SS', 'Standalone', 'version_184']",70001777,SENS_EVENT_MEASURE,4 cm,3580 mV,7 C,0 Degree,33 Times,
1394,3468460,70B3D50070001777,1613407269597,FES Receiver,2021-02-15 17:41:09.479531,"['SS', 'Standalone', 'version_184']",70001777,SENS_EVENT_MEASURE,4 cm,3580 mV,4 C,0 Degree,35 Times,
1393,3468814,70B3D50070001777,1613410869582,FES Receiver,2021-02-15 18:41:09.446754,"['SS', 'Standalone', 'version_184']",70001777,SENS_EVENT_MEASURE,4 cm,3580 mV,4 C,0 Degree,36 Times,
1392,3469490,70B3D50070001777,1613418070901,FES Receiver,2021-02-15 20:41:11.084547,"['SS', 'Standalone', 'version_184']",70001777,SENS_EVENT_MEASURE,4 cm,3570 mV,4 C,0 Degree,38 Times,
1391,3469853,70B3D50070001777,1613421670842,FES Receiver,2021-02-15 21:41:11.011301,"['SS', 'Standalone', 'version_184']",70001777,SENS_EVENT_MEASURE,4 cm,3570 mV,4 C,0 Degree,39 Times,
1390,3470210,70B3D50070001777,1613425270780,FES Receiver,2021-02-15 22:41:10.933519,"['SS', 'Standalone', 'version_184']",70001777,SENS_EVENT_MEASURE,4 cm,3580 mV,5 C,0 Degree,40 Times,
1389,3470573,70B3D50070001777,1613428870727,FES Receiver,2021-02-15 23:41:10.865983,"['SS', 'Standalone', 'version_184']",70001777,SENS_EVENT_MEASURE,4 cm,3580 mV,5 C,0 Degree,41 Times,
1388,3470942,70B3D50070001777,1613432470666,FES Receiver,2021-02-16 00:41:10.790574,"['SS', 'Standalone', 'version_184']",70001777,SENS_EVENT_MEASURE,4 cm,3580 mV,7 C,0 Degree,42 Times,
1387,3471310,70B3D50070001777,1613436070586,FES Receiver,2021-02-16 01:41:10.694569,"['SS', 'Standalone', 'version_184']",70001777,SENS_EVENT_MEASURE,4 cm,3580 mV,6 C,1 Degree,43 Times,
1386,3471655,70B3D50070001777,1613439670518,FES Receiver,2021-02-16 02:41:10.612978,"['SS', 'Standalone', 'version_184']",70001777,SENS_EVENT_MEASURE,4 cm,3580 mV,7 C,1 Degree,44 Times,
1385,3472017,70B3D50070001777,1613443270467,FES Receiver,2021-02-16 03:41:10.547908,"['SS', 'Standalone', 'version_184']",70001777,SENS_EVENT_MEASURE,4 cm,3580 mV,7 C,0 Degree,45 Times,
1384,3472392,70B3D50070001777,1613446870381,FES Receiver,2021-02-16 04:41:10.447357,"['SS', 'Standalone', 'version_184']",70001777,SENS_EVENT_MEASURE,4 cm,3580 mV,6 C,0 Degree,46 Times,
1383,3472746,70B3D50070001777,1613450470296,FES Receiver,2021-02-16 05:41:10.347986,"['SS', 'Standalone', 'version_184']",70001777,SENS_EVENT_MEASURE,4 cm,3580 mV,7 C,0 Degree,47 Times,
1382,3473090,70B3D50070001777,1613454070235,FES Receiver,2021-02-16 06:41:10.275042,"['SS', 'Standalone', 'version_184']",70001777,SENS_EVENT_MEASURE,4 cm,3580 mV,7 C,0 Degree,48 Times,
1381,3473472,70B3D50070001777,1613457670163,FES Receiver,2021-02-16 07:41:10.188595,"['SS', 'Standalone', 'version_184']",70001777,SENS_EVENT_MEASURE,4 cm,3580 mV,8 C,0 Degree,49 Times,
1380,3473837,70B3D50070001777,1613461270014,FES Receiver,2021-02-16 08:41:10.022389,"['SS', 'Standalone', 'version_184']",70001777,SENS_EVENT_MEASURE,4 cm,3580 mV,8 C,0 Degree,50 Times,
1379,3474203,70B3D50070001777,1613464869934,FES Receiver,2021-02-16 09:41:09.92723,"['SS', 'Standalone', 'version_184']",70001777,SENS_EVENT_MEASURE,4 cm,3590 mV,11 C,0 Degree,51 Times,
1378,3474556,70B3D50070001777,1613468469833,FES Receiver,2021-02-16 10:41:09.816145,"['SS', 'Standalone', 'version_184']",70001777,SENS_EVENT_MEASURE,4 cm,3600 mV,10 C,0 Degree,52 Times,
1377,3474895,70B3D50070001777,1613472069706,FES Receiver,2021-02-16 11:41:09.671766,"['SS', 'Standalone', 'version_184']",70001777,SENS_EVENT_MEASURE,2 cm,3610 mV,15 C,0 Degree,53 Times,
1376,3475737,70B3D50070001777,1613482869252,FES Receiver,2021-02-16 14:41:09.170273,"['SS', 'Standalone', 'version_184']",70001777,SENS_EVENT_MEASURE,2 cm,3620 mV,14 C,1 Degree,56 Times,
1375,3476087,70B3D50070001777,1613486469111,FES Receiver,2021-02-16 15:41:09.018187,"['SS', 'Standalone', 'version_184']",70001777,SENS_EVENT_MEASURE,2 cm,3610 mV,17 C,0 Degree,57 Times,
1374,3476434,70B3D50070001777,1613490068990,FES Receiver,2021-02-16 16:41:08.883404,"['SS', 'Standalone', 'version_184']",70001777,SENS_EVENT_MEASURE,2 cm,3610 mV,14 C,1 Degree,58 Times,
1373,3476779,70B3D50070001777,1613493668870,FES Receiver,2021-02-16 17:41:08.746959,"['SS', 'Standalone', 'version_184']",70001777,SENS_EVENT_MEASURE,4 cm,3600 mV,11 C,0 Degree,59 Times,
1372,3477114,70B3D50070001777,1613497268769,FES Receiver,2021-02-16 18:41:08.631179,"['SS', 'Standalone', 'version_184']",70001777,SENS_EVENT_MEASURE,4 cm,3600 mV,10 C,0 Degree,60 Times,
1371,3477473,70B3D50070001777,1613500870121,FES Receiver,2021-02-16 19:41:10.318288,"['SS', 'Standalone', 'version_184']",70001777,SENS_EVENT_MEASURE,4 cm,3600 mV,10 C,1 Degree,61 Times,
1370,3477809,70B3D50070001777,1613504470020,FES Receiver,2021-02-16 20:41:10.203126,"['SS', 'Standalone', 'version_184']",70001777,SENS_EVENT_MEASURE,4 cm,3590 mV,7 C,0 Degree,62 Times,
1369,3478152,70B3D50070001777,1613508069928,FES Receiver,2021-02-16 21:41:10.099083,"['SS', 'Standalone', 'version_184']",70001777,SENS_EVENT_MEASURE,4 cm,3590 mV,9 C,0 Degree,63 Times,
1368,3478502,70B3D50070001777,1613511669839,FES Receiver,2021-02-16 22:41:09.992932,"['SS', 'Standalone', 'version_184']",70001777,SENS_EVENT_MEASURE,4 cm,3590 mV,7 C,0 Degree,64 Times,
1367,3478861,70B3D50070001777,1613515269747,FES Receiver,2021-02-16 23:41:09.886201,"['SS', 'Standalone', 'version_184']",70001777,SENS_EVENT_MEASURE,4 cm,3590 mV,11 C,0 Degree,65 Times,
1366,3479198,70B3D50070001777,1613518869658,FES Receiver,2021-02-17 00:41:09.782939,"['SS', 'Standalone', 'version_184']",70001777,SENS_EVENT_MEASURE,4 cm,3590 mV,10 C,0 Degree,66 Times,
1365,3479538,70B3D50070001777,1613522469557,FES Receiver,2021-02-17 01:41:09.667665,"['SS', 'Standalone', 'version_184']",70001777,SENS_EVENT_MEASURE,4 cm,3590 mV,9 C,0 Degree,67 Times,
1364,3479859,70B3D50070001777,1613526069457,FES Receiver,2021-02-17 02:41:09.553245,"['SS', 'Standalone', 'version_184']",70001777,SENS_EVENT_MEASURE,4 cm,3590 mV,9 C,0 Degree,68 Times,
1363,3480211,70B3D50070001777,1613529669376,FES Receiver,2021-02-17 03:41:09.458163,"['SS', 'Standalone', 'version_184']",70001777,SENS_EVENT_MEASURE,4 cm,3590 mV,10 C,1 Degree,69 Times,
1362,3480551,70B3D50070001777,1613533269276,FES Receiver,2021-02-17 04:41:09.343323,"['SS', 'Standalone', 'version_184']",70001777,SENS_EVENT_MEASURE,4 cm,3590 mV,9 C,0 Degree,70 Times,
1361,3481220,70B3D50070001777,1613540469094,FES Receiver,2021-02-17 06:41:09.132146,"['SS', 'Standalone', 'version_184']",70001777,SENS_EVENT_MEASURE,4 cm,3590 mV,9 C,0 Degree,72 Times,
1360,3481920,70B3D50070001777,1613547668913,FES Receiver,2021-02-17 08:41:08.923588,"['SS', 'Standalone', 'version_184']",70001777,SENS_EVENT_MEASURE,4 cm,3590 mV,11 C,0 Degree,74 Times,
1359,3482294,70B3D50070001777,1613551268813,FES Receiver,2021-02-17 09:41:08.808169,"['SS', 'Standalone', 'version_184']",70001777,SENS_EVENT_MEASURE,4 cm,3600 mV,12 C,0 Degree,75 Times,
1358,3482649,70B3D50070001777,1613554872671,FES Receiver,2021-02-17 10:41:12.657183,"['SS', 'Standalone', 'version_184']",70001777,SENS_EVENT_MEASURE,4 cm,3600 mV,13 C,0 Degree,76 Times,
1357,3483676,70B3D50070001777,1613565668410,FES Receiver,2021-02-17 13:41:08.348549,"['SS', 'Standalone', 'version_184']",70001777,SENS_EVENT_MEASURE,130 cm,3620 mV,16 C,0 Degree,79 Times,
1356,3484026,70B3D50070001777,1613569268268,FES Receiver,2021-02-17 14:41:09.630381,"['SS', 'Standalone', 'version_184']",70001777,SENS_EVENT_MEASURE,124 cm,3620 mV,17 C,0 Degree,80 Times,
1355,3484740,70B3D50070001777,1613576468007,FES Receiver,2021-02-17 16:41:09.356352,"['SS', 'Standalone', 'version_184']",70001777,SENS_EVENT_MEASURE,134 cm,3610 mV,15 C,0 Degree,82 Times,
1354,3485066,70B3D50070001777,1613580067906,FES Receiver,2021-02-17 17:41:09.250015,"['SS', 'Standalone', 'version_184']",70001777,SENS_EVENT_MEASURE,134 cm,3610 mV,13 C,0 Degree,83 Times,
1353,3485429,70B3D50070001777,1613583667806,FES Receiver,2021-02-17 18:41:09.14784,"['SS', 'Standalone', 'version_184']",70001777,SENS_EVENT_MEASURE,128 cm,3610 mV,13 C,0 Degree,84 Times,
1352,3485809,70B3D50070001777,1613587269164,FES Receiver,2021-02-17 19:41:09.040941,"['SS', 'Standalone', 'version_184']",70001777,SENS_EVENT_MEASURE,124 cm,3600 mV,10 C,0 Degree,85 Times,
1351,3486172,70B3D50070001777,1613590869051,FES Receiver,2021-02-17 20:41:08.922604,"['SS', 'Standalone', 'version_184']",70001777,SENS_EVENT_MEASURE,128 cm,3600 mV,10 C,0 Degree,86 Times,
1350,3486517,70B3D50070001777,1613594468942,FES Receiver,2021-02-17 21:41:08.811179,"['SS', 'Standalone', 'version_184']",70001777,SENS_EVENT_MEASURE,128 cm,3600 mV,9 C,0 Degree,87 Times,
1349,3486901,70B3D50070001777,1613598068862,FES Receiver,2021-02-17 22:41:08.726858,"['SS', 'Standalone', 'version_184']",70001777,SENS_EVENT_MEASURE,130 cm,3590 mV,10 C,0 Degree,88 Times,
1348,3487634,70B3D50070001777,1613605268687,FES Receiver,2021-02-18 00:41:08.542106,"['SS', 'Standalone', 'version_184']",70001777,SENS_EVENT_MEASURE,128 cm,3590 mV,7 C,0 Degree,90 Times,
1347,3488014,70B3D50070001777,1613608868605,FES Receiver,2021-02-18 01:41:08.456053,"['SS', 'Standalone', 'version_184']",70001777,SENS_EVENT_MEASURE,130 cm,3580 mV,7 C,0 Degree,91 Times,
1346,3488377,70B3D50070001777,1613612468537,FES Receiver,2021-02-18 02:41:08.383859,"['SS', 'Standalone', 'version_184']",70001777,SENS_EVENT_MEASURE,128 cm,3580 mV,6 C,1 Degree,92 Times,
1345,3488738,70B3D50070001777,1613616068456,FES Receiver,2021-02-18 03:41:08.29831,"['SS', 'Standalone', 'version_184']",70001777,SENS_EVENT_MEASURE,128 cm,3580 mV,7 C,0 Degree,93 Times,
1344,3489124,70B3D50070001777,1613619668377,FES Receiver,2021-02-18 04:41:08.217103,"['SS', 'Standalone', 'version_184']",70001777,SENS_EVENT_MEASURE,130 cm,3580 mV,7 C,0 Degree,94 Times,
1343,3489481,70B3D50070001777,1613623268302,FES Receiver,2021-02-18 05:41:08.135457,"['SS', 'Standalone', 'version_184']",70001777,SENS_EVENT_MEASURE,128 cm,3580 mV,5 C,0 Degree,95 Times,
1342,3489845,70B3D50070001777,1613626868234,FES Receiver,2021-02-18 06:41:08.062125,"['SS', 'Standalone', 'version_184']",70001777,SENS_EVENT_MEASURE,128 cm,3580 mV,7 C,0 Degree,96 Times,
1341,3490221,70B3D50070001777,1613630468173,FES Receiver,2021-02-18 07:41:07.996342,"['SS', 'Standalone', 'version_184']",70001777,SENS_EVENT_MEASURE,128 cm,3580 mV,7 C,0 Degree,97 Times,
1340,3490565,70B3D50070001777,1613634068092,FES Receiver,2021-02-18 08:41:07.912192,"['SS', 'Standalone', 'version_184']",70001777,SENS_EVENT_MEASURE,124 cm,3580 mV,7 C,0 Degree,98 Times,
1339,3490926,70B3D50070001777,1613637667951,FES Receiver,2021-02-18 09:41:07.765603,"['SS', 'Standalone', 'version_184']",70001777,SENS_EVENT_MEASURE,124 cm,3590 mV,10 C,0 Degree,99 Times,
1338,3491291,70B3D50070001777,1613641267830,FES Receiver,2021-02-18 10:41:07.643914,"['SS', 'Standalone', 'version_184']",70001777,SENS_EVENT_MEASURE,124 cm,3600 mV,13 C,1 Degree,100 Times,
1337,3492002,70B3D50070001777,1613648467557,FES Receiver,2021-02-18 12:41:07.357033,"['SS', 'Standalone', 'version_184']",70001777,SENS_EVENT_MEASURE,126 cm,3610 mV,17 C,0 Degree,102 Times,
1336,3492352,70B3D50070001777,1613652067408,FES Receiver,2021-02-18 13:41:07.203473,"['SS', 'Standalone', 'version_184']",70001777,SENS_EVENT_MEASURE,120 cm,3620 mV,18 C,0 Degree,103 Times,
1335,3492676,70B3D50070001777,1613655667267,FES Receiver,2021-02-18 14:41:07.057969,"['SS', 'Standalone', 'version_184']",70001777,SENS_EVENT_MEASURE,120 cm,3610 mV,15 C,0 Degree,104 Times,
1334,3493082,70B3D50070001777,1613659267126,FES Receiver,2021-02-18 15:41:06.913266,"['SS', 'Standalone', 'version_184']",70001777,SENS_EVENT_MEASURE,120 cm,3610 mV,15 C,0 Degree,105 Times,
1333,3493433,70B3D50070001777,1613662867046,FES Receiver,2021-02-18 16:41:06.827859,"['SS', 'Standalone', 'version_184']",70001777,SENS_EVENT_MEASURE,120 cm,3610 mV,15 C,1 Degree,106 Times,
1332,3493802,70B3D50070001777,1613666466925,FES Receiver,2021-02-18 17:41:06.701846,"['SS', 'Standalone', 'version_184']",70001777,SENS_EVENT_MEASURE,120 cm,3610 mV,14 C,0 Degree,107 Times,
1331,3494152,70B3D50070001777,1613670066825,FES Receiver,2021-02-18 18:41:06.600012,"['SS', 'Standalone', 'version_184']",70001777,SENS_EVENT_MEASURE,126 cm,3600 mV,13 C,0 Degree,108 Times,
1330,3494515,70B3D50070001777,1613673668175,FES Receiver,2021-02-18 19:41:08.37916,"['SS', 'Standalone', 'version_184']",70001777,SENS_EVENT_MEASURE,126 cm,3600 mV,12 C,0 Degree,109 Times,
1329,3494876,70B3D50070001777,1613677268041,FES Receiver,2021-02-18 20:41:08.243151,"['SS', 'Standalone', 'version_184']",70001777,SENS_EVENT_MEASURE,126 cm,3600 mV,11 C,0 Degree,110 Times,
1328,3495238,70B3D50070001777,1613680867945,FES Receiver,2021-02-18 21:41:08.139363,"['SS', 'Standalone', 'version_184']",70001777,SENS_EVENT_MEASURE,126 cm,3600 mV,12 C,0 Degree,111 Times,
1327,3495589,70B3D50070001777,1613684467823,FES Receiver,2021-02-18 22:41:08.013249,"['SS', 'Standalone', 'version_184']",70001777,SENS_EVENT_MEASURE,126 cm,3600 mV,11 C,0 Degree,112 Times,
1326,3495945,70B3D50070001777,1613688067720,FES Receiver,2021-02-18 23:41:07.905259,"['SS', 'Standalone', 'version_184']",70001777,SENS_EVENT_MEASURE,120 cm,3600 mV,10 C,0 Degree,113 Times,
1325,3496305,70B3D50070001777,1613691667619,FES Receiver,2021-02-19 00:41:07.798137,"['SS', 'Standalone', 'version_184']",70001777,SENS_EVENT_MEASURE,124 cm,3600 mV,11 C,0 Degree,114 Times,
1324,3496666,70B3D50070001777,1613695267499,FES Receiver,2021-02-19 01:41:07.673358,"['SS', 'Standalone', 'version_184']",70001777,SENS_EVENT_MEASURE,126 cm,3600 mV,11 C,0 Degree,115 Times,
1323,3497037,70B3D50070001777,1613698867398,FES Receiver,2021-02-19 02:41:07.567238,"['SS', 'Standalone', 'version_184']",70001777,SENS_EVENT_MEASURE,124 cm,3590 mV,9 C,0 Degree,116 Times,
1322,3497402,70B3D50070001777,1613702467317,FES Receiver,2021-02-19 03:41:07.482217,"['SS', 'Standalone', 'version_184']",70001777,SENS_EVENT_MEASURE,124 cm,3590 mV,7 C,0 Degree,117 Times,
1321,3497762,70B3D50070001777,1613706067237,FES Receiver,2021-02-19 04:41:07.398064,"['SS', 'Standalone', 'version_184']",70001777,SENS_EVENT_MEASURE,124 cm,3590 mV,7 C,0 Degree,118 Times,
1320,3498110,70B3D50070001777,1613709667156,FES Receiver,2021-02-19 05:41:07.310338,"['SS', 'Standalone', 'version_184']",70001777,SENS_EVENT_MEASURE,124 cm,3580 mV,7 C,0 Degree,119 Times,
1319,3498459,70B3D50070001777,1613713267076,FES Receiver,2021-02-19 06:41:07.224285,"['SS', 'Standalone', 'version_184']",70001777,SENS_EVENT_MEASURE,120 cm,3580 mV,7 C,0 Degree,120 Times,
1318,3498816,70B3D50070001777,1613716866996,FES Receiver,2021-02-19 07:41:07.140588,"['SS', 'Standalone', 'version_184']",70001777,SENS_EVENT_MEASURE,122 cm,3580 mV,7 C,0 Degree,121 Times,
1317,3499169,70B3D50070001777,1613720466935,FES Receiver,2021-02-19 08:41:07.074457,"['SS', 'Standalone', 'version_184']",70001777,SENS_EVENT_MEASURE,122 cm,3580 mV,8 C,0 Degree,122 Times,
1316,3499540,70B3D50070001777,1613724066695,FES Receiver,2021-02-19 09:41:06.827666,"['SS', 'Standalone', 'version_184']",70001777,SENS_EVENT_MEASURE,120 cm,3600 mV,13 C,0 Degree,123 Times,
1315,3499908,70B3D50070001777,1613727666495,FES Receiver,2021-02-19 10:41:06.626741,"['SS', 'Standalone', 'version_184']",70001777,SENS_EVENT_MEASURE,120 cm,3610 mV,17 C,0 Degree,124 Times,
1314,3500272,70B3D50070001777,1613731266334,FES Receiver,2021-02-19 11:41:06.457851,"['SS', 'Standalone', 'version_184']",70001777,SENS_EVENT_MEASURE,120 cm,3630 mV,19 C,1 Degree,125 Times,
1313,3500630,70B3D50070001777,1613734866154,FES Receiver,2021-02-19 12:41:06.272874,"['SS', 'Standalone', 'version_184']",70001777,SENS_EVENT_MEASURE,120 cm,3640 mV,27 C,0 Degree,126 Times,
1312,3501315,70B3D50070001777,1613742065993,FES Receiver,2021-02-19 14:41:06.100125,"['SS', 'Standalone', 'version_184']",70001777,SENS_EVENT_MEASURE,126 cm,3620 mV,15 C,0 Degree,128 Times,
1311,3501652,70B3D50070001777,1613745665752,FES Receiver,2021-02-19 15:41:05.85563,"['SS', 'Standalone', 'version_184']",70001777,SENS_EVENT_MEASURE,118 cm,3620 mV,18 C,0 Degree,129 Times,
1310,3501998,70B3D50070001777,1613749265774,FES Receiver,2021-02-19 16:41:05.87286,"['SS', 'Standalone', 'version_184']",70001777,SENS_EVENT_MEASURE,112 cm,3610 mV,15 C,0 Degree,130 Times,
1309,3502332,70B3D50070001777,1613752865511,FES Receiver,2021-02-19 17:41:05.605288,"['SS', 'Standalone', 'version_184']",70001777,SENS_EVENT_MEASURE,112 cm,3610 mV,14 C,0 Degree,131 Times,
1308,3502676,70B3D50070001777,1613756465519,FES Receiver,2021-02-19 18:41:05.609094,"['SS', 'Standalone', 'version_184']",70001777,SENS_EVENT_MEASURE,110 cm,3610 mV,13 C,0 Degree,132 Times,
1307,3503047,70B3D50070001777,1613760066872,FES Receiver,2021-02-19 19:41:07.075446,"['SS', 'Standalone', 'version_184']",70001777,SENS_EVENT_MEASURE,110 cm,3600 mV,10 C,0 Degree,133 Times,
1306,3503414,70B3D50070001777,1613763666764,FES Receiver,2021-02-19 20:41:06.962331,"['SS', 'Standalone', 'version_184']",70001777,SENS_EVENT_MEASURE,114 cm,3600 mV,13 C,0 Degree,134 Times,
1305,3504138,70B3D50070001777,1613770866563,FES Receiver,2021-02-19 22:41:06.755622,"['SS', 'Standalone', 'version_184']",70001777,SENS_EVENT_MEASURE,112 cm,3580 mV,8 C,0 Degree,136 Times,
1304,3504500,70B3D50070001777,1613774466463,FES Receiver,2021-02-19 23:41:06.647651,"['SS', 'Standalone', 'version_184']",70001777,SENS_EVENT_MEASURE,112 cm,3590 mV,10 C,0 Degree,137 Times,
1303,3504863,70B3D50070001777,1613778066362,FES Receiver,2021-02-20 00:41:06.541278,"['SS', 'Standalone', 'version_184']",70001777,SENS_EVENT_MEASURE,112 cm,3590 mV,10 C,0 Degree,138 Times,
1302,3505228,70B3D50070001777,1613781666262,FES Receiver,2021-02-20 01:41:06.436043,"['SS', 'Standalone', 'version_184']",70001777,SENS_EVENT_MEASURE,112 cm,3600 mV,9 C,0 Degree,139 Times,
1301,3505585,70B3D50070001777,1613785266161,FES Receiver,2021-02-20 02:41:06.331295,"['SS', 'Standalone', 'version_184']",70001777,SENS_EVENT_MEASURE,112 cm,3590 mV,11 C,0 Degree,140 Times,
1300,3505938,70B3D50070001777,1613788866068,FES Receiver,2021-02-20 03:41:06.232126,"['SS', 'Standalone', 'version_184']",70001777,SENS_EVENT_MEASURE,112 cm,3590 mV,10 C,0 Degree,141 Times,
1299,3506304,70B3D50070001777,1613792465980,FES Receiver,2021-02-20 04:41:06.138779,"['SS', 'Standalone', 'version_184']",70001777,SENS_EVENT_MEASURE,112 cm,3590 mV,9 C,0 Degree,142 Times,
1298,3507013,70B3D50070001777,1613799665799,FES Receiver,2021-02-20 06:41:05.949283,"['SS', 'Standalone', 'version_184']",70001777,SENS_EVENT_MEASURE,112 cm,3590 mV,8 C,0 Degree,144 Times,
1297,3507384,70B3D50070001777,1613803265698,FES Receiver,2021-02-20 07:41:05.843574,"['SS', 'Standalone', 'version_184']",70001777,SENS_EVENT_MEASURE,112 cm,3590 mV,8 C,0 Degree,145 Times,
1296,3507731,70B3D50070001777,1613806865626,FES Receiver,2021-02-20 08:41:05.765419,"['SS', 'Standalone', 'version_184']",70001777,SENS_EVENT_MEASURE,114 cm,3590 mV,11 C,0 Degree,146 Times,
1295,3508108,70B3D50070001777,1613810465303,FES Receiver,2021-02-20 09:41:05.437611,"['SS', 'Standalone', 'version_184']",70001777,SENS_EVENT_MEASURE,112 cm,3600 mV,15 C,0 Degree,147 Times,
1294,3508469,70B3D50070001777,1613814065118,FES Receiver,2021-02-20 10:41:05.250195,"['SS', 'Standalone', 'version_184']",70001777,SENS_EVENT_MEASURE,112 cm,3620 mV,23 C,0 Degree,148 Times,
1293,3508813,70B3D50070001777,1613817664977,FES Receiver,2021-02-20 11:41:05.100758,"['SS', 'Standalone', 'version_184']",70001777,SENS_EVENT_MEASURE,114 cm,3640 mV,28 C,0 Degree,149 Times,
1292,3509104,70B3D50070001777,1613821264837,FES Receiver,2021-02-20 12:41:04.959437,"['SS', 'Standalone', 'version_184']",70001777,SENS_EVENT_MEASURE,106 cm,3640 mV,30 C,0 Degree,150 Times,
1291,3509421,70B3D50070001777,1613824864624,FES Receiver,2021-02-20 13:41:04.737884,"['SS', 'Standalone', 'version_184']",70001777,SENS_EVENT_MEASURE,106 cm,3640 mV,21 C,0 Degree,151 Times,
1290,3509721,70B3D50070001777,1613828464515,FES Receiver,2021-02-20 14:41:04.622928,"['SS', 'Standalone', 'version_184']",70001777,SENS_EVENT_MEASURE,96 cm,3630 mV,18 C,0 Degree,152 Times,
1289,3510022,70B3D50070001777,1613832064315,FES Receiver,2021-02-20 15:41:04.419676,"['SS', 'Standalone', 'version_184']",70001777,SENS_EVENT_MEASURE,94 cm,3630 mV,18 C,0 Degree,153 Times,
1288,3510328,70B3D50070001777,1613835664155,FES Receiver,2021-02-20 16:41:04.254423,"['SS', 'Standalone', 'version_184']",70001777,SENS_EVENT_MEASURE,96 cm,3620 mV,18 C,0 Degree,154 Times,
1287,3510941,70B3D50070001777,1613842864014,FES Receiver,2021-02-20 18:41:04.10446,"['SS', 'Standalone', 'version_184']",70001777,SENS_EVENT_MEASURE,102 cm,3620 mV,14 C,0 Degree,156 Times,
1286,3511255,70B3D50070001777,1613846465404,FES Receiver,2021-02-20 19:41:05.607494,"['SS', 'Standalone', 'version_184']",70001777,SENS_EVENT_MEASURE,98 cm,3610 mV,13 C,0 Degree,157 Times,
1285,3511568,70B3D50070001777,1613850065143,FES Receiver,2021-02-20 20:41:05.341523,"['SS', 'Standalone', 'version_184']",70001777,SENS_EVENT_MEASURE,96 cm,3610 mV,12 C,0 Degree,158 Times,
1284,3511873,70B3D50070001777,1613853665162,FES Receiver,2021-02-20 21:41:05.355717,"['SS', 'Standalone', 'version_184']",70001777,SENS_EVENT_MEASURE,96 cm,3600 mV,11 C,0 Degree,159 Times,
1283,3512187,70B3D50070001777,1613857264922,FES Receiver,2021-02-20 22:41:05.111075,"['SS', 'Standalone', 'version_184']",70001777,SENS_EVENT_MEASURE,96 cm,3600 mV,11 C,0 Degree,160 Times,
1282,3512505,70B3D50070001777,1613860864822,FES Receiver,2021-02-20 23:41:05.006441,"['SS', 'Standalone', 'version_184']",70001777,SENS_EVENT_MEASURE,94 cm,3600 mV,11 C,0 Degree,161 Times,
1281,3512844,70B3D50070001777,1613864464850,FES Receiver,2021-02-21 00:41:05.031921,"['SS', 'Standalone', 'version_184']",70001777,SENS_EVENT_MEASURE,94 cm,3600 mV,10 C,0 Degree,162 Times,
1280,3513469,70B3D50070001777,1613871664508,FES Receiver,2021-02-21 02:41:04.677078,"['SS', 'Standalone', 'version_184']",70001777,SENS_EVENT_MEASURE,94 cm,3590 mV,10 C,0 Degree,164 Times,
1279,3513774,70B3D50070001777,1613875264420,FES Receiver,2021-02-21 03:41:04.585203,"['SS', 'Standalone', 'version_184']",70001777,SENS_EVENT_MEASURE,94 cm,3590 mV,10 C,0 Degree,165 Times,
1278,3514377,70B3D50070001777,1613882464219,FES Receiver,2021-02-21 05:41:04.372558,"['SS', 'Standalone', 'version_184']",70001777,SENS_EVENT_MEASURE,94 cm,3580 mV,7 C,0 Degree,167 Times,
1277,3514688,70B3D50070001777,1613886064158,FES Receiver,2021-02-21 06:41:04.308332,"['SS', 'Standalone', 'version_184']",70001777,SENS_EVENT_MEASURE,94 cm,3580 mV,8 C,1 Degree,168 Times,
1276,3515028,70B3D50070001777,1613889664078,FES Receiver,2021-02-21 07:41:04.221484,"['SS', 'Standalone', 'version_184']",70001777,SENS_EVENT_MEASURE,94 cm,3580 mV,7 C,0 Degree,169 Times,
1275,3515346,70B3D50070001777,1613893264117,FES Receiver,2021-02-21 08:41:04.255835,"['SS', 'Standalone', 'version_184']",70001777,SENS_EVENT_MEASURE,92 cm,3580 mV,8 C,0 Degree,170 Times,
1274,3515675,70B3D50070001777,1613896863817,FES Receiver,2021-02-21 09:41:03.949838,"['SS', 'Standalone', 'version_184']",70001777,SENS_EVENT_MEASURE,104 cm,3600 mV,13 C,0 Degree,171 Times,
1273,3515998,70B3D50070001777,1613900463657,FES Receiver,2021-02-21 10:41:03.788816,"['SS', 'Standalone', 'version_184']",70001777,SENS_EVENT_MEASURE,90 cm,3620 mV,24 C,1 Degree,172 Times,
1272,3516293,70B3D50070001777,1613904063476,FES Receiver,2021-02-21 11:41:03.601257,"['SS', 'Standalone', 'version_184']",70001777,SENS_EVENT_MEASURE,92 cm,3640 mV,30 C,0 Degree,173 Times,
1271,3516623,70B3D50070001777,1613907663356,FES Receiver,2021-02-21 12:41:03.47505,"['SS', 'Standalone', 'version_184']",70001777,SENS_EVENT_MEASURE,90 cm,3640 mV,30 C,0 Degree,174 Times,
1270,3516930,70B3D50070001777,1613911263195,FES Receiver,2021-02-21 13:41:03.309682,"['SS', 'Standalone', 'version_184']",70001777,SENS_EVENT_MEASURE,90 cm,3640 mV,26 C,0 Degree,175 Times,
1269,3517217,70B3D50070001777,1613914862995,FES Receiver,2021-02-21 14:41:03.106371,"['SS', 'Standalone', 'version_184']",70001777,SENS_EVENT_MEASURE,90 cm,3630 mV,19 C,0 Degree,176 Times,
1268,3517532,70B3D50070001777,1613918462875,FES Receiver,2021-02-21 15:41:02.978038,"['SS', 'Standalone', 'version_184']",70001777,SENS_EVENT_MEASURE,90 cm,3620 mV,18 C,0 Degree,177 Times,
1267,3517831,70B3D50070001777,1613922062722,FES Receiver,2021-02-21 16:41:02.821609,"['SS', 'Standalone', 'version_184']",70001777,SENS_EVENT_MEASURE,90 cm,3620 mV,18 C,0 Degree,178 Times,
1266,3518141,70B3D50070001777,1613925662574,FES Receiver,2021-02-21 17:41:02.673574,"['SS', 'Standalone', 'version_184']",70001777,SENS_EVENT_MEASURE,90 cm,3620 mV,14 C,0 Degree,179 Times,
1265,3518473,70B3D50070001777,1613929262453,FES Receiver,2021-02-21 18:41:02.543874,"['SS', 'Standalone', 'version_184']",70001777,SENS_EVENT_MEASURE,90 cm,3610 mV,15 C,0 Degree,180 Times,
1264,3519094,70B3D50070001777,1613936463647,FES Receiver,2021-02-21 20:41:03.844814,"['SS', 'Standalone', 'version_184']",70001777,SENS_EVENT_MEASURE,90 cm,3610 mV,15 C,0 Degree,182 Times,
1263,3519396,70B3D50070001777,1613940063527,FES Receiver,2021-02-21 21:41:03.717933,"['SS', 'Standalone', 'version_184']",70001777,SENS_EVENT_MEASURE,90 cm,3610 mV,13 C,0 Degree,183 Times,
1262,3519725,70B3D50070001777,1613943663426,FES Receiver,2021-02-21 22:41:03.611448,"['SS', 'Standalone', 'version_184']",70001777,SENS_EVENT_MEASURE,90 cm,3600 mV,11 C,0 Degree,184 Times,
1261,3520030,70B3D50070001777,1613947263325,FES Receiver,2021-02-21 23:41:03.507791,"['SS', 'Standalone', 'version_184']",70001777,SENS_EVENT_MEASURE,90 cm,3600 mV,11 C,0 Degree,185 Times,
1260,3520651,70B3D50070001777,1613954463205,FES Receiver,2021-02-22 01:41:03.379713,"['SS', 'Standalone', 'version_184']",70001777,SENS_EVENT_MEASURE,90 cm,3590 mV,12 C,0 Degree,187 Times,
1259,3520953,70B3D50070001777,1613958063044,FES Receiver,2021-02-22 02:41:03.211309,"['SS', 'Standalone', 'version_184']",70001777,SENS_EVENT_MEASURE,90 cm,3590 mV,9 C,0 Degree,188 Times,
1258,3521259,70B3D50070001777,1613961662951,FES Receiver,2021-02-22 03:41:03.112622,"['SS', 'Standalone', 'version_184']",70001777,SENS_EVENT_MEASURE,90 cm,3580 mV,8 C,1 Degree,189 Times,
1257,3521595,70B3D50070001777,1613965262865,FES Receiver,2021-02-22 04:41:03.021593,"['SS', 'Standalone', 'version_184']",70001777,SENS_EVENT_MEASURE,90 cm,3580 mV,9 C,0 Degree,190 Times,
1256,3521910,70B3D50070001777,1613968862903,FES Receiver,2021-02-22 05:41:03.054745,"['SS', 'Standalone', 'version_184']",70001777,SENS_EVENT_MEASURE,90 cm,3580 mV,9 C,0 Degree,191 Times,
1255,3522230,70B3D50070001777,1613972462842,FES Receiver,2021-02-22 06:41:02.989627,"['SS', 'Standalone', 'version_184']",70001777,SENS_EVENT_MEASURE,90 cm,3580 mV,8 C,0 Degree,192 Times,
1254,3522526,70B3D50070001777,1613976062722,FES Receiver,2021-02-22 07:41:02.868283,"['SS', 'Standalone', 'version_184']",70001777,SENS_EVENT_MEASURE,92 cm,3580 mV,10 C,0 Degree,193 Times,
1253,3523139,70B3D50070001777,1613983262481,FES Receiver,2021-02-22 09:41:02.618513,"['SS', 'Standalone', 'version_184']",70001777,SENS_EVENT_MEASURE,90 cm,3600 mV,13 C,0 Degree,195 Times,
1252,3523473,70B3D50070001777,1613986862248,FES Receiver,2021-02-22 10:41:02.377882,"['SS', 'Standalone', 'version_184']",70001777,SENS_EVENT_MEASURE,92 cm,3610 mV,17 C,0 Degree,196 Times,
1251,3523782,70B3D50070001777,1613990462040,FES Receiver,2021-02-22 11:41:02.162196,"['SS', 'Standalone', 'version_184']",70001777,SENS_EVENT_MEASURE,92 cm,3630 mV,22 C,0 Degree,197 Times,
1250,3524091,70B3D50070001777,1613994061899,FES Receiver,2021-02-22 12:41:02.018127,"['SS', 'Standalone', 'version_184']",70001777,SENS_EVENT_MEASURE,90 cm,3630 mV,24 C,0 Degree,198 Times,
1249,3524404,70B3D50070001777,1613997661739,FES Receiver,2021-02-22 13:41:01.85265,"['SS', 'Standalone', 'version_184']",70001777,SENS_EVENT_MEASURE,88 cm,3630 mV,18 C,0 Degree,199 Times,
1248,3524695,70B3D50070001777,1614001261598,FES Receiver,2021-02-22 14:41:01.706292,"['SS', 'Standalone', 'version_184']",70001777,SENS_EVENT_MEASURE,86 cm,3620 mV,16 C,0 Degree,200 Times,
1247,3525350,70B3D50070001777,1614008461438,FES Receiver,2021-02-22 16:41:01.535496,"['SS', 'Standalone', 'version_184']",70001777,SENS_EVENT_MEASURE,80 cm,3610 mV,16 C,0 Degree,202 Times,
1246,3525674,70B3D50070001777,1614012061338,FES Receiver,2021-02-22 17:41:01.431488,"['SS', 'Standalone', 'version_184']",70001777,SENS_EVENT_MEASURE,80 cm,3610 mV,14 C,0 Degree,203 Times,
1245,3526312,70B3D50070001777,1614019262562,FES Receiver,2021-02-22 19:41:02.768492,"['SS', 'Standalone', 'version_184']",70001777,SENS_EVENT_MEASURE,78 cm,3600 mV,10 C,0 Degree,205 Times,
1244,3526649,70B3D50070001777,1614022862481,FES Receiver,2021-02-22 20:41:02.682338,"['SS', 'Standalone', 'version_184']",70001777,SENS_EVENT_MEASURE,82 cm,3590 mV,12 C,0 Degree,206 Times,
1243,3526966,70B3D50070001777,1614026462348,FES Receiver,2021-02-22 21:41:02.545567,"['SS', 'Standalone', 'version_184']",70001777,SENS_EVENT_MEASURE,80 cm,3590 mV,8 C,0 Degree,207 Times,
1242,3527306,70B3D50070001777,1614030062263,FES Receiver,2021-02-22 22:41:02.455494,"['SS', 'Standalone', 'version_184']",70001777,SENS_EVENT_MEASURE,86 cm,3590 mV,8 C,0 Degree,208 Times,
1241,3527633,70B3D50070001777,1614033662160,FES Receiver,2021-02-22 23:41:02.345807,"['SS', 'Standalone', 'version_184']",70001777,SENS_EVENT_MEASURE,86 cm,3590 mV,9 C,0 Degree,209 Times,
1240,3527980,70B3D50070001777,1614037261939,FES Receiver,2021-02-23 00:41:02.12338,"['SS', 'Standalone', 'version_184']",70001777,SENS_EVENT_MEASURE,86 cm,3580 mV,9 C,0 Degree,210 Times,
1239,3528303,70B3D50070001777,1614040861899,FES Receiver,2021-02-23 01:41:02.074313,"['SS', 'Standalone', 'version_184']",70001777,SENS_EVENT_MEASURE,86 cm,3580 mV,9 C,0 Degree,211 Times,
1238,3528627,70B3D50070001777,1614044461806,FES Receiver,2021-02-23 02:41:01.975932,"['SS', 'Standalone', 'version_184']",70001777,SENS_EVENT_MEASURE,86 cm,3580 mV,9 C,0 Degree,212 Times,
1237,3528963,70B3D50070001777,1614048061706,FES Receiver,2021-02-23 03:41:01.87346,"['SS', 'Standalone', 'version_184']",70001777,SENS_EVENT_MEASURE,86 cm,3580 mV,9 C,0 Degree,213 Times,
1236,3529309,70B3D50070001777,1614051661632,FES Receiver,2021-02-23 04:41:01.792539,"['SS', 'Standalone', 'version_184']",70001777,SENS_EVENT_MEASURE,86 cm,3590 mV,9 C,0 Degree,214 Times,
1235,3529624,70B3D50070001777,1614055261518,FES Receiver,2021-02-23 05:41:01.672573,"['SS', 'Standalone', 'version_184']",70001777,SENS_EVENT_MEASURE,86 cm,3590 mV,9 C,0 Degree,215 Times,
1234,3530271,70B3D50070001777,1614062461345,FES Receiver,2021-02-23 07:41:01.488963,"['SS', 'Standalone', 'version_184']",70001777,SENS_EVENT_MEASURE,82 cm,3580 mV,9 C,0 Degree,217 Times,
1233,3530600,70B3D50070001777,1614066061365,FES Receiver,2021-02-23 08:41:01.505328,"['SS', 'Standalone', 'version_184']",70001777,SENS_EVENT_MEASURE,86 cm,3580 mV,9 C,0 Degree,218 Times,
1232,3530929,70B3D50070001777,1614069661196,FES Receiver,2021-02-23 09:41:01.330038,"['SS', 'Standalone', 'version_184']",70001777,SENS_EVENT_MEASURE,80 cm,3600 mV,16 C,1 Degree,219 Times,
1231,3531263,70B3D50070001777,1614073264936,FES Receiver,2021-02-23 10:41:05.068351,"['SS', 'Standalone', 'version_184']",70001777,SENS_EVENT_MEASURE,80 cm,3620 mV,19 C,0 Degree,220 Times,
1230,3531600,70B3D50070001777,1614076860736,FES Receiver,2021-02-23 11:41:00.859689,"['SS', 'Standalone', 'version_184']",70001777,SENS_EVENT_MEASURE,74 cm,3630 mV,25 C,0 Degree,221 Times,
1229,3532289,70B3D50070001777,1614084060434,FES Receiver,2021-02-23 13:41:00.550048,"['SS', 'Standalone', 'version_184']",70001777,SENS_EVENT_MEASURE,74 cm,3640 mV,24 C,0 Degree,223 Times,
1228,3532583,70B3D50070001777,1614087660234,FES Receiver,2021-02-23 14:41:00.344458,"['SS', 'Standalone', 'version_184']",70001777,SENS_EVENT_MEASURE,74 cm,3630 mV,18 C,0 Degree,224 Times,
1227,3533233,70B3D50070001777,1614094859914,FES Receiver,2021-02-23 16:41:00.018106,"['SS', 'Standalone', 'version_184']",70001777,SENS_EVENT_MEASURE,74 cm,3620 mV,18 C,0 Degree,226 Times,
1226,3533547,70B3D50070001777,1614098459715,FES Receiver,2021-02-23 17:40:59.810409,"['SS', 'Standalone', 'version_184']",70001777,SENS_EVENT_MEASURE,72 cm,3620 mV,18 C,0 Degree,227 Times,
1225,3533881,70B3D50070001777,1614102059713,FES Receiver,2021-02-23 18:40:59.803295,"['SS', 'Standalone', 'version_184']",70001777,SENS_EVENT_MEASURE,72 cm,3620 mV,16 C,0 Degree,228 Times,
1224,3534218,70B3D50070001777,1614105660932,FES Receiver,2021-02-23 19:41:01.136899,"['SS', 'Standalone', 'version_184']",70001777,SENS_EVENT_MEASURE,72 cm,3620 mV,16 C,0 Degree,229 Times,
1223,3534563,70B3D50070001777,1614109260884,FES Receiver,2021-02-23 20:41:01.082222,"['SS', 'Standalone', 'version_184']",70001777,SENS_EVENT_MEASURE,72 cm,3610 mV,15 C,0 Degree,230 Times,
1222,3534872,70B3D50070001777,1614112860743,FES Receiver,2021-02-23 21:41:00.936958,"['SS', 'Standalone', 'version_184']",70001777,SENS_EVENT_MEASURE,72 cm,3610 mV,14 C,0 Degree,231 Times,
1221,3535189,70B3D50070001777,1614116460643,FES Receiver,2021-02-23 22:41:00.832194,"['SS', 'Standalone', 'version_184']",70001777,SENS_EVENT_MEASURE,80 cm,3600 mV,13 C,0 Degree,232 Times,
1220,3535510,70B3D50070001777,1614120060563,FES Receiver,2021-02-23 23:41:00.757578,"['SS', 'Standalone', 'version_184']",70001777,SENS_EVENT_MEASURE,80 cm,3600 mV,13 C,0 Degree,233 Times,
1219,3535840,70B3D50070001777,1614123660403,FES Receiver,2021-02-24 00:41:00.581947,"['SS', 'Standalone', 'version_184']",70001777,SENS_EVENT_MEASURE,78 cm,3600 mV,12 C,0 Degree,234 Times,
1218,3536170,70B3D50070001777,1614127260342,FES Receiver,2021-02-24 01:41:00.516726,"['SS', 'Standalone', 'version_184']",70001777,SENS_EVENT_MEASURE,80 cm,3600 mV,12 C,0 Degree,235 Times,
1217,3536507,70B3D50070001777,1614130860222,FES Receiver,2021-02-24 02:41:00.391098,"['SS', 'Standalone', 'version_184']",70001777,SENS_EVENT_MEASURE,78 cm,3600 mV,12 C,0 Degree,236 Times,
1216,3537156,70B3D50070001777,1614138060001,FES Receiver,2021-02-24 04:41:00.159916,"['SS', 'Standalone', 'version_184']",70001777,SENS_EVENT_MEASURE,78 cm,3590 mV,13 C,0 Degree,238 Times,
1215,3537461,70B3D50070001777,1614141659901,FES Receiver,2021-02-24 05:41:00.055512,"['SS', 'Standalone', 'version_184']",70001777,SENS_EVENT_MEASURE,76 cm,3590 mV,11 C,0 Degree,239 Times,
1214,3537760,70B3D50070001777,1614145259800,FES Receiver,2021-02-24 06:40:59.953887,"['SS', 'Standalone', 'version_184']",70001777,SENS_EVENT_MEASURE,78 cm,3590 mV,10 C,0 Degree,240 Times,
1213,3538080,70B3D50070001777,1614148859860,FES Receiver,2021-02-24 07:41:00.003879,"['SS', 'Standalone', 'version_184']",70001777,SENS_EVENT_MEASURE,72 cm,3590 mV,8 C,0 Degree,241 Times,
1212,3538378,70B3D50070001777,1614152459740,FES Receiver,2021-02-24 08:40:59.879054,"['SS', 'Standalone', 'version_184']",70001777,SENS_EVENT_MEASURE,72 cm,3590 mV,12 C,0 Degree,242 Times,
1211,3538608,70B3D50070001777,1614156059460,FES Receiver,2021-02-24 09:40:59.592758,"['SS', 'Standalone', 'version_184']",70001777,SENS_EVENT_MEASURE,70 cm,3610 mV,16 C,0 Degree,243 Times,
1210,3538880,70B3D50070001777,1614159659300,FES Receiver,2021-02-24 10:40:59.431352,"['SS', 'Standalone', 'version_184']",70001777,SENS_EVENT_MEASURE,72 cm,3620 mV,21 C,0 Degree,244 Times,
1209,3539201,70B3D50070001777,1614163259121,FES Receiver,2021-02-24 11:40:59.245208,"['SS', 'Standalone', 'version_184']",70001777,SENS_EVENT_MEASURE,72 cm,3630 mV,29 C,0 Degree,245 Times,
1208,3539497,70B3D50070001777,1614166858959,FES Receiver,2021-02-24 12:40:59.080373,"['SS', 'Standalone', 'version_184']",70001777,SENS_EVENT_MEASURE,72 cm,3640 mV,30 C,0 Degree,246 Times,
1207,3539799,70B3D50070001777,1614170458758,FES Receiver,2021-02-24 13:40:58.874174,"['SS', 'Standalone', 'version_184']",70001777,SENS_EVENT_MEASURE,74 cm,3640 mV,27 C,0 Degree,247 Times,
1206,3540386,70B3D50070001777,1614177658398,FES Receiver,2021-02-24 15:40:58.503172,"['SS', 'Standalone', 'version_184']",70001777,SENS_EVENT_MEASURE,72 cm,3630 mV,19 C,0 Degree,249 Times,
1205,3540706,70B3D50070001777,1614181258239,FES Receiver,2021-02-24 16:40:58.339156,"['SS', 'Standalone', 'version_184']",70001777,SENS_EVENT_MEASURE,74 cm,3630 mV,20 C,0 Degree,250 Times,
1204,3541021,70B3D50070001777,1614184858085,FES Receiver,2021-02-24 17:40:58.180888,"['SS', 'Standalone', 'version_184']",70001777,SENS_EVENT_MEASURE,68 cm,3620 mV,17 C,0 Degree,251 Times,
1203,3541325,70B3D50070001777,1614188457937,FES Receiver,2021-02-24 18:40:58.026677,"['SS', 'Standalone', 'version_184']",70001777,SENS_EVENT_MEASURE,64 cm,3620 mV,14 C,0 Degree,252 Times,
1202,3541643,70B3D50070001777,1614192059240,FES Receiver,2021-02-24 19:40:59.449475,"['SS', 'Standalone', 'version_184']",70001777,SENS_EVENT_MEASURE,64 cm,3610 mV,15 C,0 Degree,253 Times,
1201,3541964,70B3D50070001777,1614195659120,FES Receiver,2021-02-24 20:40:59.329576,"['SS', 'Standalone', 'version_184']",70001777,SENS_EVENT_MEASURE,64 cm,3610 mV,15 C,0 Degree,254 Times,
1200,3542278,70B3D50070001777,1614199258899,FES Receiver,2021-02-24 21:40:59.09838,"['SS', 'Standalone', 'version_184']",70001777,SENS_EVENT_MEASURE,64 cm,3600 mV,13 C,0 Degree,255 Times,
1199,3542601,70B3D50070001777,1614202838759,FES Receiver,2021-02-24 22:40:38.954296,"['SS', 'Standalone', 'version_184']",70001777,SENS_EVENT_MEASURE,64 cm,3600 mV,12 C,0 Degree,0 Times,
1198,3542923,70B3D50070001777,1614206438639,FES Receiver,2021-02-24 23:40:38.829523,"['SS', 'Standalone', 'version_184']",70001777,SENS_EVENT_MEASURE,64 cm,3600 mV,13 C,0 Degree,1 Times,
1197,3543260,70B3D50070001777,1614210038518,FES Receiver,2021-02-25 00:40:38.704164,"['SS', 'Standalone', 'version_184']",70001777,SENS_EVENT_MEASURE,64 cm,3600 mV,12 C,0 Degree,2 Times,
1196,3543591,70B3D50070001777,1614213638397,FES Receiver,2021-02-25 01:40:38.578491,"['SS', 'Standalone', 'version_184']",70001777,SENS_EVENT_MEASURE,64 cm,3600 mV,13 C,0 Degree,3 Times,
1195,3543927,70B3D50070001777,1614217238297,FES Receiver,2021-02-25 02:40:38.472802,"['SS', 'Standalone', 'version_184']",70001777,SENS_EVENT_MEASURE,64 cm,3600 mV,12 C,0 Degree,4 Times,
1194,3544252,70B3D50070001777,1614220838176,FES Receiver,2021-02-25 03:40:38.346293,"['SS', 'Standalone', 'version_184']",70001777,SENS_EVENT_MEASURE,64 cm,3590 mV,13 C,0 Degree,5 Times,
1193,3544579,70B3D50070001777,1614224438075,FES Receiver,2021-02-25 04:40:38.240351,"['SS', 'Standalone', 'version_184']",70001777,SENS_EVENT_MEASURE,64 cm,3590 mV,11 C,0 Degree,6 Times,
1192,3544922,70B3D50070001777,1614228037955,FES Receiver,2021-02-25 05:40:38.11516,"['SS', 'Standalone', 'version_184']",70001777,SENS_EVENT_MEASURE,64 cm,3590 mV,9 C,0 Degree,7 Times,
1191,3545243,70B3D50070001777,1614231637854,FES Receiver,2021-02-25 06:40:38.00892,"['SS', 'Standalone', 'version_184']",70001777,SENS_EVENT_MEASURE,64 cm,3590 mV,8 C,0 Degree,8 Times,
1190,3545539,70B3D50070001777,1614235237773,FES Receiver,2021-02-25 07:40:37.925902,"['SS', 'Standalone', 'version_184']",70001777,SENS_EVENT_MEASURE,64 cm,3590 mV,9 C,0 Degree,9 Times,
1189,3545847,70B3D50070001777,1614238837673,FES Receiver,2021-02-25 08:40:37.819206,"['SS', 'Standalone', 'version_184']",70001777,SENS_EVENT_MEASURE,64 cm,3590 mV,11 C,0 Degree,10 Times,
1188,3546147,70B3D50070001777,1614242437701,FES Receiver,2021-02-25 09:40:37.844652,"['SS', 'Standalone', 'version_184']",70001777,SENS_EVENT_MEASURE,66 cm,3610 mV,17 C,0 Degree,11 Times,
1187,3546486,70B3D50070001777,1614246037332,FES Receiver,2021-02-25 10:40:37.467672,"['SS', 'Standalone', 'version_184']",70001777,SENS_EVENT_MEASURE,66 cm,3620 mV,23 C,0 Degree,12 Times,
1186,3546802,70B3D50070001777,1614249637171,FES Receiver,2021-02-25 11:40:37.304887,"['SS', 'Standalone', 'version_184']",70001777,SENS_EVENT_MEASURE,62 cm,3640 mV,27 C,0 Degree,13 Times,
1185,3547112,70B3D50070001777,1614253237014,FES Receiver,2021-02-25 12:40:37.140988,"['SS', 'Standalone', 'version_184']",70001777,SENS_EVENT_MEASURE,60 cm,3640 mV,30 C,0 Degree,14 Times,
1184,3547444,70B3D50070001777,1614256836810,FES Receiver,2021-02-25 13:40:36.930243,"['SS', 'Standalone', 'version_184']",70001777,SENS_EVENT_MEASURE,58 cm,3640 mV,23 C,0 Degree,15 Times,
1183,3547816,70B3D50070001777,1614260436649,FES Receiver,2021-02-25 14:40:36.766788,"['SS', 'Standalone', 'version_184']",70001777,SENS_EVENT_MEASURE,58 cm,3630 mV,19 C,0 Degree,16 Times,
1182,3548203,70B3D50070001777,1614264036489,FES Receiver,2021-02-25 15:40:36.600368,"['SS', 'Standalone', 'version_184']",70001777,SENS_EVENT_MEASURE,58 cm,3630 mV,19 C,0 Degree,17 Times,
1181,3548620,70B3D50070001777,1614267636368,FES Receiver,2021-02-25 16:40:36.475601,"['SS', 'Standalone', 'version_184']",70001777,SENS_EVENT_MEASURE,54 cm,3630 mV,18 C,0 Degree,18 Times,
1180,3549019,70B3D50070001777,1614271236188,FES Receiver,2021-02-25 17:40:36.289576,"['SS', 'Standalone', 'version_184']",70001777,SENS_EVENT_MEASURE,58 cm,3620 mV,16 C,0 Degree,19 Times,
1179,3549810,70B3D50070001777,1614278437363,FES Receiver,2021-02-25 19:40:37.571684,"['SS', 'Standalone', 'version_184']",70001777,SENS_EVENT_MEASURE,54 cm,3610 mV,16 C,0 Degree,21 Times,
1178,3550204,70B3D50070001777,1614282037261,FES Receiver,2021-02-25 20:40:37.466592,"['SS', 'Standalone', 'version_184']",70001777,SENS_EVENT_MEASURE,56 cm,3610 mV,15 C,0 Degree,22 Times,
1177,3551010,70B3D50070001777,1614289237000,FES Receiver,2021-02-25 22:40:37.195494,"['SS', 'Standalone', 'version_184']",70001777,SENS_EVENT_MEASURE,54 cm,3600 mV,12 C,0 Degree,24 Times,
1176,3551399,70B3D50070001777,1614292836900,FES Receiver,2021-02-25 23:40:37.090915,"['SS', 'Standalone', 'version_184']",70001777,SENS_EVENT_MEASURE,58 cm,3600 mV,12 C,1 Degree,25 Times,
1175,3551796,70B3D50070001777,1614296436799,FES Receiver,2021-02-26 00:40:36.987032,"['SS', 'Standalone', 'version_184']",70001777,SENS_EVENT_MEASURE,54 cm,3600 mV,11 C,0 Degree,26 Times,
1174,3552188,70B3D50070001777,1614300036859,FES Receiver,2021-02-26 01:40:37.038658,"['SS', 'Standalone', 'version_184']",70001777,SENS_EVENT_MEASURE,52 cm,3590 mV,10 C,0 Degree,27 Times,
1173,3552968,70B3D50070001777,1614307236658,FES Receiver,2021-02-26 03:40:36.827977,"['SS', 'Standalone', 'version_184']",70001777,SENS_EVENT_MEASURE,52 cm,3590 mV,10 C,0 Degree,29 Times,
1172,3553353,70B3D50070001777,1614310836558,FES Receiver,2021-02-26 04:40:36.720817,"['SS', 'Standalone', 'version_184']",70001777,SENS_EVENT_MEASURE,52 cm,3590 mV,12 C,0 Degree,30 Times,
1171,3554114,70B3D50070001777,1614318036357,FES Receiver,2021-02-26 06:40:36.509796,"['SS', 'Standalone', 'version_184']",70001777,SENS_EVENT_MEASURE,52 cm,3580 mV,9 C,0 Degree,32 Times,
1170,3554505,70B3D50070001777,1614321636257,FES Receiver,2021-02-26 07:40:36.405718,"['SS', 'Standalone', 'version_184']",70001777,SENS_EVENT_MEASURE,52 cm,3580 mV,9 C,0 Degree,33 Times,
1169,3554886,70B3D50070001777,1614325236156,FES Receiver,2021-02-26 08:40:36.298222,"['SS', 'Standalone', 'version_184']",70001777,SENS_EVENT_MEASURE,52 cm,3590 mV,10 C,0 Degree,34 Times,
1168,3555272,70B3D50070001777,1614328835816,FES Receiver,2021-02-26 09:40:35.956145,"['SS', 'Standalone', 'version_184']",70001777,SENS_EVENT_MEASURE,56 cm,3590 mV,12 C,0 Degree,35 Times,
1167,3555697,70B3D50070001777,1614332435695,FES Receiver,2021-02-26 10:40:35.827736,"['SS', 'Standalone', 'version_184']",70001777,SENS_EVENT_MEASURE,42 cm,3590 mV,11 C,0 Degree,36 Times,
1166,3556078,70B3D50070001777,1614336035595,FES Receiver,2021-02-26 11:40:35.725044,"['SS', 'Standalone', 'version_184']",70001777,SENS_EVENT_MEASURE,40 cm,3590 mV,11 C,0 Degree,37 Times,
1165,3556487,70B3D50070001777,1614339635481,FES Receiver,2021-02-26 12:40:35.604303,"['SS', 'Standalone', 'version_184']",70001777,SENS_EVENT_MEASURE,42 cm,3590 mV,10 C,0 Degree,38 Times,
1164,3556881,70B3D50070001777,1614343235374,FES Receiver,2021-02-26 13:40:35.492353,"['SS', 'Standalone', 'version_184']",70001777,SENS_EVENT_MEASURE,42 cm,3590 mV,12 C,0 Degree,39 Times,
1163,3557254,70B3D50070001777,1614346835274,FES Receiver,2021-02-26 14:40:35.385918,"['SS', 'Standalone', 'version_184']",70001777,SENS_EVENT_MEASURE,42 cm,3590 mV,11 C,0 Degree,40 Times,
1162,3557638,70B3D50070001777,1614350435154,FES Receiver,2021-02-26 15:40:35.263284,"['SS', 'Standalone', 'version_184']",70001777,SENS_EVENT_MEASURE,42 cm,3590 mV,10 C,0 Degree,41 Times,
1161,3558018,70B3D50070001777,1614354035053,FES Receiver,2021-02-26 16:40:35.155759,"['SS', 'Standalone', 'version_184']",70001777,SENS_EVENT_MEASURE,42 cm,3590 mV,12 C,0 Degree,42 Times,
1160,3558386,70B3D50070001777,1614357634933,FES Receiver,2021-02-26 17:40:35.03228,"['SS', 'Standalone', 'version_184']",70001777,SENS_EVENT_MEASURE,44 cm,3590 mV,10 C,1 Degree,43 Times,
1159,3558760,70B3D50070001777,1614361234832,FES Receiver,2021-02-26 18:40:34.926448,"['SS', 'Standalone', 'version_184']",70001777,SENS_EVENT_MEASURE,28 cm,3590 mV,11 C,0 Degree,44 Times,
1158,3559950,70B3D50070001777,1614372036046,FES Receiver,2021-02-26 21:40:36.239559,"['SS', 'Standalone', 'version_184']",70001777,SENS_EVENT_MEASURE,26 cm,3580 mV,8 C,0 Degree,47 Times,
1157,3560318,70B3D50070001777,1614375636144,FES Receiver,2021-02-26 22:40:36.333265,"['SS', 'Standalone', 'version_184']",70001777,SENS_EVENT_MEASURE,26 cm,3580 mV,7 C,0 Degree,48 Times,
1156,3561094,70B3D50070001777,1614382835784,FES Receiver,2021-02-27 00:40:35.96212,"['SS', 'Standalone', 'version_184']",70001777,SENS_EVENT_MEASURE,28 cm,3570 mV,8 C,0 Degree,50 Times,
1155,3561484,70B3D50070001777,1614386435704,FES Receiver,2021-02-27 01:40:35.878182,"['SS', 'Standalone', 'version_184']",70001777,SENS_EVENT_MEASURE,28 cm,3570 mV,8 C,0 Degree,51 Times,
1154,3561869,70B3D50070001777,1614390035623,FES Receiver,2021-02-27 02:40:35.791566,"['SS', 'Standalone', 'version_184']",70001777,SENS_EVENT_MEASURE,26 cm,3570 mV,8 C,0 Degree,52 Times,
1153,3562258,70B3D50070001777,1614393635542,FES Receiver,2021-02-27 03:40:35.706092,"['SS', 'Standalone', 'version_184']",70001777,SENS_EVENT_MEASURE,28 cm,3570 mV,7 C,0 Degree,53 Times,
1152,3563030,70B3D50070001777,1614400835401,FES Receiver,2021-02-27 05:40:35.553906,"['SS', 'Standalone', 'version_184']",70001777,SENS_EVENT_MEASURE,28 cm,3560 mV,7 C,0 Degree,55 Times,
1151,3563411,70B3D50070001777,1614404435320,FES Receiver,2021-02-27 06:40:35.468659,"['SS', 'Standalone', 'version_184']",70001777,SENS_EVENT_MEASURE,28 cm,3560 mV,7 C,0 Degree,56 Times,
1150,3563814,70B3D50070001777,1614408035260,FES Receiver,2021-02-27 07:40:35.403158,"['SS', 'Standalone', 'version_184']",70001777,SENS_EVENT_MEASURE,26 cm,3560 mV,5 C,0 Degree,57 Times,
1149,3564169,70B3D50070001777,1614411635140,FES Receiver,2021-02-27 08:40:35.283277,"['SS', 'Standalone', 'version_184']",70001777,SENS_EVENT_MEASURE,36 cm,3570 mV,9 C,0 Degree,58 Times,
1148,3564961,70B3D50070001777,1614418834939,FES Receiver,2021-02-27 10:40:35.068526,"['SS', 'Standalone', 'version_184']",70001777,SENS_EVENT_MEASURE,42 cm,3610 mV,19 C,0 Degree,60 Times,
1147,3565360,70B3D50070001777,1614422434778,FES Receiver,2021-02-27 11:40:34.905298,"['SS', 'Standalone', 'version_184']",70001777,SENS_EVENT_MEASURE,28 cm,3630 mV,18 C,0 Degree,61 Times,
1146,3565768,70B3D50070001777,1614426034626,FES Receiver,2021-02-27 12:40:34.746225,"['SS', 'Standalone', 'version_184']",70001777,SENS_EVENT_MEASURE,24 cm,3630 mV,21 C,0 Degree,62 Times,
1145,3566177,70B3D50070001777,1614429634458,FES Receiver,2021-02-27 13:40:34.572627,"['SS', 'Standalone', 'version_184']",70001777,SENS_EVENT_MEASURE,24 cm,3620 mV,14 C,0 Degree,63 Times,
1144,3566556,70B3D50070001777,1614433234337,FES Receiver,2021-02-27 14:40:34.447687,"['SS', 'Standalone', 'version_184']",70001777,SENS_EVENT_MEASURE,24 cm,3600 mV,13 C,0 Degree,64 Times,
1143,3566951,70B3D50070001777,1614436834224,FES Receiver,2021-02-27 15:40:34.329691,"['SS', 'Standalone', 'version_184']",70001777,SENS_EVENT_MEASURE,24 cm,3600 mV,12 C,0 Degree,65 Times,
1142,3567364,70B3D50070001777,1614440434104,FES Receiver,2021-02-27 16:40:34.206461,"['SS', 'Standalone', 'version_184']",70001777,SENS_EVENT_MEASURE,24 cm,3590 mV,12 C,0 Degree,66 Times,
1141,3567754,70B3D50070001777,1614444033998,FES Receiver,2021-02-27 17:40:34.094651,"['SS', 'Standalone', 'version_184']",70001777,SENS_EVENT_MEASURE,14 cm,3590 mV,10 C,0 Degree,67 Times,
1140,3568181,70B3D50070001777,1614447633895,FES Receiver,2021-02-27 18:40:33.986985,"['SS', 'Standalone', 'version_184']",70001777,SENS_EVENT_MEASURE,16 cm,3590 mV,9 C,0 Degree,68 Times,
1139,3568580,70B3D50070001777,1614451235265,FES Receiver,2021-02-27 19:40:35.469298,"['SS', 'Standalone', 'version_184']",70001777,SENS_EVENT_MEASURE,16 cm,3580 mV,10 C,0 Degree,69 Times,
1138,3568984,70B3D50070001777,1614454835165,FES Receiver,2021-02-27 20:40:35.363723,"['SS', 'Standalone', 'version_184']",70001777,SENS_EVENT_MEASURE,16 cm,3580 mV,9 C,0 Degree,70 Times,
1137,3569381,70B3D50070001777,1614458435085,FES Receiver,2021-02-27 21:40:35.278906,"['SS', 'Standalone', 'version_184']",70001777,SENS_EVENT_MEASURE,16 cm,3580 mV,11 C,0 Degree,71 Times,
1136,3569782,70B3D50070001777,1614462034992,FES Receiver,2021-02-27 22:40:35.1864,"['SS', 'Standalone', 'version_184']",70001777,SENS_EVENT_MEASURE,16 cm,3580 mV,8 C,0 Degree,72 Times,
1135,3570190,70B3D50070001777,1614465634844,FES Receiver,2021-02-27 23:40:35.02913,"['SS', 'Standalone', 'version_184']",70001777,SENS_EVENT_MEASURE,16 cm,3580 mV,8 C,0 Degree,73 Times,
1134,3570966,70B3D50070001777,1614472834663,FES Receiver,2021-02-28 01:40:34.838924,"['SS', 'Standalone', 'version_184']",70001777,SENS_EVENT_MEASURE,16 cm,3580 mV,10 C,0 Degree,75 Times,
1133,3571360,70B3D50070001777,1614476434562,FES Receiver,2021-02-28 02:40:34.733893,"['SS', 'Standalone', 'version_184']",70001777,SENS_EVENT_MEASURE,16 cm,3580 mV,10 C,0 Degree,76 Times,
1132,3571760,70B3D50070001777,1614480034482,FES Receiver,2021-02-28 03:40:34.646657,"['SS', 'Standalone', 'version_184']",70001777,SENS_EVENT_MEASURE,16 cm,3580 mV,10 C,0 Degree,77 Times,
1131,3572158,70B3D50070001777,1614483634381,FES Receiver,2021-02-28 04:40:34.540096,"['SS', 'Standalone', 'version_184']",70001777,SENS_EVENT_MEASURE,16 cm,3570 mV,10 C,0 Degree,78 Times,
1130,3572526,70B3D50070001777,1614487234301,FES Receiver,2021-02-28 05:40:34.455085,"['SS', 'Standalone', 'version_184']",70001777,SENS_EVENT_MEASURE,16 cm,3570 mV,8 C,0 Degree,79 Times,
1129,3572925,70B3D50070001777,1614490834228,FES Receiver,2021-02-28 06:40:34.378845,"['SS', 'Standalone', 'version_184']",70001777,SENS_EVENT_MEASURE,16 cm,3570 mV,6 C,0 Degree,80 Times,
1128,3573345,70B3D50070001777,1614494434160,FES Receiver,2021-02-28 07:40:34.304321,"['SS', 'Standalone', 'version_184']",70001777,SENS_EVENT_MEASURE,16 cm,3560 mV,7 C,0 Degree,81 Times,
1127,3573761,70B3D50070001777,1614498034099,FES Receiver,2021-02-28 08:40:34.239569,"['SS', 'Standalone', 'version_184']",70001777,SENS_EVENT_MEASURE,16 cm,3570 mV,8 C,0 Degree,82 Times,
1126,3574168,70B3D50070001777,1614501633989,FES Receiver,2021-02-28 09:40:34.125921,"['SS', 'Standalone', 'version_184']",70001777,SENS_EVENT_MEASURE,14 cm,3590 mV,13 C,1 Degree,83 Times,
1125,3574587,70B3D50070001777,1614505233838,FES Receiver,2021-02-28 10:40:33.970081,"['SS', 'Standalone', 'version_184']",70001777,SENS_EVENT_MEASURE,14 cm,3610 mV,19 C,0 Degree,84 Times,
1124,3574979,70B3D50070001777,1614508833678,FES Receiver,2021-02-28 11:40:33.806612,"['SS', 'Standalone', 'version_184']",70001777,SENS_EVENT_MEASURE,16 cm,3630 mV,26 C,0 Degree,85 Times,
1123,3575380,70B3D50070001777,1614512433498,FES Receiver,2021-02-28 12:40:33.619773,"['SS', 'Standalone', 'version_184']",70001777,SENS_EVENT_MEASURE,8 cm,3640 mV,26 C,0 Degree,86 Times,
1122,3575773,70B3D50070001777,1614516033325,FES Receiver,2021-02-28 13:40:33.444968,"['SS', 'Standalone', 'version_184']",70001777,SENS_EVENT_MEASURE,16 cm,3630 mV,18 C,0 Degree,87 Times,
1121,3576981,70B3D50070001777,1614526832935,FES Receiver,2021-02-28 16:40:33.038126,"['SS', 'Standalone', 'version_184']",70001777,SENS_EVENT_MEASURE,16 cm,3600 mV,13 C,0 Degree,90 Times,
1120,3577390,70B3D50070001777,1614530432815,FES Receiver,2021-02-28 17:40:32.912518,"['SS', 'Standalone', 'version_184']",70001777,SENS_EVENT_MEASURE,16 cm,3600 mV,12 C,0 Degree,91 Times,
1119,3578180,70B3D50070001777,1614537634045,FES Receiver,2021-02-28 19:40:34.24827,"['SS', 'Standalone', 'version_184']",70001777,SENS_EVENT_MEASURE,16 cm,3590 mV,10 C,0 Degree,93 Times,
1118,3578559,70B3D50070001777,1614541233944,FES Receiver,2021-02-28 20:40:34.144184,"['SS', 'Standalone', 'version_184']",70001777,SENS_EVENT_MEASURE,16 cm,3590 mV,11 C,0 Degree,94 Times,
1117,3578927,70B3D50070001777,1614544833844,FES Receiver,2021-02-28 21:40:34.037061,"['SS', 'Standalone', 'version_184']",70001777,SENS_EVENT_MEASURE,16 cm,3590 mV,10 C,0 Degree,95 Times,
1116,3579683,70B3D50070001777,1614552033642,FES Receiver,2021-02-28 23:40:33.827053,"['SS', 'Standalone', 'version_184']",70001777,SENS_EVENT_MEASURE,16 cm,3580 mV,10 C,0 Degree,97 Times,
1115,3580033,70B3D50070001777,1614555633562,FES Receiver,2021-03-01 00:40:33.741476,"['SS', 'Standalone', 'version_184']",70001777,SENS_EVENT_MEASURE,16 cm,3580 mV,9 C,0 Degree,98 Times,
1114,3580407,70B3D50070001777,1614559233461,FES Receiver,2021-03-01 01:40:33.63727,"['SS', 'Standalone', 'version_184']",70001777,SENS_EVENT_MEASURE,16 cm,3570 mV,7 C,0 Degree,99 Times,
1113,3581180,70B3D50070001777,1614566433300,FES Receiver,2021-03-01 03:40:33.464793,"['SS', 'Standalone', 'version_184']",70001777,SENS_EVENT_MEASURE,16 cm,3570 mV,8 C,0 Degree,101 Times,
1112,3581568,70B3D50070001777,1614570033219,FES Receiver,2021-03-01 04:40:33.379302,"['SS', 'Standalone', 'version_184']",70001777,SENS_EVENT_MEASURE,16 cm,3570 mV,8 C,0 Degree,102 Times,
1111,3581933,70B3D50070001777,1614573633139,FES Receiver,2021-03-01 05:40:33.293551,"['SS', 'Standalone', 'version_184']",70001777,SENS_EVENT_MEASURE,16 cm,3570 mV,7 C,0 Degree,103 Times,
1110,3582326,70B3D50070001777,1614577233071,FES Receiver,2021-03-01 06:40:33.221907,"['SS', 'Standalone', 'version_184']",70001777,SENS_EVENT_MEASURE,16 cm,3570 mV,8 C,0 Degree,104 Times,
1109,3583053,70B3D50070001777,1614584432921,FES Receiver,2021-03-01 08:40:33.06187,"['SS', 'Standalone', 'version_184']",70001777,SENS_EVENT_MEASURE,14 cm,3570 mV,7 C,0 Degree,106 Times,
1108,3583401,70B3D50070001777,1614588032816,FES Receiver,2021-03-01 09:40:32.95427,"['SS', 'Standalone', 'version_184']",70001777,SENS_EVENT_MEASURE,14 cm,3590 mV,15 C,0 Degree,107 Times,
1107,3584152,70B3D50070001777,1614595232495,FES Receiver,2021-03-01 11:40:32.625737,"['SS', 'Standalone', 'version_184']",70001777,SENS_EVENT_MEASURE,8 cm,3640 mV,26 C,0 Degree,109 Times,
1106,3584539,70B3D50070001777,1614598832334,FES Receiver,2021-03-01 12:40:32.457857,"['SS', 'Standalone', 'version_184']",70001777,SENS_EVENT_MEASURE,8 cm,3640 mV,30 C,0 Degree,110 Times,
1105,3584915,70B3D50070001777,1614602432174,FES Receiver,2021-03-01 13:40:32.290711,"['SS', 'Standalone', 'version_184']",70001777,SENS_EVENT_MEASURE,124 cm,3640 mV,19 C,0 Degree,111 Times,
1104,3585631,70B3D50070001777,1614609632033,FES Receiver,2021-03-01 15:40:32.144475,"['SS', 'Standalone', 'version_184']",70001777,SENS_EVENT_MEASURE,134 cm,3610 mV,15 C,0 Degree,113 Times,
1103,3586019,70B3D50070001777,1614613231934,FES Receiver,2021-03-01 16:40:32.037444,"['SS', 'Standalone', 'version_184']",70001777,SENS_EVENT_MEASURE,134 cm,3610 mV,13 C,0 Degree,114 Times,
1102,3586398,70B3D50070001777,1614616831853,FES Receiver,2021-03-01 17:40:31.952705,"['SS', 'Standalone', 'version_184']",70001777,SENS_EVENT_MEASURE,134 cm,3600 mV,13 C,0 Degree,115 Times,
1101,3586790,70B3D50070001777,1614620431731,FES Receiver,2021-03-01 18:40:31.825271,"['SS', 'Standalone', 'version_184']",70001777,SENS_EVENT_MEASURE,134 cm,3600 mV,13 C,0 Degree,116 Times,
1100,3587197,70B3D50070001777,1614624033063,FES Receiver,2021-03-01 19:40:33.267025,"['SS', 'Standalone', 'version_184']",70001777,SENS_EVENT_MEASURE,134 cm,3590 mV,12 C,0 Degree,117 Times,
1099,3587564,70B3D50070001777,1614627632962,FES Receiver,2021-03-01 20:40:33.160005,"['SS', 'Standalone', 'version_184']",70001777,SENS_EVENT_MEASURE,134 cm,3590 mV,10 C,0 Degree,118 Times,
1098,3587944,70B3D50070001777,1614631232861,FES Receiver,2021-03-01 21:40:33.055401,"['SS', 'Standalone', 'version_184']",70001777,SENS_EVENT_MEASURE,134 cm,3590 mV,11 C,0 Degree,119 Times,
1097,3588714,70B3D50070001777,1614638432660,FES Receiver,2021-03-01 23:40:32.845768,"['SS', 'Standalone', 'version_184']",70001777,SENS_EVENT_MEASURE,134 cm,3580 mV,10 C,0 Degree,121 Times,
1096,3589104,70B3D50070001777,1614642032579,FES Receiver,2021-03-02 00:40:32.758655,"['SS', 'Standalone', 'version_184']",70001777,SENS_EVENT_MEASURE,136 cm,3570 mV,10 C,0 Degree,122 Times,
1095,3589857,70B3D50070001777,1614649232398,FES Receiver,2021-03-02 02:40:32.567197,"['SS', 'Standalone', 'version_184']",70001777,SENS_EVENT_MEASURE,134 cm,3570 mV,7 C,0 Degree,124 Times,
1094,3590977,70B3D50070001777,1614660032176,FES Receiver,2021-03-02 05:40:32.328331,"['SS', 'Standalone', 'version_184']",70001777,SENS_EVENT_MEASURE,136 cm,3560 mV,9 C,0 Degree,127 Times,
1093,3591752,70B3D50070001777,1614667232035,FES Receiver,2021-03-02 07:40:32.177083,"['SS', 'Standalone', 'version_184']",70001777,SENS_EVENT_MEASURE,132 cm,3550 mV,5 C,0 Degree,129 Times,
1092,3592626,70B3D50070001777,1614678031494,FES Receiver,2021-03-02 10:40:31.62281,"['SS', 'Standalone', 'version_184']",70001777,SENS_EVENT_MEASURE,124 cm,3630 mV,26 C,0 Degree,132 Times,
1091,3592995,70B3D50070001777,1614681631293,FES Receiver,2021-03-02 11:40:31.418314,"['SS', 'Standalone', 'version_184']",70001777,SENS_EVENT_MEASURE,124 cm,3640 mV,29 C,0 Degree,133 Times,
1090,3593331,70B3D50070001777,1614685231152,FES Receiver,2021-03-02 12:40:31.271427,"['SS', 'Standalone', 'version_184']",70001777,SENS_EVENT_MEASURE,124 cm,3640 mV,30 C,0 Degree,134 Times,
1089,3593732,70B3D50070001777,1614688830972,FES Receiver,2021-03-02 13:40:31.085324,"['SS', 'Standalone', 'version_184']",70001777,SENS_EVENT_MEASURE,122 cm,3640 mV,22 C,0 Degree,135 Times,
1088,3594072,70B3D50070001777,1614692430971,FES Receiver,2021-03-02 14:40:31.081954,"['SS', 'Standalone', 'version_184']",70001777,SENS_EVENT_MEASURE,122 cm,3620 mV,16 C,0 Degree,136 Times,
1087,3594454,70B3D50070001777,1614696030832,FES Receiver,2021-03-02 15:40:30.936716,"['SS', 'Standalone', 'version_184']",70001777,SENS_EVENT_MEASURE,134 cm,3620 mV,16 C,0 Degree,137 Times,
1086,3594860,70B3D50070001777,1614699630690,FES Receiver,2021-03-02 16:40:30.789934,"['SS', 'Standalone', 'version_184']",70001777,SENS_EVENT_MEASURE,122 cm,3610 mV,16 C,0 Degree,138 Times,
1085,3595259,70B3D50070001777,1614703230569,FES Receiver,2021-03-02 17:40:30.669575,"['SS', 'Standalone', 'version_184']",70001777,SENS_EVENT_MEASURE,122 cm,3610 mV,16 C,1 Degree,139 Times,
1084,3595594,70B3D50070001777,1614706830528,FES Receiver,2021-03-02 18:40:30.620434,"['SS', 'Standalone', 'version_184']",70001777,SENS_EVENT_MEASURE,122 cm,3600 mV,13 C,0 Degree,140 Times,
1083,3595977,70B3D50070001777,1614710431979,FES Receiver,2021-03-02 19:40:32.181647,"['SS', 'Standalone', 'version_184']",70001777,SENS_EVENT_MEASURE,124 cm,3600 mV,11 C,0 Degree,141 Times,
1082,3596389,70B3D50070001777,1614714031864,FES Receiver,2021-03-02 20:40:32.062616,"['SS', 'Standalone', 'version_184']",70001777,SENS_EVENT_MEASURE,124 cm,3590 mV,10 C,0 Degree,142 Times,
1081,3596783,70B3D50070001777,1614717631768,FES Receiver,2021-03-02 21:40:31.962499,"['SS', 'Standalone', 'version_184']",70001777,SENS_EVENT_MEASURE,124 cm,3580 mV,9 C,0 Degree,143 Times,
1080,3597170,70B3D50070001777,1614721231670,FES Receiver,2021-03-02 22:40:31.859526,"['SS', 'Standalone', 'version_184']",70001777,SENS_EVENT_MEASURE,132 cm,3580 mV,8 C,0 Degree,144 Times,
1079,3597545,70B3D50070001777,1614724831581,FES Receiver,2021-03-02 23:40:31.766703,"['SS', 'Standalone', 'version_184']",70001777,SENS_EVENT_MEASURE,132 cm,3580 mV,9 C,0 Degree,145 Times,
1078,3597885,70B3D50070001777,1614728431501,FES Receiver,2021-03-03 00:40:31.680959,"['SS', 'Standalone', 'version_184']",70001777,SENS_EVENT_MEASURE,124 cm,3580 mV,8 C,0 Degree,146 Times,
1077,3598269,70B3D50070001777,1614732031400,FES Receiver,2021-03-03 01:40:31.577569,"['SS', 'Standalone', 'version_184']",70001777,SENS_EVENT_MEASURE,132 cm,3570 mV,6 C,0 Degree,147 Times,
1076,3598637,70B3D50070001777,1614735631319,FES Receiver,2021-03-03 02:40:31.489817,"['SS', 'Standalone', 'version_184']",70001777,SENS_EVENT_MEASURE,126 cm,3570 mV,8 C,0 Degree,148 Times,
1075,3599027,70B3D50070001777,1614739231239,FES Receiver,2021-03-03 03:40:31.403481,"['SS', 'Standalone', 'version_184']",70001777,SENS_EVENT_MEASURE,132 cm,3560 mV,10 C,0 Degree,149 Times,
1074,3599398,70B3D50070001777,1614742831178,FES Receiver,2021-03-03 04:40:31.338368,"['SS', 'Standalone', 'version_184']",70001777,SENS_EVENT_MEASURE,126 cm,3570 mV,7 C,0 Degree,150 Times,
1073,3600116,70B3D50070001777,1614750031030,FES Receiver,2021-03-03 06:40:31.180959,"['SS', 'Standalone', 'version_184']",70001777,SENS_EVENT_MEASURE,126 cm,3560 mV,10 C,0 Degree,152 Times,
1072,3600478,70B3D50070001777,1614753630956,FES Receiver,2021-03-03 07:40:31.106222,"['SS', 'Standalone', 'version_184']",70001777,SENS_EVENT_MEASURE,124 cm,3560 mV,8 C,0 Degree,153 Times,
1071,3601224,70B3D50070001777,1614760830690,FES Receiver,2021-03-03 09:40:30.825895,"['SS', 'Standalone', 'version_184']",70001777,SENS_EVENT_MEASURE,126 cm,3580 mV,12 C,0 Degree,155 Times,
1070,3601638,70B3D50070001777,1614764430514,FES Receiver,2021-03-03 10:40:30.64401,"['SS', 'Standalone', 'version_184']",70001777,SENS_EVENT_MEASURE,122 cm,3600 mV,15 C,0 Degree,156 Times,
1069,3602027,70B3D50070001777,1614768030373,FES Receiver,2021-03-03 11:40:30.502608,"['SS', 'Standalone', 'version_184']",70001777,SENS_EVENT_MEASURE,124 cm,3610 mV,18 C,0 Degree,157 Times,
1068,3602599,70B3D50070001777,1614775229891,FES Receiver,2021-03-03 13:40:30.008872,"['SS', 'Standalone', 'version_184']",70001777,SENS_EVENT_MEASURE,120 cm,3630 mV,18 C,0 Degree,159 Times,
1067,3602976,70B3D50070001777,1614778829871,FES Receiver,2021-03-03 14:40:29.982955,"['SS', 'Standalone', 'version_184']",70001777,SENS_EVENT_MEASURE,126 cm,3620 mV,17 C,0 Degree,160 Times,
1066,3603760,70B3D50070001777,1614786029589,FES Receiver,2021-03-03 16:40:29.692586,"['SS', 'Standalone', 'version_184']",70001777,SENS_EVENT_MEASURE,118 cm,3610 mV,17 C,0 Degree,162 Times,
1065,3604139,70B3D50070001777,1614789629448,FES Receiver,2021-03-03 17:40:29.547202,"['SS', 'Standalone', 'version_184']",70001777,SENS_EVENT_MEASURE,118 cm,3610 mV,15 C,0 Degree,163 Times,
1064,3604504,70B3D50070001777,1614793229375,FES Receiver,2021-03-03 18:40:29.4691,"['SS', 'Standalone', 'version_184']",70001777,SENS_EVENT_MEASURE,118 cm,3610 mV,15 C,0 Degree,164 Times,
1063,3604896,70B3D50070001777,1614796830703,FES Receiver,2021-03-03 19:40:30.909483,"['SS', 'Standalone', 'version_184']",70001777,SENS_EVENT_MEASURE,118 cm,3600 mV,13 C,1 Degree,165 Times,
1062,3605637,70B3D50070001777,1614804030481,FES Receiver,2021-03-03 21:40:30.676462,"['SS', 'Standalone', 'version_184']",70001777,SENS_EVENT_MEASURE,118 cm,3600 mV,11 C,0 Degree,167 Times,
1061,3606037,70B3D50070001777,1614807630360,FES Receiver,2021-03-03 22:40:30.551839,"['SS', 'Standalone', 'version_184']",70001777,SENS_EVENT_MEASURE,118 cm,3600 mV,12 C,0 Degree,168 Times,
1060,3606411,70B3D50070001777,1614811230238,FES Receiver,2021-03-03 23:40:30.424328,"['SS', 'Standalone', 'version_184']",70001777,SENS_EVENT_MEASURE,118 cm,3600 mV,11 C,0 Degree,169 Times,
1059,3606572,70B3D50070001777,1614814830117,FES Receiver,2021-03-04 00:40:30.305493,"['SS', 'Standalone', 'version_184']",70001777,SENS_EVENT_MEASURE,118 cm,3590 mV,12 C,0 Degree,170 Times,
1058,3606963,70B3D50070001777,1614818429956,FES Receiver,2021-03-04 01:40:30.134144,"['SS', 'Standalone', 'version_184']",70001777,SENS_EVENT_MEASURE,118 cm,3590 mV,11 C,0 Degree,171 Times,
1057,3607337,70B3D50070001777,1614822029835,FES Receiver,2021-03-04 02:40:30.008355,"['SS', 'Standalone', 'version_184']",70001777,SENS_EVENT_MEASURE,118 cm,3590 mV,10 C,0 Degree,172 Times,
1056,3607721,70B3D50070001777,1614825629734,FES Receiver,2021-03-04 03:40:29.902032,"['SS', 'Standalone', 'version_184']",70001777,SENS_EVENT_MEASURE,120 cm,3590 mV,12 C,0 Degree,173 Times,
1055,3608102,70B3D50070001777,1614829229613,FES Receiver,2021-03-04 04:40:29.774779,"['SS', 'Standalone', 'version_184']",70001777,SENS_EVENT_MEASURE,118 cm,3590 mV,10 C,0 Degree,174 Times,
1054,3608485,70B3D50070001777,1614832829533,FES Receiver,2021-03-04 05:40:29.688935,"['SS', 'Standalone', 'version_184']",70001777,SENS_EVENT_MEASURE,120 cm,3580 mV,10 C,0 Degree,175 Times,
1053,3608670,70B3D50070001777,1614836429432,FES Receiver,2021-03-04 06:40:29.584947,"['SS', 'Standalone', 'version_184']",70001777,SENS_EVENT_MEASURE,120 cm,3580 mV,10 C,0 Degree,176 Times,
1052,3609790,70B3D50070001777,1614847229028,FES Receiver,2021-03-04 09:40:29.166989,"['SS', 'Standalone', 'version_184']",70001777,SENS_EVENT_MEASURE,116 cm,3600 mV,16 C,0 Degree,179 Times,
1051,3610168,70B3D50070001777,1614850828747,FES Receiver,2021-03-04 10:40:28.881959,"['SS', 'Standalone', 'version_184']",70001777,SENS_EVENT_MEASURE,118 cm,3610 mV,17 C,0 Degree,180 Times,
1050,3610540,70B3D50070001777,1614854428586,FES Receiver,2021-03-04 11:40:28.71903,"['SS', 'Standalone', 'version_184']",70001777,SENS_EVENT_MEASURE,118 cm,3620 mV,20 C,0 Degree,181 Times,
1049,3610725,70B3D50070001777,1614858028393,FES Receiver,2021-03-04 12:40:28.519066,"['SS', 'Standalone', 'version_184']",70001777,SENS_EVENT_MEASURE,118 cm,3630 mV,25 C,0 Degree,182 Times,
1048,3611121,70B3D50070001777,1614861628244,FES Receiver,2021-03-04 13:40:28.365551,"['SS', 'Standalone', 'version_184']",70001777,SENS_EVENT_MEASURE,118 cm,3640 mV,28 C,0 Degree,183 Times,
1047,3611833,70B3D50070001777,1614868828063,FES Receiver,2021-03-04 15:40:28.175825,"['SS', 'Standalone', 'version_184']",70001777,SENS_EVENT_MEASURE,118 cm,3620 mV,17 C,0 Degree,185 Times,
1046,3612209,70B3D50070001777,1614872427922,FES Receiver,2021-03-04 16:40:28.036043,"['SS', 'Standalone', 'version_184']",70001777,SENS_EVENT_MEASURE,118 cm,3610 mV,17 C,0 Degree,186 Times,
1045,3612582,70B3D50070001777,1614876027841,FES Receiver,2021-03-04 17:40:27.945154,"['SS', 'Standalone', 'version_184']",70001777,SENS_EVENT_MEASURE,112 cm,3610 mV,14 C,1 Degree,187 Times,
1044,3612751,70B3D50070001777,1614879627602,FES Receiver,2021-03-04 18:40:27.702717,"['SS', 'Standalone', 'version_184']",70001777,SENS_EVENT_MEASURE,110 cm,3600 mV,12 C,0 Degree,188 Times,
1043,3613517,70B3D50070001777,1614886829004,FES Receiver,2021-03-04 20:40:29.20438,"['SS', 'Standalone', 'version_184']",70001777,SENS_EVENT_MEASURE,112 cm,3590 mV,12 C,0 Degree,190 Times,
1042,3613904,70B3D50070001777,1614890428904,FES Receiver,2021-03-04 21:40:29.099174,"['SS', 'Standalone', 'version_184']",70001777,SENS_EVENT_MEASURE,112 cm,3590 mV,12 C,0 Degree,191 Times,
1041,3614281,70B3D50070001777,1614894028782,FES Receiver,2021-03-04 22:40:28.971264,"['SS', 'Standalone', 'version_184']",70001777,SENS_EVENT_MEASURE,112 cm,3590 mV,12 C,0 Degree,192 Times,
1040,3614661,70B3D50070001777,1614897628681,FES Receiver,2021-03-04 23:40:28.864415,"['SS', 'Standalone', 'version_184']",70001777,SENS_EVENT_MEASURE,114 cm,3580 mV,12 C,0 Degree,193 Times,
1039,3614836,70B3D50070001777,1614901228601,FES Receiver,2021-03-05 00:40:28.781037,"['SS', 'Standalone', 'version_184']",70001777,SENS_EVENT_MEASURE,112 cm,3580 mV,8 C,0 Degree,194 Times,
1038,3615223,70B3D50070001777,1614904828519,FES Receiver,2021-03-05 01:40:28.695715,"['SS', 'Standalone', 'version_184']",70001777,SENS_EVENT_MEASURE,114 cm,3570 mV,10 C,0 Degree,195 Times,
1037,3615593,70B3D50070001777,1614908428439,FES Receiver,2021-03-05 02:40:28.608945,"['SS', 'Standalone', 'version_184']",70001777,SENS_EVENT_MEASURE,126 cm,3570 mV,10 C,0 Degree,196 Times,
1036,3616327,70B3D50070001777,1614915628257,FES Receiver,2021-03-05 04:40:28.415813,"['SS', 'Standalone', 'version_184']",70001777,SENS_EVENT_MEASURE,114 cm,3570 mV,8 C,0 Degree,198 Times,
1035,3616710,70B3D50070001777,1614919228176,FES Receiver,2021-03-05 05:40:28.328639,"['SS', 'Standalone', 'version_184']",70001777,SENS_EVENT_MEASURE,114 cm,3570 mV,10 C,0 Degree,199 Times,
1034,3617243,70B3D50070001777,1614926428015,FES Receiver,2021-03-05 07:40:28.158507,"['SS', 'Standalone', 'version_184']",70001777,SENS_EVENT_MEASURE,114 cm,3570 mV,9 C,0 Degree,201 Times,
1033,3617616,70B3D50070001777,1614930027934,FES Receiver,2021-03-05 08:40:28.077682,"['SS', 'Standalone', 'version_184']",70001777,SENS_EVENT_MEASURE,118 cm,3570 mV,9 C,0 Degree,202 Times,
1032,3617985,70B3D50070001777,1614933627793,FES Receiver,2021-03-05 09:40:27.930599,"['SS', 'Standalone', 'version_184']",70001777,SENS_EVENT_MEASURE,104 cm,3570 mV,10 C,0 Degree,203 Times,
1031,3618362,70B3D50070001777,1614937227692,FES Receiver,2021-03-05 10:40:27.821884,"['SS', 'Standalone', 'version_184']",70001777,SENS_EVENT_MEASURE,104 cm,3590 mV,10 C,0 Degree,204 Times,
1030,3618771,70B3D50070001777,1614940831572,FES Receiver,2021-03-05 11:40:31.700068,"['SS', 'Standalone', 'version_184']",70001777,SENS_EVENT_MEASURE,104 cm,3600 mV,13 C,0 Degree,205 Times,
1029,3619012,70B3D50070001777,1614944427371,FES Receiver,2021-03-05 12:40:27.49151,"['SS', 'Standalone', 'version_184']",70001777,SENS_EVENT_MEASURE,106 cm,3610 mV,17 C,0 Degree,206 Times,
1028,3619385,70B3D50070001777,1614948027290,FES Receiver,2021-03-05 13:40:27.406827,"['SS', 'Standalone', 'version_184']",70001777,SENS_EVENT_MEASURE,108 cm,3600 mV,14 C,0 Degree,207 Times,
1027,3620116,70B3D50070001777,1614955227062,FES Receiver,2021-03-05 15:40:27.169565,"['SS', 'Standalone', 'version_184']",70001777,SENS_EVENT_MEASURE,100 cm,3590 mV,11 C,0 Degree,209 Times,
1026,3620888,70B3D50070001777,1614962426848,FES Receiver,2021-03-05 17:40:26.946436,"['SS', 'Standalone', 'version_184']",70001777,SENS_EVENT_MEASURE,110 cm,3580 mV,10 C,1 Degree,211 Times,
1025,3621085,70B3D50070001777,1614966026767,FES Receiver,2021-03-05 18:40:26.859552,"['SS', 'Standalone', 'version_184']",70001777,SENS_EVENT_MEASURE,104 cm,3570 mV,7 C,0 Degree,212 Times,
1024,3621871,70B3D50070001777,1614973228065,FES Receiver,2021-03-05 20:40:28.266089,"['SS', 'Standalone', 'version_184']",70001777,SENS_EVENT_MEASURE,102 cm,3560 mV,7 C,0 Degree,214 Times,
1023,3622252,70B3D50070001777,1614976828004,FES Receiver,2021-03-05 21:40:28.200858,"['SS', 'Standalone', 'version_184']",70001777,SENS_EVENT_MEASURE,110 cm,3550 mV,5 C,0 Degree,215 Times,
1022,3622653,70B3D50070001777,1614980427952,FES Receiver,2021-03-05 22:40:28.146946,"['SS', 'Standalone', 'version_184']",70001777,SENS_EVENT_MEASURE,110 cm,3550 mV,5 C,0 Degree,216 Times,
1021,3623052,70B3D50070001777,1614984027886,FES Receiver,2021-03-05 23:40:28.072585,"['SS', 'Standalone', 'version_184']",70001777,SENS_EVENT_MEASURE,110 cm,3550 mV,6 C,0 Degree,217 Times,
1020,3623253,70B3D50070001777,1614987627844,FES Receiver,2021-03-06 00:40:28.027343,"['SS', 'Standalone', 'version_184']",70001777,SENS_EVENT_MEASURE,110 cm,3540 mV,3 C,0 Degree,218 Times,
1019,3623635,70B3D50070001777,1614991227683,FES Receiver,2021-03-06 01:40:27.860822,"['SS', 'Standalone', 'version_184']",70001777,SENS_EVENT_MEASURE,110 cm,3530 mV,1 C,0 Degree,219 Times,
1018,3624022,70B3D50070001777,1614994827643,FES Receiver,2021-03-06 02:40:27.816095,"['SS', 'Standalone', 'version_184']",70001777,SENS_EVENT_MEASURE,110 cm,3530 mV,2 C,0 Degree,220 Times,
1017,3624427,70B3D50070001777,1614998427622,FES Receiver,2021-03-06 03:40:27.788196,"['SS', 'Standalone', 'version_184']",70001777,SENS_EVENT_MEASURE,110 cm,3530 mV,3 C,0 Degree,221 Times,
1016,3624825,70B3D50070001777,1615002027582,FES Receiver,2021-03-06 04:40:27.741982,"['SS', 'Standalone', 'version_184']",70001777,SENS_EVENT_MEASURE,110 cm,3520 mV,1 C,0 Degree,222 Times,
1015,3625212,70B3D50070001777,1615005627542,FES Receiver,2021-03-06 05:40:27.698965,"['SS', 'Standalone', 'version_184']",70001777,SENS_EVENT_MEASURE,110 cm,3520 mV,1 C,0 Degree,223 Times,
1014,3625410,70B3D50070001777,1615009227521,FES Receiver,2021-03-06 06:40:27.670288,"['SS', 'Standalone', 'version_184']",70001777,SENS_EVENT_MEASURE,110 cm,3520 mV,1 C,0 Degree,224 Times,
1013,3625787,70B3D50070001777,1615012827580,FES Receiver,2021-03-06 07:40:27.725921,"['SS', 'Standalone', 'version_184']",70001777,SENS_EVENT_MEASURE,110 cm,3520 mV,1 C,0 Degree,225 Times,
1012,3626154,70B3D50070001777,1615016427560,FES Receiver,2021-03-06 08:40:27.699895,"['SS', 'Standalone', 'version_184']",70001777,SENS_EVENT_MEASURE,102 cm,3540 mV,5 C,0 Degree,226 Times,
1011,3626533,70B3D50070001777,1615020027400,FES Receiver,2021-03-06 09:40:27.534711,"['SS', 'Standalone', 'version_184']",70001777,SENS_EVENT_MEASURE,102 cm,3600 mV,13 C,0 Degree,227 Times,
1010,3626919,70B3D50070001777,1615023607080,FES Receiver,2021-03-06 10:40:07.21939,"['SS', 'Standalone', 'version_184']",70001777,SENS_EVENT_MEASURE,102 cm,3620 mV,23 C,0 Degree,228 Times,
1009,3627486,70B3D50070001777,1615030806747,FES Receiver,2021-03-06 12:40:06.871759,"['SS', 'Standalone', 'version_184']",70001777,SENS_EVENT_MEASURE,100 cm,3640 mV,27 C,0 Degree,230 Times,
1008,3627899,70B3D50070001777,1615034406618,FES Receiver,2021-03-06 13:40:06.733233,"['SS', 'Standalone', 'version_184']",70001777,SENS_EVENT_MEASURE,98 cm,3630 mV,19 C,0 Degree,231 Times,
1007,3628283,70B3D50070001777,1615038006518,FES Receiver,2021-03-06 14:40:06.631353,"['SS', 'Standalone', 'version_184']",70001777,SENS_EVENT_MEASURE,92 cm,3610 mV,13 C,0 Degree,232 Times,
1006,3628663,70B3D50070001777,1615041606538,FES Receiver,2021-03-06 15:40:06.652376,"['SS', 'Standalone', 'version_184']",70001777,SENS_EVENT_MEASURE,86 cm,3590 mV,11 C,0 Degree,233 Times,
1005,3629059,70B3D50070001777,1615045206297,FES Receiver,2021-03-06 16:40:06.397386,"['SS', 'Standalone', 'version_184']",70001777,SENS_EVENT_MEASURE,86 cm,3590 mV,11 C,0 Degree,234 Times,
1004,3629755,70B3D50070001777,1615056007543,FES Receiver,2021-03-06 19:40:07.757309,"['SS', 'Standalone', 'version_184']",70001777,SENS_EVENT_MEASURE,80 cm,3570 mV,9 C,0 Degree,237 Times,
1003,3630149,70B3D50070001777,1615059607502,FES Receiver,2021-03-06 20:40:07.708332,"['SS', 'Standalone', 'version_184']",70001777,SENS_EVENT_MEASURE,80 cm,3570 mV,8 C,0 Degree,238 Times,
1002,3630530,70B3D50070001777,1615063207322,FES Receiver,2021-03-06 21:40:07.51836,"['SS', 'Standalone', 'version_184']",70001777,SENS_EVENT_MEASURE,80 cm,3560 mV,7 C,0 Degree,239 Times,
1001,3630904,70B3D50070001777,1615066807381,FES Receiver,2021-03-06 22:40:07.570296,"['SS', 'Standalone', 'version_184']",70001777,SENS_EVENT_MEASURE,80 cm,3560 mV,5 C,0 Degree,240 Times,
1000,3631205,70B3D50070001777,1615074007149,FES Receiver,2021-03-07 00:40:07.340629,"['SS', 'Standalone', 'version_184']",70001777,SENS_EVENT_MEASURE,80 cm,3550 mV,5 C,0 Degree,242 Times,
999,3631599,70B3D50070001777,1615077607100,FES Receiver,2021-03-07 01:40:07.280289,"['SS', 'Standalone', 'version_184']",70001777,SENS_EVENT_MEASURE,80 cm,3550 mV,5 C,0 Degree,243 Times,
998,3632348,70B3D50070001777,1615084807019,FES Receiver,2021-03-07 03:40:07.18628,"['SS', 'Standalone', 'version_184']",70001777,SENS_EVENT_MEASURE,80 cm,3530 mV,1 C,0 Degree,245 Times,
997,3633048,70B3D50070001777,1615095606919,FES Receiver,2021-03-07 06:40:07.06826,"['SS', 'Standalone', 'version_184']",70001777,SENS_EVENT_MEASURE,80 cm,3520 mV,1 C,0 Degree,248 Times,
996,3633430,70B3D50070001777,1615099206897,FES Receiver,2021-03-07 07:40:07.040266,"['SS', 'Standalone', 'version_184']",70001777,SENS_EVENT_MEASURE,80 cm,3520 mV,1 C,0 Degree,249 Times,
995,3633782,70B3D50070001777,1615102806957,FES Receiver,2021-03-07 08:40:07.094247,"['SS', 'Standalone', 'version_184']",70001777,SENS_EVENT_MEASURE,82 cm,3550 mV,5 C,0 Degree,250 Times,
994,3634879,70B3D50070001777,1615117206115,FES Receiver,2021-03-07 12:40:06.243661,"['SS', 'Standalone', 'version_184']",70001777,SENS_EVENT_MEASURE,88 cm,3640 mV,31 C,1 Degree,254 Times,
993,3635276,70B3D50070001777,1615120806115,FES Receiver,2021-03-07 13:40:06.229263,"['SS', 'Standalone', 'version_184']",70001777,SENS_EVENT_MEASURE,88 cm,3630 mV,20 C,0 Degree,255 Times,
992,3636033,70B3D50070001777,1615128005794,FES Receiver,2021-03-07 15:40:05.895294,"['SS', 'Standalone', 'version_184']",70001777,SENS_EVENT_MEASURE,80 cm,3600 mV,11 C,0 Degree,1 Times,
991,3636432,70B3D50070001777,1615131605673,FES Receiver,2021-03-07 16:40:05.780287,"['SS', 'Standalone', 'version_184']",70001777,SENS_EVENT_MEASURE,82 cm,3600 mV,12 C,0 Degree,2 Times,
990,3636817,70B3D50070001777,1615138805452,FES Receiver,2021-03-07 18:40:05.538297,"['SS', 'Standalone', 'version_184']",70001777,SENS_EVENT_MEASURE,84 cm,3580 mV,8 C,0 Degree,4 Times,
989,3637212,70B3D50070001777,1615142406804,FES Receiver,2021-03-07 19:40:07.007103,"['SS', 'Standalone', 'version_184']",70001777,SENS_EVENT_MEASURE,84 cm,3570 mV,10 C,0 Degree,5 Times,
988,3637606,70B3D50070001777,1615146006744,FES Receiver,2021-03-07 20:40:06.951079,"['SS', 'Standalone', 'version_184']",70001777,SENS_EVENT_MEASURE,84 cm,3570 mV,10 C,0 Degree,6 Times,
987,3638019,70B3D50070001777,1615149606683,FES Receiver,2021-03-07 21:40:06.88414,"['SS', 'Standalone', 'version_184']",70001777,SENS_EVENT_MEASURE,84 cm,3560 mV,7 C,0 Degree,7 Times,
986,3638764,70B3D50070001777,1615160406582,FES Receiver,2021-03-08 00:40:06.761127,"['SS', 'Standalone', 'version_184']",70001777,SENS_EVENT_MEASURE,84 cm,3550 mV,5 C,0 Degree,10 Times,
985,3639547,70B3D50070001777,1615167606400,FES Receiver,2021-03-08 02:40:06.572446,"['SS', 'Standalone', 'version_184']",70001777,SENS_EVENT_MEASURE,84 cm,3540 mV,2 C,0 Degree,12 Times,
984,3639952,70B3D50070001777,1615171206320,FES Receiver,2021-03-08 03:40:06.482089,"['SS', 'Standalone', 'version_184']",70001777,SENS_EVENT_MEASURE,84 cm,3530 mV,1 C,0 Degree,13 Times,
983,3641073,70B3D50070001777,1615185606218,FES Receiver,2021-03-08 07:40:06.35909,"['SS', 'Standalone', 'version_184']",70001777,SENS_EVENT_MEASURE,82 cm,3530 mV,2 C,0 Degree,17 Times,
982,3642011,70B3D50070001777,1615203605675,FES Receiver,2021-03-08 12:40:05.803448,"['SS', 'Standalone', 'version_184']",70001777,SENS_EVENT_MEASURE,78 cm,3600 mV,13 C,0 Degree,22 Times,
981,3642816,70B3D50070001777,1615210805443,FES Receiver,2021-03-08 14:40:05.550134,"['SS', 'Standalone', 'version_184']",70001777,SENS_EVENT_MEASURE,82 cm,3600 mV,12 C,0 Degree,24 Times,
980,3643039,70B3D50070001777,1615214405463,FES Receiver,2021-03-08 15:40:05.574106,"['SS', 'Standalone', 'version_184']",70001777,SENS_EVENT_MEASURE,78 cm,3600 mV,13 C,0 Degree,25 Times,
979,3643805,70B3D50070001777,1615225204970,FES Receiver,2021-03-08 18:40:05.060141,"['SS', 'Standalone', 'version_184']",70001777,SENS_EVENT_MEASURE,74 cm,3580 mV,9 C,0 Degree,28 Times,
978,3644216,70B3D50070001777,1615228806244,FES Receiver,2021-03-08 19:40:06.458592,"['SS', 'Standalone', 'version_184']",70001777,SENS_EVENT_MEASURE,70 cm,3580 mV,11 C,0 Degree,29 Times,
977,3644621,70B3D50070001777,1615232406155,FES Receiver,2021-03-08 20:40:06.356589,"['SS', 'Standalone', 'version_184']",70001777,SENS_EVENT_MEASURE,70 cm,3580 mV,9 C,0 Degree,30 Times,
976,3644769,70B3D50070001777,1615236006065,FES Receiver,2021-03-08 21:40:06.26996,"['SS', 'Standalone', 'version_184']",70001777,SENS_EVENT_MEASURE,70 cm,3570 mV,7 C,0 Degree,31 Times,
975,3645181,70B3D50070001777,1615239606039,FES Receiver,2021-03-08 22:40:06.240646,"['SS', 'Standalone', 'version_184']",70001777,SENS_EVENT_MEASURE,70 cm,3570 mV,10 C,0 Degree,32 Times,
974,3645571,70B3D50070001777,1615246805857,FES Receiver,2021-03-09 00:40:06.042618,"['SS', 'Standalone', 'version_184']",70001777,SENS_EVENT_MEASURE,70 cm,3570 mV,10 C,0 Degree,34 Times,
973,3645991,70B3D50070001777,1615250405775,FES Receiver,2021-03-09 01:40:05.953684,"['SS', 'Standalone', 'version_184']",70001777,SENS_EVENT_MEASURE,70 cm,3570 mV,8 C,0 Degree,35 Times,
972,3646394,70B3D50070001777,1615254005695,FES Receiver,2021-03-09 02:40:05.869594,"['SS', 'Standalone', 'version_184']",70001777,SENS_EVENT_MEASURE,70 cm,3570 mV,8 C,0 Degree,36 Times,
971,3646549,70B3D50070001777,1615257605613,FES Receiver,2021-03-09 03:40:05.784646,"['SS', 'Standalone', 'version_184']",70001777,SENS_EVENT_MEASURE,70 cm,3570 mV,9 C,0 Degree,37 Times,
970,3646949,70B3D50070001777,1615261205532,FES Receiver,2021-03-09 04:40:05.705982,"['SS', 'Standalone', 'version_184']",70001777,SENS_EVENT_MEASURE,70 cm,3560 mV,8 C,0 Degree,38 Times,
969,3647344,70B3D50070001777,1615268405389,FES Receiver,2021-03-09 06:40:05.547066,"['SS', 'Standalone', 'version_184']",70001777,SENS_EVENT_MEASURE,70 cm,3560 mV,5 C,0 Degree,40 Times,
968,3647721,70B3D50070001777,1615272005328,FES Receiver,2021-03-09 07:40:05.483611,"['SS', 'Standalone', 'version_184']",70001777,SENS_EVENT_MEASURE,70 cm,3560 mV,7 C,0 Degree,41 Times,
967,3648205,70B3D50070001777,1615279205166,FES Receiver,2021-03-09 09:40:05.319655,"['SS', 'Standalone', 'version_184']",70001777,SENS_EVENT_MEASURE,68 cm,3590 mV,13 C,0 Degree,43 Times,
966,3648587,70B3D50070001777,1615282805005,FES Receiver,2021-03-09 10:40:05.141601,"['SS', 'Standalone', 'version_184']",70001777,SENS_EVENT_MEASURE,68 cm,3600 mV,16 C,0 Degree,44 Times,
965,3648854,70B3D50070001777,1615290004883,FES Receiver,2021-03-09 12:40:05.022926,"['SS', 'Standalone', 'version_184']",70001777,SENS_EVENT_MEASURE,70 cm,3610 mV,18 C,0 Degree,46 Times,
964,3649272,70B3D50070001777,1615293604602,FES Receiver,2021-03-09 13:40:04.725575,"['SS', 'Standalone', 'version_184']",70001777,SENS_EVENT_MEASURE,70 cm,3610 mV,14 C,0 Degree,47 Times,
963,3649695,70B3D50070001777,1615297204621,FES Receiver,2021-03-09 14:40:04.740652,"['SS', 'Standalone', 'version_184']",70001777,SENS_EVENT_MEASURE,70 cm,3600 mV,13 C,0 Degree,48 Times,
962,3650222,70B3D50070001777,1615304404380,FES Receiver,2021-03-09 16:40:04.497408,"['SS', 'Standalone', 'version_184']",70001777,SENS_EVENT_MEASURE,70 cm,3600 mV,11 C,0 Degree,50 Times,
961,3651143,70B3D50070001777,1615315205367,FES Receiver,2021-03-09 19:40:05.570614,"['SS', 'Standalone', 'version_184']",70001777,SENS_EVENT_MEASURE,70 cm,3590 mV,10 C,0 Degree,53 Times,
960,3651668,70B3D50070001777,1615322405194,FES Receiver,2021-03-09 21:40:05.398603,"['SS', 'Standalone', 'version_184']",70001777,SENS_EVENT_MEASURE,70 cm,3580 mV,11 C,0 Degree,55 Times,
959,3652067,70B3D50070001777,1615326005092,FES Receiver,2021-03-09 22:40:05.284646,"['SS', 'Standalone', 'version_184']",70001777,SENS_EVENT_MEASURE,70 cm,3580 mV,11 C,0 Degree,56 Times,
958,3652425,70B3D50070001777,1615333204904,FES Receiver,2021-03-10 00:40:05.083594,"['SS', 'Standalone', 'version_184']",70001777,SENS_EVENT_MEASURE,70 cm,3580 mV,10 C,0 Degree,58 Times,
957,3652831,70B3D50070001777,1615336804803,FES Receiver,2021-03-10 01:40:04.987631,"['SS', 'Standalone', 'version_184']",70001777,SENS_EVENT_MEASURE,70 cm,3580 mV,10 C,0 Degree,59 Times,
956,3653223,70B3D50070001777,1615340404710,FES Receiver,2021-03-10 02:40:04.88062,"['SS', 'Standalone', 'version_184']",70001777,SENS_EVENT_MEASURE,70 cm,3580 mV,8 C,0 Degree,60 Times,
955,3653365,70B3D50070001777,1615344004622,FES Receiver,2021-03-10 03:40:04.786624,"['SS', 'Standalone', 'version_184']",70001777,SENS_EVENT_MEASURE,70 cm,3580 mV,9 C,0 Degree,61 Times,
954,3654141,70B3D50070001777,1615351204441,FES Receiver,2021-03-10 05:40:04.603678,"['SS', 'Standalone', 'version_184']",70001777,SENS_EVENT_MEASURE,70 cm,3570 mV,9 C,0 Degree,63 Times,
953,3654355,70B3D50070001777,1615354804340,FES Receiver,2021-03-10 06:40:04.49994,"['SS', 'Standalone', 'version_184']",70001777,SENS_EVENT_MEASURE,70 cm,3580 mV,9 C,0 Degree,64 Times,
952,3654749,70B3D50070001777,1615358404259,FES Receiver,2021-03-10 07:40:04.413606,"['SS', 'Standalone', 'version_184']",70001777,SENS_EVENT_MEASURE,70 cm,3570 mV,9 C,0 Degree,65 Times,
951,3655204,70B3D50070001777,1615365603998,FES Receiver,2021-03-10 09:40:04.136617,"['SS', 'Standalone', 'version_184']",70001777,SENS_EVENT_MEASURE,74 cm,3590 mV,12 C,0 Degree,67 Times,
950,3655992,70B3D50070001777,1615372803856,FES Receiver,2021-03-10 11:40:03.982609,"['SS', 'Standalone', 'version_184']",70001777,SENS_EVENT_MEASURE,62 cm,3610 mV,15 C,0 Degree,69 Times,
949,3656154,70B3D50070001777,1615376403716,FES Receiver,2021-03-10 12:40:03.839954,"['SS', 'Standalone', 'version_184']",70001777,SENS_EVENT_MEASURE,62 cm,3610 mV,18 C,0 Degree,70 Times,
948,3656546,70B3D50070001777,1615380003575,FES Receiver,2021-03-10 13:40:03.700662,"['SS', 'Standalone', 'version_184']",70001777,SENS_EVENT_MEASURE,62 cm,3610 mV,16 C,0 Degree,71 Times,
947,3656913,70B3D50070001777,1615383603294,FES Receiver,2021-03-10 14:40:03.413647,"['SS', 'Standalone', 'version_184']",70001777,SENS_EVENT_MEASURE,70 cm,3610 mV,17 C,0 Degree,72 Times,
946,3657042,70B3D50070001777,1615387203173,FES Receiver,2021-03-10 15:40:03.282637,"['SS', 'Standalone', 'version_184']",70001777,SENS_EVENT_MEASURE,70 cm,3610 mV,15 C,0 Degree,73 Times,
945,3657423,70B3D50070001777,1615390802993,FES Receiver,2021-03-10 16:40:03.094624,"['SS', 'Standalone', 'version_184']",70001777,SENS_EVENT_MEASURE,70 cm,3610 mV,14 C,0 Degree,74 Times,
944,3657775,70B3D50070001777,1615398002771,FES Receiver,2021-03-10 18:40:02.868705,"['SS', 'Standalone', 'version_184']",70001777,SENS_EVENT_MEASURE,64 cm,3600 mV,12 C,0 Degree,76 Times,
943,3658572,70B3D50070001777,1615405203985,FES Receiver,2021-03-10 20:40:04.19214,"['SS', 'Standalone', 'version_184']",70001777,SENS_EVENT_MEASURE,62 cm,3590 mV,12 C,0 Degree,78 Times,
942,3658705,70B3D50070001777,1615408803863,FES Receiver,2021-03-10 21:40:04.059117,"['SS', 'Standalone', 'version_184']",70001777,SENS_EVENT_MEASURE,62 cm,3590 mV,13 C,0 Degree,79 Times,
941,3659435,70B3D50070001777,1615419603519,FES Receiver,2021-03-11 00:40:03.702128,"['SS', 'Standalone', 'version_184']",70001777,SENS_EVENT_MEASURE,62 cm,3590 mV,10 C,0 Degree,82 Times,
940,3660226,70B3D50070001777,1615430403216,FES Receiver,2021-03-11 03:40:03.390216,"['SS', 'Standalone', 'version_184']",70001777,SENS_EVENT_MEASURE,62 cm,3580 mV,11 C,0 Degree,85 Times,
939,3660550,70B3D50070001777,1615434003115,FES Receiver,2021-03-11 04:40:03.278824,"['SS', 'Standalone', 'version_184']",70001777,SENS_EVENT_MEASURE,62 cm,3580 mV,10 C,0 Degree,86 Times,
938,3661196,70B3D50070001777,1615444802772,FES Receiver,2021-03-11 07:40:02.92918,"['SS', 'Standalone', 'version_184']",70001777,SENS_EVENT_MEASURE,62 cm,3590 mV,11 C,0 Degree,89 Times,
937,3661650,70B3D50070001777,1615452002529,FES Receiver,2021-03-11 09:40:02.677459,"['SS', 'Standalone', 'version_184']",70001777,SENS_EVENT_MEASURE,60 cm,3590 mV,12 C,0 Degree,91 Times,
936,3662023,70B3D50070001777,1615455602628,FES Receiver,2021-03-11 10:40:02.773157,"['SS', 'Standalone', 'version_184']",70001777,SENS_EVENT_MEASURE,64 cm,3600 mV,13 C,0 Degree,92 Times,
935,3662360,70B3D50070001777,1615459202307,FES Receiver,2021-03-11 11:40:02.447128,"['SS', 'Standalone', 'version_184']",70001777,SENS_EVENT_MEASURE,66 cm,3590 mV,12 C,0 Degree,93 Times,
934,3662690,70B3D50070001777,1615466402045,FES Receiver,2021-03-11 13:40:02.172513,"['SS', 'Standalone', 'version_184']",70001777,SENS_EVENT_MEASURE,66 cm,3600 mV,14 C,0 Degree,95 Times,
933,3663019,70B3D50070001777,1615470002231,FES Receiver,2021-03-11 14:40:02.348775,"['SS', 'Standalone', 'version_184']",70001777,SENS_EVENT_MEASURE,60 cm,3600 mV,15 C,0 Degree,96 Times,
932,3663146,70B3D50070001777,1615473602079,FES Receiver,2021-03-11 15:40:02.191144,"['SS', 'Standalone', 'version_184']",70001777,SENS_EVENT_MEASURE,62 cm,3610 mV,17 C,0 Degree,97 Times,
931,3663557,70B3D50070001777,1615477201762,FES Receiver,2021-03-11 16:40:01.869141,"['SS', 'Standalone', 'version_184']",70001777,SENS_EVENT_MEASURE,64 cm,3610 mV,16 C,0 Degree,98 Times,
930,3663949,70B3D50070001777,1615480801640,FES Receiver,2021-03-11 17:40:01.746117,"['SS', 'Standalone', 'version_184']",70001777,SENS_EVENT_MEASURE,64 cm,3600 mV,13 C,0 Degree,99 Times,
929,3664562,70B3D50070001777,1615488002906,FES Receiver,2021-03-11 19:40:03.116395,"['SS', 'Standalone', 'version_184']",70001777,SENS_EVENT_MEASURE,60 cm,3590 mV,11 C,0 Degree,101 Times,
928,3664940,70B3D50070001777,1615491602804,FES Receiver,2021-03-11 20:40:03.003253,"['SS', 'Standalone', 'version_184']",70001777,SENS_EVENT_MEASURE,62 cm,3590 mV,11 C,1 Degree,102 Times,
927,3665491,70B3D50070001777,1615498802763,FES Receiver,2021-03-11 22:40:02.952266,"['SS', 'Standalone', 'version_184']",70001777,SENS_EVENT_MEASURE,56 cm,3590 mV,11 C,0 Degree,104 Times,
926,3665889,70B3D50070001777,1615502402662,FES Receiver,2021-03-11 23:40:02.851267,"['SS', 'Standalone', 'version_184']",70001777,SENS_EVENT_MEASURE,56 cm,3580 mV,10 C,0 Degree,105 Times,
925,3666122,70B3D50070001777,1615506002561,FES Receiver,2021-03-12 00:40:02.741248,"['SS', 'Standalone', 'version_184']",70001777,SENS_EVENT_MEASURE,56 cm,3590 mV,10 C,0 Degree,106 Times,
924,3666349,70B3D50070001777,1615509602280,FES Receiver,2021-03-12 01:40:02.456323,"['SS', 'Standalone', 'version_184']",70001777,SENS_EVENT_MEASURE,66 cm,3580 mV,11 C,0 Degree,107 Times,
923,3666745,70B3D50070001777,1615513202359,FES Receiver,2021-03-12 02:40:02.538503,"['SS', 'Standalone', 'version_184']",70001777,SENS_EVENT_MEASURE,56 cm,3580 mV,10 C,0 Degree,108 Times,
922,3666898,70B3D50070001777,1615516802058,FES Receiver,2021-03-12 03:40:02.230279,"['SS', 'Standalone', 'version_184']",70001777,SENS_EVENT_MEASURE,66 cm,3580 mV,11 C,0 Degree,109 Times,
921,3667299,70B3D50070001777,1615520401997,FES Receiver,2021-03-12 04:40:02.166629,"['SS', 'Standalone', 'version_184']",70001777,SENS_EVENT_MEASURE,66 cm,3570 mV,9 C,0 Degree,110 Times,
920,3668151,70B3D50070001777,1615531201595,FES Receiver,2021-03-12 07:40:01.746289,"['SS', 'Standalone', 'version_184']",70001777,SENS_EVENT_MEASURE,60 cm,3580 mV,9 C,0 Degree,113 Times,
919,3668684,70B3D50070001777,1615538401433,FES Receiver,2021-03-12 09:40:01.571031,"['SS', 'Standalone', 'version_184']",70001777,SENS_EVENT_MEASURE,58 cm,3590 mV,11 C,1 Degree,115 Times,
918,3669112,70B3D50070001777,1615542001432,FES Receiver,2021-03-12 10:40:01.56642,"['SS', 'Standalone', 'version_184']",70001777,SENS_EVENT_MEASURE,122 cm,3600 mV,14 C,0 Degree,116 Times,
917,3669427,70B3D50070001777,1615549202136,FES Receiver,2021-03-12 12:40:01.238651,"['SS', 'Standalone', 'version_184']",70001777,SENS_EVENT_MEASURE,122 cm,3620 mV,17 C,0 Degree,118 Times,
916,3669930,70B3D50070001777,1615556401849,FES Receiver,2021-03-12 14:40:00.959778,"['SS', 'Standalone', 'version_184']",70001777,SENS_EVENT_MEASURE,134 cm,3610 mV,16 C,0 Degree,120 Times,
915,3670095,70B3D50070001777,1615560001597,FES Receiver,2021-03-12 15:40:00.712876,"['SS', 'Standalone', 'version_184']",70001777,SENS_EVENT_MEASURE,132 cm,3610 mV,14 C,0 Degree,121 Times,
914,3670503,70B3D50070001777,1615563601281,FES Receiver,2021-03-12 16:40:00.727267,"['SS', 'Standalone', 'version_184']",70001777,SENS_EVENT_MEASURE,122 cm,3600 mV,13 C,0 Degree,122 Times,
913,3671138,70B3D50070001777,1615570801037,FES Receiver,2021-03-12 18:40:00.474273,"['SS', 'Standalone', 'version_184']",70001777,SENS_EVENT_MEASURE,122 cm,3600 mV,13 C,0 Degree,124 Times,
912,3672219,70B3D50070001777,1615585200609,FES Receiver,2021-03-12 22:40:01.615925,"['SS', 'Standalone', 'version_184']",70001777,SENS_EVENT_MEASURE,124 cm,3580 mV,11 C,1 Degree,128 Times,
911,3672623,70B3D50070001777,1615588800506,FES Receiver,2021-03-12 23:40:01.50787,"['SS', 'Standalone', 'version_184']",70001777,SENS_EVENT_MEASURE,124 cm,3580 mV,10 C,1 Degree,129 Times,
910,3673251,70B3D50070001777,1615599600226,FES Receiver,2021-03-13 02:40:01.216267,"['SS', 'Standalone', 'version_184']",70001777,SENS_EVENT_MEASURE,122 cm,3580 mV,10 C,0 Degree,132 Times,
909,3674240,70B3D50070001777,1615610399912,FES Receiver,2021-03-13 05:40:00.892198,"['SS', 'Standalone', 'version_184']",70001777,SENS_EVENT_MEASURE,124 cm,3580 mV,11 C,0 Degree,135 Times,
908,3675425,70B3D50070001777,1615628399417,FES Receiver,2021-03-13 10:40:00.383347,"['SS', 'Standalone', 'version_184']",70001777,SENS_EVENT_MEASURE,142 cm,3590 mV,12 C,0 Degree,140 Times,
907,3675717,70B3D50070001777,1615635608253,FES Receiver,2021-03-13 12:40:09.2142,"['SS', 'Standalone', 'version_184']",70001777,SENS_EVENT_MEASURE,130 cm,3590 mV,10 C,0 Degree,142 Times,
906,3676240,70B3D50070001777,1615642799029,FES Receiver,2021-03-13 14:39:59.979432,"['SS', 'Standalone', 'version_184']",70001777,SENS_EVENT_MEASURE,130 cm,3590 mV,13 C,0 Degree,144 Times,
905,3676627,70B3D50070001777,1615646398907,FES Receiver,2021-03-13 15:39:59.858864,"['SS', 'Standalone', 'version_184']",70001777,SENS_EVENT_MEASURE,128 cm,3590 mV,10 C,0 Degree,145 Times,
904,3677024,70B3D50070001777,1615649998705,FES Receiver,2021-03-13 16:39:59.648468,"['SS', 'Standalone', 'version_184']",70001777,SENS_EVENT_MEASURE,126 cm,3600 mV,13 C,0 Degree,146 Times,
903,3677422,70B3D50070001777,1615653598563,FES Receiver,2021-03-13 17:39:59.503062,"['SS', 'Standalone', 'version_184']",70001777,SENS_EVENT_MEASURE,118 cm,3590 mV,11 C,0 Degree,147 Times,
902,3677817,70B3D50070001777,1615657198461,FES Receiver,2021-03-13 18:39:59.397223,"['SS', 'Standalone', 'version_184']",70001777,SENS_EVENT_MEASURE,120 cm,3580 mV,11 C,0 Degree,148 Times,
901,3678486,70B3D50070001777,1615668000483,FES Receiver,2021-03-13 21:40:00.679732,"['SS', 'Standalone', 'version_184']",70001777,SENS_EVENT_MEASURE,116 cm,3580 mV,10 C,0 Degree,151 Times,
900,3678876,70B3D50070001777,1615671600382,FES Receiver,2021-03-13 22:40:00.575532,"['SS', 'Standalone', 'version_184']",70001777,SENS_EVENT_MEASURE,116 cm,3580 mV,9 C,1 Degree,152 Times,
899,3679822,70B3D50070001777,1615682400102,FES Receiver,2021-03-14 01:40:00.28496,"['SS', 'Standalone', 'version_184']",70001777,SENS_EVENT_MEASURE,118 cm,3570 mV,11 C,0 Degree,155 Times,
898,3680234,70B3D50070001777,1615686000013,FES Receiver,2021-03-14 02:40:00.193355,"['SS', 'Standalone', 'version_184']",70001777,SENS_EVENT_MEASURE,118 cm,3570 mV,10 C,0 Degree,156 Times,
897,3680424,70B3D50070001777,1615689599930,FES Receiver,2021-03-14 03:40:00.106926,"['SS', 'Standalone', 'version_184']",70001777,SENS_EVENT_MEASURE,116 cm,3570 mV,9 C,0 Degree,157 Times,
896,3680826,70B3D50070001777,1615693199855,FES Receiver,2021-03-14 04:40:00.027664,"['SS', 'Standalone', 'version_184']",70001777,SENS_EVENT_MEASURE,118 cm,3570 mV,10 C,0 Degree,158 Times,
895,3681222,70B3D50070001777,1615696799752,FES Receiver,2021-03-14 05:39:59.922904,"['SS', 'Standalone', 'version_184']",70001777,SENS_EVENT_MEASURE,118 cm,3570 mV,9 C,1 Degree,159 Times,
894,3682019,70B3D50070001777,1615711199215,FES Receiver,2021-03-14 09:39:59.372659,"['SS', 'Standalone', 'version_184']",70001777,SENS_EVENT_MEASURE,114 cm,3610 mV,18 C,0 Degree,163 Times,
893,3682442,70B3D50070001777,1615714799145,FES Receiver,2021-03-14 10:39:59.300323,"['SS', 'Standalone', 'version_184']",70001777,SENS_EVENT_MEASURE,112 cm,3610 mV,16 C,0 Degree,164 Times,
892,3682839,70B3D50070001777,1615718399012,FES Receiver,2021-03-14 11:39:59.162341,"['SS', 'Standalone', 'version_184']",70001777,SENS_EVENT_MEASURE,118 cm,3610 mV,16 C,0 Degree,165 Times,
891,3683019,70B3D50070001777,1615722003868,FES Receiver,2021-03-14 12:40:04.018528,"['SS', 'Standalone', 'version_184']",70001777,SENS_EVENT_MEASURE,118 cm,3610 mV,16 C,0 Degree,166 Times,
890,3683562,70B3D50070001777,1615729198667,FES Receiver,2021-03-14 14:39:58.807007,"['SS', 'Standalone', 'version_184']",70001777,SENS_EVENT_MEASURE,112 cm,3600 mV,13 C,0 Degree,168 Times,
889,3683738,70B3D50070001777,1615732798505,FES Receiver,2021-03-14 15:39:58.640244,"['SS', 'Standalone', 'version_184']",70001777,SENS_EVENT_MEASURE,118 cm,3600 mV,15 C,0 Degree,169 Times,
888,3684137,70B3D50070001777,1615736398402,FES Receiver,2021-03-14 16:39:58.533156,"['SS', 'Standalone', 'version_184']",70001777,SENS_EVENT_MEASURE,118 cm,3600 mV,10 C,0 Degree,170 Times,
887,3684541,70B3D50070001777,1615739998286,FES Receiver,2021-03-14 17:39:58.413957,"['SS', 'Standalone', 'version_184']",70001777,SENS_EVENT_MEASURE,106 cm,3590 mV,10 C,0 Degree,171 Times,
886,3685241,70B3D50070001777,1615750799493,FES Receiver,2021-03-14 20:39:59.69294,"['SS', 'Standalone', 'version_184']",70001777,SENS_EVENT_MEASURE,106 cm,3580 mV,8 C,1 Degree,174 Times,
885,3685424,70B3D50070001777,1615754399384,FES Receiver,2021-03-14 21:39:59.578015,"['SS', 'Standalone', 'version_184']",70001777,SENS_EVENT_MEASURE,106 cm,3570 mV,8 C,0 Degree,175 Times,
884,3685815,70B3D50070001777,1615757999302,FES Receiver,2021-03-14 22:39:59.49396,"['SS', 'Standalone', 'version_184']",70001777,SENS_EVENT_MEASURE,106 cm,3570 mV,10 C,0 Degree,176 Times,
883,3686219,70B3D50070001777,1615761599220,FES Receiver,2021-03-14 23:39:59.409535,"['SS', 'Standalone', 'version_184']",70001777,SENS_EVENT_MEASURE,104 cm,3570 mV,6 C,0 Degree,177 Times,
882,3686907,70B3D50070001777,1615772398954,FES Receiver,2021-03-15 02:39:59.131398,"['SS', 'Standalone', 'version_184']",70001777,SENS_EVENT_MEASURE,106 cm,3570 mV,9 C,0 Degree,180 Times,
881,3687100,70B3D50070001777,1615775998871,FES Receiver,2021-03-15 03:39:59.045208,"['SS', 'Standalone', 'version_184']",70001777,SENS_EVENT_MEASURE,106 cm,3570 mV,8 C,1 Degree,181 Times,
880,3687500,70B3D50070001777,1615779598776,FES Receiver,2021-03-15 04:39:58.947626,"['SS', 'Standalone', 'version_184']",70001777,SENS_EVENT_MEASURE,106 cm,3570 mV,10 C,0 Degree,182 Times,
879,3687907,70B3D50070001777,1615783198690,FES Receiver,2021-03-15 05:39:58.857149,"['SS', 'Standalone', 'version_184']",70001777,SENS_EVENT_MEASURE,106 cm,3570 mV,10 C,1 Degree,183 Times,
878,3688812,70B3D50070001777,1615797598337,FES Receiver,2021-03-15 09:39:58.492677,"['SS', 'Standalone', 'version_184']",70001777,SENS_EVENT_MEASURE,114 cm,3580 mV,11 C,0 Degree,187 Times,
877,3689211,70B3D50070001777,1615801198154,FES Receiver,2021-03-15 10:39:58.304616,"['SS', 'Standalone', 'version_184']",70001777,SENS_EVENT_MEASURE,116 cm,3600 mV,13 C,0 Degree,188 Times,
876,3689513,70B3D50070001777,1615808397773,FES Receiver,2021-03-15 12:39:57.918905,"['SS', 'Standalone', 'version_184']",70001777,SENS_EVENT_MEASURE,108 cm,3620 mV,18 C,0 Degree,190 Times,
875,3691081,70B3D50070001777,1615826397127,FES Receiver,2021-03-15 17:39:57.25385,"['SS', 'Standalone', 'version_184']",70001777,SENS_EVENT_MEASURE,102 cm,3600 mV,11 C,0 Degree,195 Times,
874,3691858,70B3D50070001777,1615837198445,FES Receiver,2021-03-15 20:39:58.644701,"['SS', 'Standalone', 'version_184']",70001777,SENS_EVENT_MEASURE,106 cm,3580 mV,8 C,1 Degree,198 Times,
873,3692360,70B3D50070001777,1615844378262,FES Receiver,2021-03-15 22:39:38.45595,"['SS', 'Standalone', 'version_184']",70001777,SENS_EVENT_MEASURE,106 cm,3570 mV,7 C,0 Degree,200 Times,
872,3692757,70B3D50070001777,1615847978165,FES Receiver,2021-03-15 23:39:38.353439,"['SS', 'Standalone', 'version_184']",70001777,SENS_EVENT_MEASURE,106 cm,3570 mV,7 C,0 Degree,201 Times,
871,3693311,70B3D50070001777,1615855177996,FES Receiver,2021-03-16 01:39:38.176528,"['SS', 'Standalone', 'version_184']",70001777,SENS_EVENT_MEASURE,108 cm,3570 mV,8 C,0 Degree,203 Times,
870,3693533,70B3D50070001777,1615858777915,FES Receiver,2021-03-16 02:39:38.091449,"['SS', 'Standalone', 'version_184']",70001777,SENS_EVENT_MEASURE,106 cm,3570 mV,8 C,0 Degree,204 Times,
869,3694045,70B3D50070001777,1615865977736,FES Receiver,2021-03-16 04:39:37.911135,"['SS', 'Standalone', 'version_184']",70001777,SENS_EVENT_MEASURE,108 cm,3570 mV,9 C,0 Degree,206 Times,
868,3695009,70B3D50070001777,1615876777422,FES Receiver,2021-03-16 07:39:37.581185,"['SS', 'Standalone', 'version_184']",70001777,SENS_EVENT_MEASURE,108 cm,3570 mV,8 C,0 Degree,209 Times,
867,3695188,70B3D50070001777,1615880377320,FES Receiver,2021-03-16 08:39:37.476797,"['SS', 'Standalone', 'version_184']",70001777,SENS_EVENT_MEASURE,102 cm,3580 mV,12 C,0 Degree,210 Times,
866,3695409,70B3D50070001777,1615883977217,FES Receiver,2021-03-16 09:39:37.37278,"['SS', 'Standalone', 'version_184']",70001777,SENS_EVENT_MEASURE,102 cm,3590 mV,13 C,0 Degree,211 Times,
865,3695817,70B3D50070001777,1615887577095,FES Receiver,2021-03-16 10:39:37.246411,"['SS', 'Standalone', 'version_184']",70001777,SENS_EVENT_MEASURE,102 cm,3600 mV,13 C,1 Degree,212 Times,
864,3696242,70B3D50070001777,1615891176933,FES Receiver,2021-03-16 11:39:37.080552,"['SS', 'Standalone', 'version_184']",70001777,SENS_EVENT_MEASURE,102 cm,3600 mV,13 C,0 Degree,213 Times,
863,3696610,70B3D50070001777,1615898376630,FES Receiver,2021-03-16 13:39:36.770077,"['SS', 'Standalone', 'version_184']",70001777,SENS_EVENT_MEASURE,104 cm,3610 mV,17 C,0 Degree,215 Times,
862,3696789,70B3D50070001777,1615901976408,FES Receiver,2021-03-16 14:39:36.54302,"['SS', 'Standalone', 'version_184']",70001777,SENS_EVENT_MEASURE,94 cm,3600 mV,14 C,0 Degree,216 Times,
861,3697748,70B3D50070001777,1615912776183,FES Receiver,2021-03-16 17:39:36.306165,"['SS', 'Standalone', 'version_184']",70001777,SENS_EVENT_MEASURE,96 cm,3600 mV,13 C,0 Degree,219 Times,
860,3698297,70B3D50070001777,1615919977446,FES Receiver,2021-03-16 19:39:37.650523,"['SS', 'Standalone', 'version_184']",70001777,SENS_EVENT_MEASURE,106 cm,3580 mV,9 C,0 Degree,221 Times,
859,3698504,70B3D50070001777,1615923577351,FES Receiver,2021-03-16 20:39:37.549312,"['SS', 'Standalone', 'version_184']",70001777,SENS_EVENT_MEASURE,98 cm,3580 mV,10 C,0 Degree,222 Times,
858,3699030,70B3D50070001777,1615930777161,FES Receiver,2021-03-16 22:39:37.353188,"['SS', 'Standalone', 'version_184']",70001777,SENS_EVENT_MEASURE,98 cm,3570 mV,9 C,0 Degree,224 Times,
857,3699421,70B3D50070001777,1615934377079,FES Receiver,2021-03-16 23:39:37.267337,"['SS', 'Standalone', 'version_184']",70001777,SENS_EVENT_MEASURE,98 cm,3580 mV,7 C,1 Degree,225 Times,
856,3699979,70B3D50070001777,1615941576895,FES Receiver,2021-03-17 01:39:37.07549,"['SS', 'Standalone', 'version_184']",70001777,SENS_EVENT_MEASURE,98 cm,3570 mV,8 C,1 Degree,227 Times,
855,3700693,70B3D50070001777,1615952376628,FES Receiver,2021-03-17 04:39:36.798565,"['SS', 'Standalone', 'version_184']",70001777,SENS_EVENT_MEASURE,100 cm,3570 mV,8 C,0 Degree,230 Times,
854,3701091,70B3D50070001777,1615955976545,FES Receiver,2021-03-17 05:39:36.713175,"['SS', 'Standalone', 'version_184']",70001777,SENS_EVENT_MEASURE,98 cm,3570 mV,8 C,1 Degree,231 Times,
853,3702144,70B3D50070001777,1615970376194,FES Receiver,2021-03-17 09:39:36.350463,"['SS', 'Standalone', 'version_184']",70001777,SENS_EVENT_MEASURE,90 cm,3580 mV,10 C,1 Degree,235 Times,
852,3703024,70B3D50070001777,1615984775646,FES Receiver,2021-03-17 13:39:35.78859,"['SS', 'Standalone', 'version_184']",70001777,SENS_EVENT_MEASURE,90 cm,3600 mV,12 C,0 Degree,239 Times,
851,3703603,70B3D50070001777,1615991975522,FES Receiver,2021-03-17 15:39:36.991698,"['SS', 'Standalone', 'version_184']",70001777,SENS_EVENT_MEASURE,86 cm,3600 mV,13 C,0 Degree,241 Times,
850,3704970,70B3D50070001777,1616006376606,FES Receiver,2021-03-17 19:39:36.531745,"['SS', 'Standalone', 'version_184']",70001777,SENS_EVENT_MEASURE,84 cm,3570 mV,9 C,0 Degree,245 Times,
849,3705385,70B3D50070001777,1616009976524,FES Receiver,2021-03-17 20:39:36.438619,"['SS', 'Standalone', 'version_184']",70001777,SENS_EVENT_MEASURE,84 cm,3570 mV,7 C,0 Degree,246 Times,
848,3705555,70B3D50070001777,1616013576462,FES Receiver,2021-03-17 21:39:36.36609,"['SS', 'Standalone', 'version_184']",70001777,SENS_EVENT_MEASURE,84 cm,3560 mV,6 C,0 Degree,247 Times,
847,3706353,70B3D50070001777,1616020776338,FES Receiver,2021-03-17 23:39:36.216668,"['SS', 'Standalone', 'version_184']",70001777,SENS_EVENT_MEASURE,84 cm,3550 mV,5 C,0 Degree,249 Times,
846,3707328,70B3D50070001777,1616031576171,FES Receiver,2021-03-18 02:39:36.01189,"['SS', 'Standalone', 'version_184']",70001777,SENS_EVENT_MEASURE,84 cm,3540 mV,2 C,0 Degree,252 Times,
845,3707509,70B3D50070001777,1616035176108,FES Receiver,2021-03-18 03:39:35.938631,"['SS', 'Standalone', 'version_184']",70001777,SENS_EVENT_MEASURE,84 cm,3540 mV,2 C,0 Degree,253 Times,
844,3707906,70B3D50070001777,1616038776066,FES Receiver,2021-03-18 04:39:35.886855,"['SS', 'Standalone', 'version_184']",70001777,SENS_EVENT_MEASURE,84 cm,3530 mV,3 C,0 Degree,254 Times,
843,3708304,70B3D50070001777,1616042376023,FES Receiver,2021-03-18 05:39:35.830905,"['SS', 'Standalone', 'version_184']",70001777,SENS_EVENT_MEASURE,84 cm,3540 mV,2 C,1 Degree,255 Times,
842,3708832,70B3D50070001777,1616049575777,FES Receiver,2021-03-18 07:39:35.562936,"['SS', 'Standalone', 'version_184']",70001777,SENS_EVENT_MEASURE,82 cm,3550 mV,4 C,1 Degree,1 Times,
841,3709226,70B3D50070001777,1616053175855,FES Receiver,2021-03-18 08:39:35.629535,"['SS', 'Standalone', 'version_184']",70001777,SENS_EVENT_MEASURE,88 cm,3570 mV,9 C,0 Degree,2 Times,
840,3710044,70B3D50070001777,1616060375370,FES Receiver,2021-03-18 10:39:35.124942,"['SS', 'Standalone', 'version_184']",70001777,SENS_EVENT_MEASURE,82 cm,3620 mV,24 C,0 Degree,4 Times,
839,3710495,70B3D50070001777,1616071175545,FES Receiver,2021-03-18 13:39:36.299521,"['SS', 'Standalone', 'version_184']",70001777,SENS_EVENT_MEASURE,78 cm,3610 mV,13 C,0 Degree,7 Times,
838,3710915,70B3D50070001777,1616074775570,FES Receiver,2021-03-18 14:39:36.32617,"['SS', 'Standalone', 'version_184']",70001777,SENS_EVENT_MEASURE,78 cm,3600 mV,11 C,0 Degree,8 Times,
837,3711293,70B3D50070001777,1616078375456,FES Receiver,2021-03-18 15:39:36.21719,"['SS', 'Standalone', 'version_184']",70001777,SENS_EVENT_MEASURE,78 cm,3590 mV,11 C,0 Degree,9 Times,
836,3712129,70B3D50070001777,1616085575088,FES Receiver,2021-03-18 17:39:35.856646,"['SS', 'Standalone', 'version_184']",70001777,SENS_EVENT_MEASURE,78 cm,3590 mV,10 C,0 Degree,11 Times,
835,3712711,70B3D50070001777,1616092775880,FES Receiver,2021-03-18 19:39:35.656254,"['SS', 'Standalone', 'version_184']",70001777,SENS_EVENT_MEASURE,78 cm,3580 mV,10 C,0 Degree,13 Times,
834,3713139,70B3D50070001777,1616096375767,FES Receiver,2021-03-18 20:39:35.546305,"['SS', 'Standalone', 'version_184']",70001777,SENS_EVENT_MEASURE,74 cm,3580 mV,11 C,0 Degree,14 Times,
833,3713655,70B3D50070001777,1616103575539,FES Receiver,2021-03-18 22:39:35.327773,"['SS', 'Standalone', 'version_184']",70001777,SENS_EVENT_MEASURE,72 cm,3570 mV,6 C,0 Degree,16 Times,
832,3714055,70B3D50070001777,1616107175485,FES Receiver,2021-03-18 23:39:35.275921,"['SS', 'Standalone', 'version_184']",70001777,SENS_EVENT_MEASURE,74 cm,3570 mV,9 C,0 Degree,17 Times,
831,3714638,70B3D50070001777,1616114375277,FES Receiver,2021-03-19 01:39:35.076955,"['SS', 'Standalone', 'version_184']",70001777,SENS_EVENT_MEASURE,74 cm,3570 mV,8 C,0 Degree,19 Times,
830,3715074,70B3D50070001777,1616117975162,FES Receiver,2021-03-19 02:39:34.970148,"['SS', 'Standalone', 'version_184']",70001777,SENS_EVENT_MEASURE,74 cm,3570 mV,8 C,0 Degree,20 Times,
829,3715605,70B3D50070001777,1616125174953,FES Receiver,2021-03-19 04:39:34.808776,"['SS', 'Standalone', 'version_184']",70001777,SENS_EVENT_MEASURE,74 cm,3560 mV,8 C,0 Degree,22 Times,
828,3716012,70B3D50070001777,1616128774857,FES Receiver,2021-03-19 05:39:34.674814,"['SS', 'Standalone', 'version_184']",70001777,SENS_EVENT_MEASURE,72 cm,3560 mV,8 C,0 Degree,23 Times,
827,3716560,70B3D50070001777,1616135974689,FES Receiver,2021-03-19 07:39:34.513894,"['SS', 'Standalone', 'version_184']",70001777,SENS_EVENT_MEASURE,74 cm,3560 mV,5 C,0 Degree,25 Times,
826,3717198,70B3D50070001777,1616146774388,FES Receiver,2021-03-19 10:39:34.224932,"['SS', 'Standalone', 'version_184']",70001777,SENS_EVENT_MEASURE,74 cm,3610 mV,18 C,0 Degree,28 Times,
825,3717932,70B3D50070001777,1616157578032,FES Receiver,2021-03-19 13:39:37.882549,"['SS', 'Standalone', 'version_184']",70001777,SENS_EVENT_MEASURE,84 cm,3610 mV,13 C,0 Degree,31 Times,
824,3718337,70B3D50070001777,1616161173772,FES Receiver,2021-03-19 14:39:33.623477,"['SS', 'Standalone', 'version_184']",70001777,SENS_EVENT_MEASURE,70 cm,3600 mV,13 C,0 Degree,32 Times,
823,3718720,70B3D50070001777,1616164773778,FES Receiver,2021-03-19 15:39:33.635319,"['SS', 'Standalone', 'version_184']",70001777,SENS_EVENT_MEASURE,70 cm,3600 mV,12 C,0 Degree,33 Times,
822,3719124,70B3D50070001777,1616168373484,FES Receiver,2021-03-19 16:39:33.34646,"['SS', 'Standalone', 'version_184']",70001777,SENS_EVENT_MEASURE,72 cm,3590 mV,11 C,0 Degree,34 Times,
821,3719522,70B3D50070001777,1616171973553,FES Receiver,2021-03-19 17:39:33.41798,"['SS', 'Standalone', 'version_184']",70001777,SENS_EVENT_MEASURE,70 cm,3580 mV,10 C,0 Degree,35 Times,
820,3720097,70B3D50070001777,1616179175000,FES Receiver,2021-03-19 19:39:35.208546,"['SS', 'Standalone', 'version_184']",70001777,SENS_EVENT_MEASURE,72 cm,3570 mV,8 C,0 Degree,37 Times,
819,3720507,70B3D50070001777,1616182774806,FES Receiver,2021-03-19 20:39:35.019188,"['SS', 'Standalone', 'version_184']",70001777,SENS_EVENT_MEASURE,72 cm,3560 mV,7 C,0 Degree,38 Times,
818,3721025,70B3D50070001777,1616189974886,FES Receiver,2021-03-19 22:39:35.106912,"['SS', 'Standalone', 'version_184']",70001777,SENS_EVENT_MEASURE,68 cm,3550 mV,3 C,1 Degree,40 Times,
817,3721429,70B3D50070001777,1616193574805,FES Receiver,2021-03-19 23:39:35.02942,"['SS', 'Standalone', 'version_184']",70001777,SENS_EVENT_MEASURE,68 cm,3550 mV,4 C,0 Degree,41 Times,
816,3721992,70B3D50070001777,1616200774657,FES Receiver,2021-03-20 01:39:34.889734,"['SS', 'Standalone', 'version_184']",70001777,SENS_EVENT_MEASURE,68 cm,3550 mV,4 C,0 Degree,43 Times,
815,3722412,70B3D50070001777,1616204374603,FES Receiver,2021-03-20 02:39:34.841222,"['SS', 'Standalone', 'version_184']",70001777,SENS_EVENT_MEASURE,68 cm,3550 mV,3 C,1 Degree,44 Times,
814,3722896,70B3D50070001777,1616211574453,FES Receiver,2021-03-20 04:39:34.702105,"['SS', 'Standalone', 'version_184']",70001777,SENS_EVENT_MEASURE,68 cm,3550 mV,5 C,0 Degree,46 Times,
813,3723289,70B3D50070001777,1616215174398,FES Receiver,2021-03-20 05:39:34.650765,"['SS', 'Standalone', 'version_184']",70001777,SENS_EVENT_MEASURE,68 cm,3550 mV,5 C,0 Degree,47 Times,
812,3723868,70B3D50070001777,1616222374270,FES Receiver,2021-03-20 07:39:34.530183,"['SS', 'Standalone', 'version_184']",70001777,SENS_EVENT_MEASURE,68 cm,3550 mV,5 C,0 Degree,49 Times,
811,3724940,70B3D50070001777,1616243981127,FES Receiver,2021-03-20 13:39:41.412455,"['SS', 'Standalone', 'version_184']",70001777,SENS_EVENT_MEASURE,64 cm,3630 mV,18 C,0 Degree,55 Times,
810,3725339,70B3D50070001777,1616247572994,FES Receiver,2021-03-20 14:39:33.28108,"['SS', 'Standalone', 'version_184']",70001777,SENS_EVENT_MEASURE,60 cm,3620 mV,16 C,0 Degree,56 Times,
809,3725842,70B3D50070001777,1616254772706,FES Receiver,2021-03-20 16:39:33.001156,"['SS', 'Standalone', 'version_184']",70001777,SENS_EVENT_MEASURE,62 cm,3600 mV,13 C,0 Degree,58 Times,
808,3726238,70B3D50070001777,1616258372814,FES Receiver,2021-03-20 17:39:33.113767,"['SS', 'Standalone', 'version_184']",70001777,SENS_EVENT_MEASURE,56 cm,3600 mV,12 C,0 Degree,59 Times,
807,3726782,70B3D50070001777,1616265574125,FES Receiver,2021-03-20 19:39:34.328018,"['SS', 'Standalone', 'version_184']",70001777,SENS_EVENT_MEASURE,56 cm,3580 mV,9 C,0 Degree,61 Times,
806,3727164,70B3D50070001777,1616269174037,FES Receiver,2021-03-20 20:39:34.244392,"['SS', 'Standalone', 'version_184']",70001777,SENS_EVENT_MEASURE,62 cm,3580 mV,9 C,0 Degree,62 Times,
805,3727668,70B3D50070001777,1616276373824,FES Receiver,2021-03-20 22:39:34.03937,"['SS', 'Standalone', 'version_184']",70001777,SENS_EVENT_MEASURE,62 cm,3580 mV,9 C,0 Degree,64 Times,
804,3728049,70B3D50070001777,1616279973730,FES Receiver,2021-03-20 23:39:33.950844,"['SS', 'Standalone', 'version_184']",70001777,SENS_EVENT_MEASURE,62 cm,3580 mV,8 C,0 Degree,65 Times,
803,3728611,70B3D50070001777,1616287173524,FES Receiver,2021-03-21 01:39:33.751202,"['SS', 'Standalone', 'version_184']",70001777,SENS_EVENT_MEASURE,62 cm,3580 mV,10 C,0 Degree,67 Times,
802,3729013,70B3D50070001777,1616290773415,FES Receiver,2021-03-21 02:39:33.648447,"['SS', 'Standalone', 'version_184']",70001777,SENS_EVENT_MEASURE,62 cm,3580 mV,8 C,0 Degree,68 Times,
801,3729441,70B3D50070001777,1616294373333,FES Receiver,2021-03-21 03:39:33.5689,"['SS', 'Standalone', 'version_184']",70001777,SENS_EVENT_MEASURE,62 cm,3580 mV,9 C,0 Degree,69 Times,
800,3729856,70B3D50070001777,1616297973206,FES Receiver,2021-03-21 04:39:33.44745,"['SS', 'Standalone', 'version_184']",70001777,SENS_EVENT_MEASURE,62 cm,3550 mV,9 C,0 Degree,70 Times,
799,3730831,70B3D50070001777,1616308772935,FES Receiver,2021-03-21 07:39:33.189299,"['SS', 'Standalone', 'version_184']",70001777,SENS_EVENT_MEASURE,60 cm,3580 mV,8 C,0 Degree,73 Times,
798,3731435,70B3D50070001777,1616319572513,FES Receiver,2021-03-21 10:39:32.779058,"['SS', 'Standalone', 'version_184']",70001777,SENS_EVENT_MEASURE,60 cm,3600 mV,13 C,0 Degree,76 Times,
797,3731937,70B3D50070001777,1616326772225,FES Receiver,2021-03-21 12:39:32.498723,"['SS', 'Standalone', 'version_184']",70001777,SENS_EVENT_MEASURE,52 cm,3610 mV,17 C,0 Degree,78 Times,
796,3732159,70B3D50070001777,1616330378051,FES Receiver,2021-03-21 13:39:38.330593,"['SS', 'Standalone', 'version_184']",70001777,SENS_EVENT_MEASURE,52 cm,3610 mV,17 C,0 Degree,79 Times,
795,3732557,70B3D50070001777,1616333971897,FES Receiver,2021-03-21 14:39:32.178096,"['SS', 'Standalone', 'version_184']",70001777,SENS_EVENT_MEASURE,52 cm,3610 mV,18 C,0 Degree,80 Times,
794,3733064,70B3D50070001777,1616341171590,FES Receiver,2021-03-21 16:39:31.87848,"['SS', 'Standalone', 'version_184']",70001777,SENS_EVENT_MEASURE,56 cm,3600 mV,13 C,0 Degree,82 Times,
793,3733486,70B3D50070001777,1616344771463,FES Receiver,2021-03-21 17:39:31.755709,"['SS', 'Standalone', 'version_184']",70001777,SENS_EVENT_MEASURE,56 cm,3600 mV,13 C,0 Degree,83 Times,
792,3734051,70B3D50070001777,1616351972957,FES Receiver,2021-03-21 19:39:33.166809,"['SS', 'Standalone', 'version_184']",70001777,SENS_EVENT_MEASURE,58 cm,3590 mV,10 C,0 Degree,85 Times,
791,3734449,70B3D50070001777,1616355572863,FES Receiver,2021-03-21 20:39:33.076518,"['SS', 'Standalone', 'version_184']",70001777,SENS_EVENT_MEASURE,48 cm,3580 mV,9 C,1 Degree,86 Times,
790,3734953,70B3D50070001777,1616362772656,FES Receiver,2021-03-21 22:39:32.875896,"['SS', 'Standalone', 'version_184']",70001777,SENS_EVENT_MEASURE,48 cm,3580 mV,8 C,0 Degree,88 Times,
789,3735351,70B3D50070001777,1616366372542,FES Receiver,2021-03-21 23:39:32.765838,"['SS', 'Standalone', 'version_184']",70001777,SENS_EVENT_MEASURE,50 cm,3580 mV,11 C,0 Degree,89 Times,
788,3735909,70B3D50070001777,1616373572314,FES Receiver,2021-03-22 01:39:32.545266,"['SS', 'Standalone', 'version_184']",70001777,SENS_EVENT_MEASURE,48 cm,3580 mV,10 C,0 Degree,91 Times,
787,3736277,70B3D50070001777,1616377172199,FES Receiver,2021-03-22 02:39:32.435958,"['SS', 'Standalone', 'version_184']",70001777,SENS_EVENT_MEASURE,56 cm,3580 mV,8 C,0 Degree,92 Times,
786,3736771,70B3D50070001777,1616384372010,FES Receiver,2021-03-22 04:39:32.26069,"['SS', 'Standalone', 'version_184']",70001777,SENS_EVENT_MEASURE,48 cm,3580 mV,8 C,0 Degree,94 Times,
785,3737706,70B3D50070001777,1616395171867,FES Receiver,2021-03-22 07:39:32.125574,"['SS', 'Standalone', 'version_184']",70001777,SENS_EVENT_MEASURE,48 cm,3580 mV,10 C,1 Degree,97 Times,
784,3738372,70B3D50070001777,1616405971305,FES Receiver,2021-03-22 10:39:31.575607,"['SS', 'Standalone', 'version_184']",70001777,SENS_EVENT_MEASURE,52 cm,3590 mV,13 C,0 Degree,100 Times,
783,3738808,70B3D50070001777,1616416770843,FES Receiver,2021-03-22 13:39:31.127956,"['SS', 'Standalone', 'version_184']",70001777,SENS_EVENT_MEASURE,48 cm,3610 mV,14 C,1 Degree,103 Times,
782,3739209,70B3D50070001777,1616420370689,FES Receiver,2021-03-22 14:39:30.974961,"['SS', 'Standalone', 'version_184']",70001777,SENS_EVENT_MEASURE,48 cm,3610 mV,15 C,0 Degree,104 Times,
781,3741566,70B3D50070001777,1616449171425,FES Receiver,2021-03-22 22:39:31.648247,"['SS', 'Standalone', 'version_184']",70001777,SENS_EVENT_MEASURE,40 cm,3590 mV,11 C,0 Degree,112 Times,
780,3741957,70B3D50070001777,1616452771311,FES Receiver,2021-03-22 23:39:31.538047,"['SS', 'Standalone', 'version_184']",70001777,SENS_EVENT_MEASURE,40 cm,3590 mV,10 C,0 Degree,113 Times,
779,3742525,70B3D50070001777,1616459971083,FES Receiver,2021-03-23 01:39:31.318146,"['SS', 'Standalone', 'version_184']",70001777,SENS_EVENT_MEASURE,40 cm,3580 mV,9 C,0 Degree,115 Times,
778,3742906,70B3D50070001777,1616463570969,FES Receiver,2021-03-23 02:39:31.207662,"['SS', 'Standalone', 'version_184']",70001777,SENS_EVENT_MEASURE,40 cm,3580 mV,9 C,0 Degree,116 Times,
777,3743376,70B3D50070001777,1616470770739,FES Receiver,2021-03-23 04:39:30.987353,"['SS', 'Standalone', 'version_184']",70001777,SENS_EVENT_MEASURE,40 cm,3580 mV,10 C,0 Degree,118 Times,
776,3743767,70B3D50070001777,1616474370624,FES Receiver,2021-03-23 05:39:30.878665,"['SS', 'Standalone', 'version_184']",70001777,SENS_EVENT_MEASURE,40 cm,3580 mV,11 C,0 Degree,119 Times,
775,3744311,70B3D50070001777,1616481570396,FES Receiver,2021-03-23 07:39:30.656253,"['SS', 'Standalone', 'version_184']",70001777,SENS_EVENT_MEASURE,40 cm,3580 mV,12 C,1 Degree,121 Times,
774,3745026,70B3D50070001777,1616492370034,FES Receiver,2021-03-23 10:39:30.306512,"['SS', 'Standalone', 'version_184']",70001777,SENS_EVENT_MEASURE,36 cm,3600 mV,13 C,0 Degree,124 Times,
773,3745477,70B3D50070001777,1616503169592,FES Receiver,2021-03-23 13:39:29.879449,"['SS', 'Standalone', 'version_184']",70001777,SENS_EVENT_MEASURE,34 cm,3610 mV,15 C,0 Degree,127 Times,
772,3745874,70B3D50070001777,1616506769438,FES Receiver,2021-03-23 14:39:29.7271,"['SS', 'Standalone', 'version_184']",70001777,SENS_EVENT_MEASURE,30 cm,3610 mV,16 C,1 Degree,128 Times,
771,3746387,70B3D50070001777,1616513969131,FES Receiver,2021-03-23 16:39:29.428191,"['SS', 'Standalone', 'version_184']",70001777,SENS_EVENT_MEASURE,32 cm,3610 mV,16 C,0 Degree,130 Times,
770,3747421,70B3D50070001777,1616528370368,FES Receiver,2021-03-23 20:39:30.579049,"['SS', 'Standalone', 'version_184']",70001777,SENS_EVENT_MEASURE,28 cm,3590 mV,11 C,0 Degree,134 Times,
769,3747953,70B3D50070001777,1616535570140,FES Receiver,2021-03-23 22:39:30.358922,"['SS', 'Standalone', 'version_184']",70001777,SENS_EVENT_MEASURE,28 cm,3580 mV,9 C,0 Degree,136 Times,
768,3748999,70B3D50070001777,1616549969764,FES Receiver,2021-03-24 02:39:29.998263,"['SS', 'Standalone', 'version_184']",70001777,SENS_EVENT_MEASURE,28 cm,3560 mV,10 C,1 Degree,140 Times,
767,3749550,70B3D50070001777,1616557169594,FES Receiver,2021-03-24 04:39:29.838226,"['SS', 'Standalone', 'version_184']",70001777,SENS_EVENT_MEASURE,28 cm,3560 mV,7 C,0 Degree,142 Times,
766,3750175,70B3D50070001777,1616567969351,FES Receiver,2021-03-24 07:39:29.612587,"['SS', 'Standalone', 'version_184']",70001777,SENS_EVENT_MEASURE,28 cm,3560 mV,7 C,0 Degree,145 Times,
765,3750738,70B3D50070001777,1616575169084,FES Receiver,2021-03-24 09:39:29.349023,"['SS', 'Standalone', 'version_184']",70001777,SENS_EVENT_MEASURE,30 cm,3610 mV,18 C,0 Degree,147 Times,
764,3751614,70B3D50070001777,1616589568349,FES Receiver,2021-03-24 13:39:28.634147,"['SS', 'Standalone', 'version_184']",70001777,SENS_EVENT_MEASURE,28 cm,3640 mV,20 C,0 Degree,151 Times,
763,3752032,70B3D50070001777,1616593168194,FES Receiver,2021-03-24 14:39:28.478936,"['SS', 'Standalone', 'version_184']",70001777,SENS_EVENT_MEASURE,26 cm,3620 mV,18 C,0 Degree,152 Times,
762,3752834,70B3D50070001777,1616600367870,FES Receiver,2021-03-24 16:39:28.163617,"['SS', 'Standalone', 'version_184']",70001777,SENS_EVENT_MEASURE,28 cm,3610 mV,17 C,0 Degree,154 Times,
761,3753259,70B3D50070001777,1616603967712,FES Receiver,2021-03-24 17:39:28.008877,"['SS', 'Standalone', 'version_184']",70001777,SENS_EVENT_MEASURE,28 cm,3610 mV,15 C,0 Degree,155 Times,
760,3753617,70B3D50070001777,1616611169206,FES Receiver,2021-03-24 19:39:29.412104,"['SS', 'Standalone', 'version_184']",70001777,SENS_EVENT_MEASURE,28 cm,3600 mV,13 C,0 Degree,157 Times,
759,3754013,70B3D50070001777,1616614769072,FES Receiver,2021-03-24 20:39:29.282023,"['SS', 'Standalone', 'version_184']",70001777,SENS_EVENT_MEASURE,28 cm,3600 mV,12 C,0 Degree,158 Times,
758,3754418,70B3D50070001777,1616618368938,FES Receiver,2021-03-24 21:39:29.152284,"['SS', 'Standalone', 'version_184']",70001777,SENS_EVENT_MEASURE,28 cm,3590 mV,12 C,0 Degree,159 Times,
757,3754826,70B3D50070001777,1616621968804,FES Receiver,2021-03-24 22:39:29.020966,"['SS', 'Standalone', 'version_184']",70001777,SENS_EVENT_MEASURE,28 cm,3590 mV,11 C,0 Degree,160 Times,
756,3755229,70B3D50070001777,1616625568689,FES Receiver,2021-03-24 23:39:28.911103,"['SS', 'Standalone', 'version_184']",70001777,SENS_EVENT_MEASURE,28 cm,3590 mV,10 C,1 Degree,161 Times,
755,3755546,70B3D50070001777,1616632768461,FES Receiver,2021-03-25 01:39:28.689873,"['SS', 'Standalone', 'version_184']",70001777,SENS_EVENT_MEASURE,28 cm,3580 mV,10 C,0 Degree,163 Times,
754,3755963,70B3D50070001777,1616636368346,FES Receiver,2021-03-25 02:39:28.580391,"['SS', 'Standalone', 'version_184']",70001777,SENS_EVENT_MEASURE,28 cm,3580 mV,10 C,0 Degree,164 Times,
753,3756401,70B3D50070001777,1616639968251,FES Receiver,2021-03-25 03:39:28.490385,"['SS', 'Standalone', 'version_184']",70001777,SENS_EVENT_MEASURE,28 cm,3570 mV,9 C,0 Degree,165 Times,
752,3756816,70B3D50070001777,1616643568136,FES Receiver,2021-03-25 04:39:28.380197,"['SS', 'Standalone', 'version_184']",70001777,SENS_EVENT_MEASURE,28 cm,3570 mV,9 C,0 Degree,166 Times,
751,3757216,70B3D50070001777,1616647168041,FES Receiver,2021-03-25 05:39:28.288559,"['SS', 'Standalone', 'version_184']",70001777,SENS_EVENT_MEASURE,28 cm,3570 mV,9 C,0 Degree,167 Times,
750,3758112,70B3D50070001777,1616661547564,FES Receiver,2021-03-25 09:39:07.830975,"['SS', 'Standalone', 'version_184']",70001777,SENS_EVENT_MEASURE,26 cm,3610 mV,17 C,1 Degree,171 Times,
749,3758530,70B3D50070001777,1616665147390,FES Receiver,2021-03-25 10:39:07.660952,"['SS', 'Standalone', 'version_184']",70001777,SENS_EVENT_MEASURE,26 cm,3630 mV,24 C,0 Degree,172 Times,
748,3758986,70B3D50070001777,1616675946847,FES Receiver,2021-03-25 13:39:07.130827,"['SS', 'Standalone', 'version_184']",70001777,SENS_EVENT_MEASURE,18 cm,3630 mV,23 C,0 Degree,175 Times,
747,3759372,70B3D50070001777,1616679546673,FES Receiver,2021-03-25 14:39:06.961609,"['SS', 'Standalone', 'version_184']",70001777,SENS_EVENT_MEASURE,20 cm,3630 mV,19 C,0 Degree,176 Times,
746,3759768,70B3D50070001777,1616683146499,FES Receiver,2021-03-25 15:39:06.790257,"['SS', 'Standalone', 'version_184']",70001777,SENS_EVENT_MEASURE,12 cm,3620 mV,19 C,0 Degree,177 Times,
745,3760174,70B3D50070001777,1616686746325,FES Receiver,2021-03-25 16:39:06.620762,"['SS', 'Standalone', 'version_184']",70001777,SENS_EVENT_MEASURE,12 cm,3620 mV,18 C,0 Degree,178 Times,
744,3760581,70B3D50070001777,1616690346150,FES Receiver,2021-03-25 17:39:06.450052,"['SS', 'Standalone', 'version_184']",70001777,SENS_EVENT_MEASURE,12 cm,3620 mV,17 C,0 Degree,179 Times,
743,3761374,70B3D50070001777,1616701147468,FES Receiver,2021-03-25 20:39:07.680095,"['SS', 'Standalone', 'version_184']",70001777,SENS_EVENT_MEASURE,18 cm,3610 mV,14 C,0 Degree,182 Times,
742,3761784,70B3D50070001777,1616704747322,FES Receiver,2021-03-25 21:39:07.536158,"['SS', 'Standalone', 'version_184']",70001777,SENS_EVENT_MEASURE,20 cm,3600 mV,14 C,0 Degree,183 Times,
741,3762197,70B3D50070001777,1616708347181,FES Receiver,2021-03-25 22:39:07.39896,"['SS', 'Standalone', 'version_184']",70001777,SENS_EVENT_MEASURE,20 cm,3600 mV,13 C,0 Degree,184 Times,
740,3762611,70B3D50070001777,1616711947046,FES Receiver,2021-03-25 23:39:07.268749,"['SS', 'Standalone', 'version_184']",70001777,SENS_EVENT_MEASURE,20 cm,3600 mV,12 C,0 Degree,185 Times,
739,3763136,70B3D50070001777,1616719146798,FES Receiver,2021-03-26 01:39:07.032511,"['SS', 'Standalone', 'version_184']",70001777,SENS_EVENT_MEASURE,20 cm,3600 mV,13 C,1 Degree,187 Times,
738,3763542,70B3D50070001777,1616722746729,FES Receiver,2021-03-26 02:39:06.96586,"['SS', 'Standalone', 'version_184']",70001777,SENS_EVENT_MEASURE,20 cm,3580 mV,12 C,0 Degree,188 Times,
737,3763952,70B3D50070001777,1616726346588,FES Receiver,2021-03-26 03:39:06.828026,"['SS', 'Standalone', 'version_184']",70001777,SENS_EVENT_MEASURE,20 cm,3590 mV,13 C,0 Degree,189 Times,
736,3764777,70B3D50070001777,1616733546318,FES Receiver,2021-03-26 05:39:06.567655,"['SS', 'Standalone', 'version_184']",70001777,SENS_EVENT_MEASURE,20 cm,3590 mV,13 C,0 Degree,191 Times,
735,3765130,70B3D50070001777,1616740746070,FES Receiver,2021-03-26 07:39:06.327299,"['SS', 'Standalone', 'version_184']",70001777,SENS_EVENT_MEASURE,20 cm,3590 mV,11 C,0 Degree,193 Times,
734,3766171,70B3D50070001777,1616751545568,FES Receiver,2021-03-26 10:39:05.842894,"['SS', 'Standalone', 'version_184']",70001777,SENS_EVENT_MEASURE,122 cm,3630 mV,29 C,1 Degree,196 Times,
733,3766644,70B3D50070001777,1616762345044,FES Receiver,2021-03-26 13:39:05.326673,"['SS', 'Standalone', 'version_184']",70001777,SENS_EVENT_MEASURE,124 cm,3640 mV,27 C,0 Degree,199 Times,
732,3767036,70B3D50070001777,1616765944850,FES Receiver,2021-03-26 14:39:05.139515,"['SS', 'Standalone', 'version_184']",70001777,SENS_EVENT_MEASURE,122 cm,3630 mV,18 C,0 Degree,200 Times,
731,3767449,70B3D50070001777,1616769544756,FES Receiver,2021-03-26 15:39:05.046643,"['SS', 'Standalone', 'version_184']",70001777,SENS_EVENT_MEASURE,122 cm,3620 mV,17 C,1 Degree,201 Times,
730,3767868,70B3D50070001777,1616773144664,FES Receiver,2021-03-26 16:39:04.958677,"['SS', 'Standalone', 'version_184']",70001777,SENS_EVENT_MEASURE,122 cm,3620 mV,16 C,1 Degree,202 Times,
729,3768263,70B3D50070001777,1616776744488,FES Receiver,2021-03-26 17:39:04.785872,"['SS', 'Standalone', 'version_184']",70001777,SENS_EVENT_MEASURE,122 cm,3620 mV,18 C,0 Degree,203 Times,
728,3768642,70B3D50070001777,1616783945900,FES Receiver,2021-03-26 19:39:06.117597,"['SS', 'Standalone', 'version_184']",70001777,SENS_EVENT_MEASURE,122 cm,3610 mV,17 C,0 Degree,205 Times,
727,3769062,70B3D50070001777,1616787545746,FES Receiver,2021-03-26 20:39:05.967389,"['SS', 'Standalone', 'version_184']",70001777,SENS_EVENT_MEASURE,122 cm,3610 mV,17 C,1 Degree,206 Times,
726,3769473,70B3D50070001777,1616791145532,FES Receiver,2021-03-26 21:39:05.756776,"['SS', 'Standalone', 'version_184']",70001777,SENS_EVENT_MEASURE,122 cm,3610 mV,16 C,0 Degree,207 Times,
725,3769895,70B3D50070001777,1616794745504,FES Receiver,2021-03-26 22:39:05.733503,"['SS', 'Standalone', 'version_184']",70001777,SENS_EVENT_MEASURE,122 cm,3600 mV,14 C,0 Degree,208 Times,
724,3770308,70B3D50070001777,1616798345364,FES Receiver,2021-03-26 23:39:05.596353,"['SS', 'Standalone', 'version_184']",70001777,SENS_EVENT_MEASURE,122 cm,3600 mV,12 C,0 Degree,209 Times,
723,3770707,70B3D50070001777,1616805544943,FES Receiver,2021-03-27 01:39:05.182724,"['SS', 'Standalone', 'version_184']",70001777,SENS_EVENT_MEASURE,128 cm,3600 mV,13 C,0 Degree,211 Times,
722,3771137,70B3D50070001777,1616809144828,FES Receiver,2021-03-27 02:39:05.074386,"['SS', 'Standalone', 'version_184']",70001777,SENS_EVENT_MEASURE,128 cm,3600 mV,13 C,0 Degree,212 Times,
721,3771538,70B3D50070001777,1616812744672,FES Receiver,2021-03-27 03:39:04.921677,"['SS', 'Standalone', 'version_184']",70001777,SENS_EVENT_MEASURE,128 cm,3600 mV,13 C,0 Degree,213 Times,
720,3771947,70B3D50070001777,1616816344531,FES Receiver,2021-03-27 04:39:05.567253,"['SS', 'Standalone', 'version_184']",70001777,SENS_EVENT_MEASURE,128 cm,3600 mV,13 C,0 Degree,214 Times,
719,3772709,70B3D50070001777,1616827144148,FES Receiver,2021-03-27 07:39:04.413367,"['SS', 'Standalone', 'version_184']",70001777,SENS_EVENT_MEASURE,128 cm,3590 mV,12 C,1 Degree,217 Times,
718,3773277,70B3D50070001777,1616834343860,FES Receiver,2021-03-27 09:39:04.133501,"['SS', 'Standalone', 'version_184']",70001777,SENS_EVENT_MEASURE,122 cm,3600 mV,13 C,0 Degree,219 Times,
717,3773680,70B3D50070001777,1616837943846,FES Receiver,2021-03-27 10:39:04.123088,"['SS', 'Standalone', 'version_184']",70001777,SENS_EVENT_MEASURE,122 cm,3600 mV,13 C,0 Degree,220 Times,
716,3774121,70B3D50070001777,1616848743244,FES Receiver,2021-03-27 13:39:03.531515,"['SS', 'Standalone', 'version_184']",70001777,SENS_EVENT_MEASURE,118 cm,3620 mV,18 C,0 Degree,223 Times,
715,3774508,70B3D50070001777,1616852343230,FES Receiver,2021-03-27 14:39:03.524832,"['SS', 'Standalone', 'version_184']",70001777,SENS_EVENT_MEASURE,116 cm,3610 mV,15 C,1 Degree,224 Times,
714,3775337,70B3D50070001777,1616859542983,FES Receiver,2021-03-27 16:39:03.281289,"['SS', 'Standalone', 'version_184']",70001777,SENS_EVENT_MEASURE,112 cm,3590 mV,13 C,1 Degree,226 Times,
713,3775758,70B3D50070001777,1616863142848,FES Receiver,2021-03-27 17:39:03.152178,"['SS', 'Standalone', 'version_184']",70001777,SENS_EVENT_MEASURE,116 cm,3590 mV,12 C,0 Degree,227 Times,
712,3776329,70B3D50070001777,1616870344379,FES Receiver,2021-03-27 19:39:04.588781,"['SS', 'Standalone', 'version_184']",70001777,SENS_EVENT_MEASURE,110 cm,3580 mV,11 C,0 Degree,229 Times,
711,3777085,70B3D50070001777,1616877544151,FES Receiver,2021-03-27 21:39:04.368808,"['SS', 'Standalone', 'version_184']",70001777,SENS_EVENT_MEASURE,110 cm,3570 mV,9 C,0 Degree,231 Times,
710,3777482,70B3D50070001777,1616881144057,FES Receiver,2021-03-27 22:39:04.279388,"['SS', 'Standalone', 'version_184']",70001777,SENS_EVENT_MEASURE,110 cm,3570 mV,10 C,0 Degree,232 Times,
709,3778385,70B3D50070001777,1616891943756,FES Receiver,2021-03-28 01:39:03.989756,"['SS', 'Standalone', 'version_184']",70001777,SENS_EVENT_MEASURE,110 cm,3570 mV,10 C,0 Degree,235 Times,
708,3778791,70B3D50070001777,1616895543661,FES Receiver,2021-03-28 03:39:03.897683,"['SS', 'Standalone', 'version_184']",70001777,SENS_EVENT_MEASURE,110 cm,3570 mV,10 C,0 Degree,236 Times,
707,3779202,70B3D50070001777,1616899143546,FES Receiver,2021-03-28 04:39:03.789045,"['SS', 'Standalone', 'version_184']",70001777,SENS_EVENT_MEASURE,110 cm,3580 mV,9 C,0 Degree,237 Times,
706,3779604,70B3D50070001777,1616902743432,FES Receiver,2021-03-28 05:39:03.679324,"['SS', 'Standalone', 'version_184']",70001777,SENS_EVENT_MEASURE,110 cm,3570 mV,9 C,0 Degree,238 Times,
705,3779988,70B3D50070001777,1616906343317,FES Receiver,2021-03-28 06:39:03.566147,"['SS', 'Standalone', 'version_184']",70001777,SENS_EVENT_MEASURE,110 cm,3580 mV,10 C,0 Degree,239 Times,
704,3780337,70B3D50070001777,1616913543089,FES Receiver,2021-03-28 08:39:03.346174,"['SS', 'Standalone', 'version_184']",70001777,SENS_EVENT_MEASURE,110 cm,3580 mV,10 C,1 Degree,241 Times,
703,3780905,70B3D50070001777,1616920742608,FES Receiver,2021-03-28 10:39:02.874217,"['SS', 'Standalone', 'version_184']",70001777,SENS_EVENT_MEASURE,108 cm,3610 mV,19 C,0 Degree,243 Times,
702,3781775,70B3D50070001777,1616935141913,FES Receiver,2021-03-28 14:39:02.193736,"['SS', 'Standalone', 'version_184']",70001777,SENS_EVENT_MEASURE,110 cm,3620 mV,20 C,0 Degree,247 Times,
701,3782170,70B3D50070001777,1616938741772,FES Receiver,2021-03-28 15:39:02.057606,"['SS', 'Standalone', 'version_184']",70001777,SENS_EVENT_MEASURE,110 cm,3620 mV,18 C,0 Degree,248 Times,
700,3782575,70B3D50070001777,1616942341584,FES Receiver,2021-03-28 16:39:01.876606,"['SS', 'Standalone', 'version_184']",70001777,SENS_EVENT_MEASURE,110 cm,3620 mV,18 C,1 Degree,249 Times,
699,3782979,70B3D50070001777,1616945941584,FES Receiver,2021-03-28 17:39:01.873624,"['SS', 'Standalone', 'version_184']",70001777,SENS_EVENT_MEASURE,108 cm,3620 mV,18 C,0 Degree,250 Times,
698,3783386,70B3D50070001777,1616949541410,FES Receiver,2021-03-28 18:39:01.703555,"['SS', 'Standalone', 'version_184']",70001777,SENS_EVENT_MEASURE,108 cm,3620 mV,16 C,1 Degree,251 Times,
697,3784558,70B3D50070001777,1616963942441,FES Receiver,2021-03-28 22:39:02.656194,"['SS', 'Standalone', 'version_184']",70001777,SENS_EVENT_MEASURE,104 cm,3600 mV,12 C,1 Degree,255 Times,
696,3784963,70B3D50070001777,1616967542387,FES Receiver,2021-03-28 23:39:02.606333,"['SS', 'Standalone', 'version_184']",70001777,SENS_EVENT_MEASURE,104 cm,3600 mV,14 C,0 Degree,0 Times,
695,3785358,70B3D50070001777,1616971142293,FES Receiver,2021-03-29 00:39:02.515289,"['SS', 'Standalone', 'version_184']",70001777,SENS_EVENT_MEASURE,104 cm,3590 mV,12 C,0 Degree,1 Times,
694,3785722,70B3D50070001777,1616978342026,FES Receiver,2021-03-29 02:39:02.256001,"['SS', 'Standalone', 'version_184']",70001777,SENS_EVENT_MEASURE,104 cm,3590 mV,13 C,0 Degree,3 Times,
693,3786112,70B3D50070001777,1616981941899,FES Receiver,2021-03-29 03:39:02.133358,"['SS', 'Standalone', 'version_184']",70001777,SENS_EVENT_MEASURE,104 cm,3590 mV,12 C,1 Degree,4 Times,
692,3786512,70B3D50070001777,1616985541776,FES Receiver,2021-03-29 04:39:02.015973,"['SS', 'Standalone', 'version_184']",70001777,SENS_EVENT_MEASURE,104 cm,3590 mV,11 C,0 Degree,5 Times,
691,3786917,70B3D50070001777,1616989141662,FES Receiver,2021-03-29 05:39:01.906394,"['SS', 'Standalone', 'version_184']",70001777,SENS_EVENT_MEASURE,104 cm,3590 mV,11 C,1 Degree,6 Times,
690,3787329,70B3D50070001777,1616992741526,FES Receiver,2021-03-29 06:39:01.773341,"['SS', 'Standalone', 'version_184']",70001777,SENS_EVENT_MEASURE,104 cm,3590 mV,12 C,0 Degree,7 Times,
689,3788255,70B3D50070001777,1617003541065,FES Receiver,2021-03-29 09:39:01.327175,"['SS', 'Standalone', 'version_184']",70001777,SENS_EVENT_MEASURE,104 cm,3610 mV,17 C,0 Degree,10 Times,
688,3788632,70B3D50070001777,1617007140678,FES Receiver,2021-03-29 10:39:00.941682,"['SS', 'Standalone', 'version_184']",70001777,SENS_EVENT_MEASURE,102 cm,3630 mV,23 C,0 Degree,11 Times,
687,3789025,70B3D50070001777,1617010740524,FES Receiver,2021-03-29 11:39:00.789408,"['SS', 'Standalone', 'version_184']",70001777,SENS_EVENT_MEASURE,102 cm,3640 mV,32 C,0 Degree,12 Times,
686,3789443,70B3D50070001777,1617021540015,FES Receiver,2021-03-29 14:39:00.291524,"['SS', 'Standalone', 'version_184']",70001777,SENS_EVENT_MEASURE,102 cm,3640 mV,25 C,0 Degree,15 Times,
685,3789842,70B3D50070001777,1617025139801,FES Receiver,2021-03-29 15:39:00.086142,"['SS', 'Standalone', 'version_184']",70001777,SENS_EVENT_MEASURE,98 cm,3630 mV,24 C,1 Degree,16 Times,
684,3790232,70B3D50070001777,1617028739627,FES Receiver,2021-03-29 16:38:59.914054,"['SS', 'Standalone', 'version_184']",70001777,SENS_EVENT_MEASURE,96 cm,3630 mV,20 C,0 Degree,17 Times,
683,3791039,70B3D50070001777,1617035939266,FES Receiver,2021-03-29 18:38:59.557251,"['SS', 'Standalone', 'version_184']",70001777,SENS_EVENT_MEASURE,92 cm,3630 mV,20 C,0 Degree,19 Times,
682,3791778,70B3D50070001777,1617046740692,FES Receiver,2021-03-29 21:39:00.907095,"['SS', 'Standalone', 'version_184']",70001777,SENS_EVENT_MEASURE,98 cm,3610 mV,17 C,0 Degree,22 Times,
681,3792180,70B3D50070001777,1617050340558,FES Receiver,2021-03-29 22:39:00.777042,"['SS', 'Standalone', 'version_184']",70001777,SENS_EVENT_MEASURE,98 cm,3610 mV,16 C,1 Degree,23 Times,
680,3792616,70B3D50070001777,1617053940446,FES Receiver,2021-03-29 23:39:00.668284,"['SS', 'Standalone', 'version_184']",70001777,SENS_EVENT_MEASURE,98 cm,3600 mV,14 C,0 Degree,24 Times,
679,3793023,70B3D50070001777,1617057540310,FES Receiver,2021-03-30 00:39:00.540775,"['SS', 'Standalone', 'version_184']",70001777,SENS_EVENT_MEASURE,92 cm,3600 mV,15 C,1 Degree,25 Times,
678,3793569,70B3D50070001777,1617064740082,FES Receiver,2021-03-30 02:39:00.315671,"['SS', 'Standalone', 'version_184']",70001777,SENS_EVENT_MEASURE,92 cm,3590 mV,12 C,0 Degree,27 Times,
677,3794016,70B3D50070001777,1617068339955,FES Receiver,2021-03-30 03:39:00.192575,"['SS', 'Standalone', 'version_184']",70001777,SENS_EVENT_MEASURE,92 cm,3590 mV,12 C,0 Degree,28 Times,
676,3794437,70B3D50070001777,1617071939840,FES Receiver,2021-03-30 04:39:00.081539,"['SS', 'Standalone', 'version_184']",70001777,SENS_EVENT_MEASURE,92 cm,3580 mV,12 C,0 Degree,29 Times,
675,3794858,70B3D50070001777,1617075539718,FES Receiver,2021-03-30 05:38:59.96514,"['SS', 'Standalone', 'version_184']",70001777,SENS_EVENT_MEASURE,92 cm,3580 mV,11 C,1 Degree,30 Times,
674,3795274,70B3D50070001777,1617079139603,FES Receiver,2021-03-30 06:38:59.852785,"['SS', 'Standalone', 'version_184']",70001777,SENS_EVENT_MEASURE,90 cm,3580 mV,10 C,0 Degree,31 Times,
673,3795824,70B3D50070001777,1617086339376,FES Receiver,2021-03-30 08:38:59.634205,"['SS', 'Standalone', 'version_184']",70001777,SENS_EVENT_MEASURE,90 cm,3580 mV,12 C,0 Degree,33 Times,
672,3796662,70B3D50070001777,1617093538807,FES Receiver,2021-03-30 10:38:59.072272,"['SS', 'Standalone', 'version_184']",70001777,SENS_EVENT_MEASURE,92 cm,3630 mV,30 C,0 Degree,35 Times,
671,3797176,70B3D50070001777,1617097138637,FES Receiver,2021-03-30 11:38:58.905066,"['SS', 'Standalone', 'version_184']",70001777,SENS_EVENT_MEASURE,76 cm,3640 mV,38 C,0 Degree,36 Times,
670,3797724,70B3D50070001777,1617108810573,FES Receiver,2021-03-30 14:53:30.856387,"['SS', 'Standalone', 'version_184']",70001777,SENS_EVENT_MEASURE,94 cm,3640 mV,30 C,1 Degree,1 Times,
669,3798145,70B3D50070001777,1617112401879,FES Receiver,2021-03-30 15:53:22.163985,"['SS', 'Standalone', 'version_184']",70001777,SENS_EVENT_MEASURE,94 cm,3640 mV,23 C,0 Degree,2 Times,
668,3798519,70B3D50070001777,1617116001712,FES Receiver,2021-03-30 16:53:22.002509,"['SS', 'Standalone', 'version_184']",70001777,SENS_EVENT_MEASURE,94 cm,3630 mV,22 C,0 Degree,3 Times,
667,3798910,70B3D50070001777,1617119601697,FES Receiver,2021-03-30 17:53:21.990364,"['SS', 'Standalone', 'version_184']",70001777,SENS_EVENT_MEASURE,94 cm,3630 mV,22 C,0 Degree,4 Times,
666,3799350,70B3D50070001777,1617123201344,FES Receiver,2021-03-30 18:53:21.640022,"['SS', 'Standalone', 'version_184']",70001777,SENS_EVENT_MEASURE,92 cm,3630 mV,19 C,0 Degree,5 Times,
665,3799484,70B3D50070001777,1617126802956,FES Receiver,2021-03-30 19:53:23.160238,"['SS', 'Standalone', 'version_184']",70001777,SENS_EVENT_MEASURE,92 cm,3620 mV,20 C,0 Degree,6 Times,
664,3799916,70B3D50070001777,1617130402942,FES Receiver,2021-03-30 20:53:23.150795,"['SS', 'Standalone', 'version_184']",70001777,SENS_EVENT_MEASURE,92 cm,3620 mV,17 C,0 Degree,7 Times,
663,3800345,70B3D50070001777,1617134002794,FES Receiver,2021-03-30 21:53:23.009208,"['SS', 'Standalone', 'version_184']",70001777,SENS_EVENT_MEASURE,92 cm,3610 mV,14 C,0 Degree,8 Times,
662,3800751,70B3D50070001777,1617137602635,FES Receiver,2021-03-30 22:53:22.850433,"['SS', 'Standalone', 'version_184']",70001777,SENS_EVENT_MEASURE,94 cm,3610 mV,16 C,1 Degree,9 Times,
661,3801162,70B3D50070001777,1617141202518,FES Receiver,2021-03-30 23:53:22.738349,"['SS', 'Standalone', 'version_184']",70001777,SENS_EVENT_MEASURE,96 cm,3610 mV,14 C,0 Degree,10 Times,
660,3801577,70B3D50070001777,1617144802345,FES Receiver,2021-03-31 00:53:22.568372,"['SS', 'Standalone', 'version_184']",70001777,SENS_EVENT_MEASURE,94 cm,3610 mV,14 C,0 Degree,11 Times,
659,3801712,70B3D50070001777,1617148402258,FES Receiver,2021-03-31 01:53:22.482882,"['SS', 'Standalone', 'version_184']",70001777,SENS_EVENT_MEASURE,92 cm,3600 mV,13 C,0 Degree,12 Times,
658,3801857,70B3D50070001777,1617152002118,FES Receiver,2021-03-31 02:53:22.351986,"['SS', 'Standalone', 'version_184']",70001777,SENS_EVENT_MEASURE,82 cm,3600 mV,13 C,0 Degree,13 Times,
657,3802267,70B3D50070001777,1617155601316,FES Receiver,2021-03-31 03:53:21.551326,"['SS', 'Standalone', 'version_184']",70001777,SENS_EVENT_MEASURE,82 cm,3600 mV,13 C,0 Degree,14 Times,
656,3802679,70B3D50070001777,1617159201107,FES Receiver,2021-03-31 04:53:21.346078,"['SS', 'Standalone', 'version_184']",70001777,SENS_EVENT_MEASURE,82 cm,3590 mV,11 C,0 Degree,15 Times,
655,3803101,70B3D50070001777,1617162800973,FES Receiver,2021-03-31 05:53:21.217413,"['SS', 'Standalone', 'version_184']",70001777,SENS_EVENT_MEASURE,82 cm,3590 mV,9 C,0 Degree,16 Times,
654,3803504,70B3D50070001777,1617166400851,FES Receiver,2021-03-31 06:53:21.098707,"['SS', 'Standalone', 'version_184']",70001777,SENS_EVENT_MEASURE,84 cm,3590 mV,10 C,0 Degree,17 Times,
653,3804063,70B3D50070001777,1617173600550,FES Receiver,2021-03-31 08:53:20.80526,"['SS', 'Standalone', 'version_184']",70001777,SENS_EVENT_MEASURE,80 cm,3600 mV,13 C,0 Degree,19 Times,
652,3804628,70B3D50070001777,1617180800098,FES Receiver,2021-03-31 10:53:20.360937,"['SS', 'Standalone', 'version_184']",70001777,SENS_EVENT_MEASURE,84 cm,3640 mV,34 C,0 Degree,21 Times,
651,3805049,70B3D50070001777,1617184399948,FES Receiver,2021-03-31 11:53:20.215042,"['SS', 'Standalone', 'version_184']",70001777,SENS_EVENT_MEASURE,86 cm,3640 mV,42 C,0 Degree,22 Times,
650,3805793,70B3D50070001777,1617195199484,FES Receiver,2021-03-31 14:53:19.766181,"['SS', 'Standalone', 'version_184']",70001777,SENS_EVENT_MEASURE,82 cm,3640 mV,30 C,0 Degree,25 Times,
649,3806227,70B3D50070001777,1617198799252,FES Receiver,2021-03-31 15:53:19.538067,"['SS', 'Standalone', 'version_184']",70001777,SENS_EVENT_MEASURE,78 cm,3640 mV,27 C,0 Degree,26 Times,
648,3806627,70B3D50070001777,1617202378611,FES Receiver,2021-03-31 16:52:58.896819,"['SS', 'Standalone', 'version_184']",70001777,SENS_EVENT_MEASURE,78 cm,3640 mV,23 C,0 Degree,27 Times,
647,3807035,70B3D50070001777,1617205978440,FES Receiver,2021-03-31 17:52:58.72767,"['SS', 'Standalone', 'version_184']",70001777,SENS_EVENT_MEASURE,78 cm,3630 mV,25 C,1 Degree,28 Times,
646,3807490,70B3D50070001777,1617209578309,FES Receiver,2021-03-31 18:52:58.604357,"['SS', 'Standalone', 'version_184']",70001777,SENS_EVENT_MEASURE,74 cm,3630 mV,23 C,0 Degree,29 Times,
645,3807637,70B3D50070001777,1617213179843,FES Receiver,2021-03-31 19:53:00.051693,"['SS', 'Standalone', 'version_184']",70001777,SENS_EVENT_MEASURE,74 cm,3630 mV,22 C,0 Degree,30 Times,
644,3808076,70B3D50070001777,1617216779714,FES Receiver,2021-03-31 20:52:59.927147,"['SS', 'Standalone', 'version_184']",70001777,SENS_EVENT_MEASURE,74 cm,3620 mV,19 C,0 Degree,31 Times,
643,3808518,70B3D50070001777,1617220379501,FES Receiver,2021-03-31 21:52:59.717733,"['SS', 'Standalone', 'version_184']",70001777,SENS_EVENT_MEASURE,74 cm,3620 mV,18 C,0 Degree,32 Times,
642,3808930,70B3D50070001777,1617223979367,FES Receiver,2021-03-31 22:52:59.588841,"['SS', 'Standalone', 'version_184']",70001777,SENS_EVENT_MEASURE,74 cm,3610 mV,17 C,0 Degree,33 Times,
641,3809344,70B3D50070001777,1617227579245,FES Receiver,2021-03-31 23:52:59.472811,"['SS', 'Standalone', 'version_184']",70001777,SENS_EVENT_MEASURE,74 cm,3610 mV,17 C,0 Degree,34 Times,
640,3809758,70B3D50070001777,1617231179097,FES Receiver,2021-04-01 00:52:59.326758,"['SS', 'Standalone', 'version_184']",70001777,SENS_EVENT_MEASURE,74 cm,3610 mV,17 C,0 Degree,35 Times,
639,3809905,70B3D50070001777,1617234778924,FES Receiver,2021-04-01 01:52:59.158275,"['SS', 'Standalone', 'version_184']",70001777,SENS_EVENT_MEASURE,74 cm,3610 mV,15 C,1 Degree,36 Times,
638,3810070,70B3D50070001777,1617238378782,FES Receiver,2021-04-01 02:52:59.019483,"['SS', 'Standalone', 'version_184']",70001777,SENS_EVENT_MEASURE,74 cm,3600 mV,13 C,0 Degree,37 Times,
637,3810491,70B3D50070001777,1617241978628,FES Receiver,2021-04-01 03:52:58.871002,"['SS', 'Standalone', 'version_184']",70001777,SENS_EVENT_MEASURE,74 cm,3600 mV,16 C,0 Degree,38 Times,
636,3810908,70B3D50070001777,1617245578492,FES Receiver,2021-04-01 04:52:58.74408,"['SS', 'Standalone', 'version_184']",70001777,SENS_EVENT_MEASURE,74 cm,3600 mV,12 C,0 Degree,39 Times,
635,3811349,70B3D50070001777,1617249178157,FES Receiver,2021-04-01 05:52:58.411849,"['SS', 'Standalone', 'version_184']",70001777,SENS_EVENT_MEASURE,74 cm,3590 mV,13 C,0 Degree,40 Times,
634,3811781,70B3D50070001777,1617252778022,FES Receiver,2021-04-01 06:52:58.280129,"['SS', 'Standalone', 'version_184']",70001777,SENS_EVENT_MEASURE,74 cm,3590 mV,12 C,0 Degree,41 Times,
633,3812124,70B3D50070001777,1617259977853,FES Receiver,2021-04-01 08:52:58.119969,"['SS', 'Standalone', 'version_184']",70001777,SENS_EVENT_MEASURE,74 cm,3600 mV,12 C,0 Degree,43 Times,
632,3812780,70B3D50070001777,1617267177331,FES Receiver,2021-04-01 10:52:57.6074,"['SS', 'Standalone', 'version_184']",70001777,SENS_EVENT_MEASURE,76 cm,3630 mV,22 C,0 Degree,45 Times,
631,3813238,70B3D50070001777,1617270777190,FES Receiver,2021-04-01 11:52:57.470268,"['SS', 'Standalone', 'version_184']",70001777,SENS_EVENT_MEASURE,76 cm,3640 mV,31 C,0 Degree,46 Times,
630,3814244,70B3D50070001777,1617285181460,FES Receiver,2021-04-01 15:53:01.757585,"['SS', 'Standalone', 'version_184']",70001777,SENS_EVENT_MEASURE,122 cm,3640 mV,25 C,0 Degree,50 Times,
629,3814637,70B3D50070001777,1617288776299,FES Receiver,2021-04-01 16:52:56.598314,"['SS', 'Standalone', 'version_184']",70001777,SENS_EVENT_MEASURE,122 cm,3640 mV,24 C,0 Degree,51 Times,
628,3815062,70B3D50070001777,1617292376112,FES Receiver,2021-04-01 17:52:56.414471,"['SS', 'Standalone', 'version_184']",70001777,SENS_EVENT_MEASURE,122 cm,3630 mV,23 C,0 Degree,52 Times,
627,3815486,70B3D50070001777,1617295975931,FES Receiver,2021-04-01 18:52:56.240836,"['SS', 'Standalone', 'version_184']",70001777,SENS_EVENT_MEASURE,122 cm,3630 mV,24 C,0 Degree,53 Times,
626,3816050,70B3D50070001777,1617303177331,FES Receiver,2021-04-01 20:52:57.541375,"['SS', 'Standalone', 'version_184']",70001777,SENS_EVENT_MEASURE,126 cm,3630 mV,19 C,0 Degree,55 Times,
625,3816485,70B3D50070001777,1617306777257,FES Receiver,2021-04-01 21:52:57.469932,"['SS', 'Standalone', 'version_184']",70001777,SENS_EVENT_MEASURE,126 cm,3610 mV,17 C,0 Degree,56 Times,
624,3816894,70B3D50070001777,1617310377083,FES Receiver,2021-04-01 22:52:57.297865,"['SS', 'Standalone', 'version_184']",70001777,SENS_EVENT_MEASURE,132 cm,3610 mV,15 C,0 Degree,57 Times,
623,3817317,70B3D50070001777,1617313977015,FES Receiver,2021-04-01 23:52:57.235572,"['SS', 'Standalone', 'version_184']",70001777,SENS_EVENT_MEASURE,124 cm,3600 mV,15 C,1 Degree,58 Times,
622,3817743,70B3D50070001777,1617317576881,FES Receiver,2021-04-02 00:52:57.104179,"['SS', 'Standalone', 'version_184']",70001777,SENS_EVENT_MEASURE,130 cm,3590 mV,12 C,0 Degree,59 Times,
621,3818550,70B3D50070001777,1617328376519,FES Receiver,2021-04-02 03:52:56.75503,"['SS', 'Standalone', 'version_184']",70001777,SENS_EVENT_MEASURE,122 cm,3570 mV,10 C,0 Degree,62 Times,
620,3818975,70B3D50070001777,1617331976405,FES Receiver,2021-04-02 04:52:56.644363,"['SS', 'Standalone', 'version_184']",70001777,SENS_EVENT_MEASURE,122 cm,3570 mV,10 C,0 Degree,63 Times,
619,3819403,70B3D50070001777,1617335576283,FES Receiver,2021-04-02 05:52:56.527152,"['SS', 'Standalone', 'version_184']",70001777,SENS_EVENT_MEASURE,122 cm,3570 mV,9 C,0 Degree,64 Times,
618,3819839,70B3D50070001777,1617339176175,FES Receiver,2021-04-02 06:52:56.422255,"['SS', 'Standalone', 'version_184']",70001777,SENS_EVENT_MEASURE,124 cm,3570 mV,10 C,0 Degree,65 Times,
617,3820418,70B3D50070001777,1617346375940,FES Receiver,2021-04-02 08:52:56.200857,"['SS', 'Standalone', 'version_184']",70001777,SENS_EVENT_MEASURE,122 cm,3580 mV,11 C,0 Degree,67 Times,
616,3821270,70B3D50070001777,1617353575512,FES Receiver,2021-04-02 10:52:55.775911,"['SS', 'Standalone', 'version_184']",70001777,SENS_EVENT_MEASURE,122 cm,3590 mV,12 C,0 Degree,69 Times,
615,3821689,70B3D50070001777,1617357175365,FES Receiver,2021-04-02 11:52:55.632086,"['SS', 'Standalone', 'version_184']",70001777,SENS_EVENT_MEASURE,122 cm,3600 mV,13 C,0 Degree,70 Times,
614,3822417,70B3D50070001777,1617371574822,FES Receiver,2021-04-02 15:52:55.106974,"['SS', 'Standalone', 'version_184']",70001777,SENS_EVENT_MEASURE,120 cm,3610 mV,16 C,0 Degree,74 Times,
613,3822832,70B3D50070001777,1617375174734,FES Receiver,2021-04-02 16:52:55.018764,"['SS', 'Standalone', 'version_184']",70001777,SENS_EVENT_MEASURE,120 cm,3600 mV,16 C,0 Degree,75 Times,
612,3823258,70B3D50070001777,1617378774582,FES Receiver,2021-04-02 17:52:54.871382,"['SS', 'Standalone', 'version_184']",70001777,SENS_EVENT_MEASURE,122 cm,3600 mV,14 C,1 Degree,76 Times,
611,3823702,70B3D50070001777,1617382374440,FES Receiver,2021-04-02 18:52:54.733476,"['SS', 'Standalone', 'version_184']",70001777,SENS_EVENT_MEASURE,122 cm,3600 mV,15 C,0 Degree,77 Times,
610,3824514,70B3D50070001777,1617393175820,FES Receiver,2021-04-02 21:52:56.037469,"['SS', 'Standalone', 'version_184']",70001777,SENS_EVENT_MEASURE,122 cm,3580 mV,10 C,0 Degree,80 Times,
609,3824956,70B3D50070001777,1617396775706,FES Receiver,2021-04-02 22:52:55.931678,"['SS', 'Standalone', 'version_184']",70001777,SENS_EVENT_MEASURE,122 cm,3570 mV,10 C,1 Degree,81 Times,
608,3825386,70B3D50070001777,1617400375586,FES Receiver,2021-04-02 23:52:55.810526,"['SS', 'Standalone', 'version_184']",70001777,SENS_EVENT_MEASURE,122 cm,3580 mV,10 C,1 Degree,82 Times,
607,3825822,70B3D50070001777,1617403975479,FES Receiver,2021-04-03 00:52:55.707363,"['SS', 'Standalone', 'version_184']",70001777,SENS_EVENT_MEASURE,122 cm,3580 mV,11 C,0 Degree,83 Times,
606,3826638,70B3D50070001777,1617414775109,FES Receiver,2021-04-03 03:52:55.349107,"['SS', 'Standalone', 'version_184']",70001777,SENS_EVENT_MEASURE,122 cm,3570 mV,10 C,0 Degree,86 Times,
605,3827057,70B3D50070001777,1617418375014,FES Receiver,2021-04-03 04:52:55.259646,"['SS', 'Standalone', 'version_184']",70001777,SENS_EVENT_MEASURE,122 cm,3570 mV,11 C,0 Degree,87 Times,
604,3827483,70B3D50070001777,1617421974907,FES Receiver,2021-04-03 05:52:55.15681,"['SS', 'Standalone', 'version_184']",70001777,SENS_EVENT_MEASURE,122 cm,3570 mV,8 C,0 Degree,88 Times,
603,3827911,70B3D50070001777,1617425574805,FES Receiver,2021-04-03 06:52:55.059669,"['SS', 'Standalone', 'version_184']",70001777,SENS_EVENT_MEASURE,122 cm,3560 mV,10 C,0 Degree,89 Times,
602,3828942,70B3D50070001777,1617439974049,FES Receiver,2021-04-03 10:52:54.318996,"['SS', 'Standalone', 'version_184']",70001777,SENS_EVENT_MEASURE,120 cm,3630 mV,25 C,1 Degree,93 Times,
601,3829370,70B3D50070001777,1617443573875,FES Receiver,2021-04-03 11:52:54.149856,"['SS', 'Standalone', 'version_184']",70001777,SENS_EVENT_MEASURE,116 cm,3640 mV,32 C,1 Degree,94 Times,
600,3830403,70B3D50070001777,1617457973299,FES Receiver,2021-04-03 15:52:53.589541,"['SS', 'Standalone', 'version_184']",70001777,SENS_EVENT_MEASURE,116 cm,3620 mV,18 C,0 Degree,98 Times,
599,3830831,70B3D50070001777,1617461573151,FES Receiver,2021-04-03 16:52:53.444814,"['SS', 'Standalone', 'version_184']",70001777,SENS_EVENT_MEASURE,116 cm,3610 mV,19 C,0 Degree,99 Times,
598,3831698,70B3D50070001777,1617468772905,FES Receiver,2021-04-03 18:52:53.205172,"['SS', 'Standalone', 'version_184']",70001777,SENS_EVENT_MEASURE,114 cm,3600 mV,15 C,0 Degree,101 Times,
597,3832528,70B3D50070001777,1617479574282,FES Receiver,2021-04-03 21:52:54.495759,"['SS', 'Standalone', 'version_184']",70001777,SENS_EVENT_MEASURE,120 cm,3580 mV,12 C,0 Degree,104 Times,
596,3832959,70B3D50070001777,1617483174181,FES Receiver,2021-04-03 22:52:54.399672,"['SS', 'Standalone', 'version_184']",70001777,SENS_EVENT_MEASURE,114 cm,3570 mV,11 C,0 Degree,105 Times,
595,3833377,70B3D50070001777,1617486774056,FES Receiver,2021-04-03 23:52:54.277544,"['SS', 'Standalone', 'version_184']",70001777,SENS_EVENT_MEASURE,114 cm,3570 mV,10 C,0 Degree,106 Times,
594,3833806,70B3D50070001777,1617490373960,FES Receiver,2021-04-04 00:52:54.18788,"['SS', 'Standalone', 'version_184']",70001777,SENS_EVENT_MEASURE,116 cm,3560 mV,10 C,0 Degree,107 Times,
593,3834622,70B3D50070001777,1617501173651,FES Receiver,2021-04-04 03:52:53.888355,"['SS', 'Standalone', 'version_184']",70001777,SENS_EVENT_MEASURE,120 cm,3560 mV,8 C,0 Degree,110 Times,
592,3835028,70B3D50070001777,1617504773557,FES Receiver,2021-04-04 04:52:53.798672,"['SS', 'Standalone', 'version_184']",70001777,SENS_EVENT_MEASURE,114 cm,3550 mV,8 C,0 Degree,111 Times,
591,3835466,70B3D50070001777,1617508373462,FES Receiver,2021-04-04 05:52:53.707903,"['SS', 'Standalone', 'version_184']",70001777,SENS_EVENT_MEASURE,120 cm,3550 mV,6 C,0 Degree,112 Times,
590,3835884,70B3D50070001777,1617511973367,FES Receiver,2021-04-04 06:52:53.618867,"['SS', 'Standalone', 'version_184']",70001777,SENS_EVENT_MEASURE,120 cm,3550 mV,7 C,0 Degree,113 Times,
589,3836886,70B3D50070001777,1617526372658,FES Receiver,2021-04-04 10:52:52.924965,"['SS', 'Standalone', 'version_184']",70001777,SENS_EVENT_MEASURE,116 cm,3640 mV,28 C,0 Degree,117 Times,
588,3837316,70B3D50070001777,1617529972477,FES Receiver,2021-04-04 11:52:52.747792,"['SS', 'Standalone', 'version_184']",70001777,SENS_EVENT_MEASURE,116 cm,3640 mV,25 C,0 Degree,118 Times,
587,3837440,70B3D50070001777,1617533572323,FES Receiver,2021-04-04 12:52:52.598253,"['SS', 'Standalone', 'version_184']",70001777,SENS_EVENT_MEASURE,110 cm,3630 mV,20 C,0 Degree,119 Times,
586,3838278,70B3D50070001777,1617544377963,FES Receiver,2021-04-04 15:52:58.25225,"['SS', 'Standalone', 'version_184']",70001777,SENS_EVENT_MEASURE,112 cm,3610 mV,15 C,0 Degree,122 Times,
585,3838689,70B3D50070001777,1617547971828,FES Receiver,2021-04-04 16:52:52.1176,"['SS', 'Standalone', 'version_184']",70001777,SENS_EVENT_MEASURE,112 cm,3600 mV,15 C,1 Degree,123 Times,
584,3839127,70B3D50070001777,1617551571693,FES Receiver,2021-04-04 17:52:51.986413,"['SS', 'Standalone', 'version_184']",70001777,SENS_EVENT_MEASURE,112 cm,3600 mV,13 C,0 Degree,124 Times,
583,3839578,70B3D50070001777,1617555171539,FES Receiver,2021-04-04 18:52:51.837153,"['SS', 'Standalone', 'version_184']",70001777,SENS_EVENT_MEASURE,112 cm,3600 mV,14 C,0 Degree,125 Times,
582,3840614,70B3D50070001777,1617565972933,FES Receiver,2021-04-04 21:52:53.151218,"['SS', 'Standalone', 'version_184']",70001777,SENS_EVENT_MEASURE,114 cm,3580 mV,11 C,0 Degree,128 Times,
581,3841048,70B3D50070001777,1617569572827,FES Receiver,2021-04-04 22:52:53.049943,"['SS', 'Standalone', 'version_184']",70001777,SENS_EVENT_MEASURE,112 cm,3570 mV,10 C,0 Degree,129 Times,
580,3841469,70B3D50070001777,1617573172731,FES Receiver,2021-04-04 23:52:52.957119,"['SS', 'Standalone', 'version_184']",70001777,SENS_EVENT_MEASURE,114 cm,3560 mV,10 C,0 Degree,130 Times,
579,3841912,70B3D50070001777,1617576772652,FES Receiver,2021-04-05 00:52:52.882477,"['SS', 'Standalone', 'version_184']",70001777,SENS_EVENT_MEASURE,112 cm,3560 mV,8 C,0 Degree,131 Times,
578,3842768,70B3D50070001777,1617587572365,FES Receiver,2021-04-05 03:52:52.607502,"['SS', 'Standalone', 'version_184']",70001777,SENS_EVENT_MEASURE,112 cm,3560 mV,8 C,0 Degree,134 Times,
577,3843168,70B3D50070001777,1617591172232,FES Receiver,2021-04-05 04:52:52.484878,"['SS', 'Standalone', 'version_184']",70001777,SENS_EVENT_MEASURE,114 cm,3560 mV,10 C,0 Degree,135 Times,
576,3843614,70B3D50070001777,1617594772198,FES Receiver,2021-04-05 05:52:52.45006,"['SS', 'Standalone', 'version_184']",70001777,SENS_EVENT_MEASURE,114 cm,3560 mV,10 C,0 Degree,136 Times,
575,3844047,70B3D50070001777,1617598372083,FES Receiver,2021-04-05 06:52:52.338183,"['SS', 'Standalone', 'version_184']",70001777,SENS_EVENT_MEASURE,114 cm,3560 mV,9 C,0 Degree,137 Times,
574,3845011,70B3D50070001777,1617612771646,FES Receiver,2021-04-05 10:52:51.919042,"['SS', 'Standalone', 'version_184']",70001777,SENS_EVENT_MEASURE,110 cm,3590 mV,12 C,0 Degree,141 Times,
573,3845449,70B3D50070001777,1617616371512,FES Receiver,2021-04-05 11:52:51.787302,"['SS', 'Standalone', 'version_184']",70001777,SENS_EVENT_MEASURE,112 cm,3590 mV,12 C,0 Degree,142 Times,
572,3845885,70B3D50070001777,1617627171157,FES Receiver,2021-04-05 14:52:51.444732,"['SS', 'Standalone', 'version_184']",70001777,SENS_EVENT_MEASURE,112 cm,3580 mV,11 C,0 Degree,145 Times,
571,3846323,70B3D50070001777,1617630777015,FES Receiver,2021-04-05 15:52:57.310865,"['SS', 'Standalone', 'version_184']",70001777,SENS_EVENT_MEASURE,106 cm,3580 mV,9 C,1 Degree,146 Times,
570,3846728,70B3D50070001777,1617634370921,FES Receiver,2021-04-05 16:52:51.217686,"['SS', 'Standalone', 'version_184']",70001777,SENS_EVENT_MEASURE,102 cm,3580 mV,11 C,0 Degree,147 Times,
569,3847146,70B3D50070001777,1617637970807,FES Receiver,2021-04-05 17:52:51.106692,"['SS', 'Standalone', 'version_184']",70001777,SENS_EVENT_MEASURE,104 cm,3570 mV,10 C,0 Degree,148 Times,
568,3847584,70B3D50070001777,1617641570713,FES Receiver,2021-04-05 18:52:51.021619,"['SS', 'Standalone', 'version_184']",70001777,SENS_EVENT_MEASURE,104 cm,3560 mV,9 C,0 Degree,149 Times,
567,3848549,70B3D50070001777,1617652372080,FES Receiver,2021-04-05 21:52:52.295999,"['SS', 'Standalone', 'version_184']",70001777,SENS_EVENT_MEASURE,104 cm,3540 mV,5 C,0 Degree,152 Times,
566,3848950,70B3D50070001777,1617655972020,FES Receiver,2021-04-05 22:52:52.240262,"['SS', 'Standalone', 'version_184']",70001777,SENS_EVENT_MEASURE,104 cm,3530 mV,3 C,0 Degree,153 Times,
565,3849378,70B3D50070001777,1617659571946,FES Receiver,2021-04-05 23:52:52.16996,"['SS', 'Standalone', 'version_184']",70001777,SENS_EVENT_MEASURE,104 cm,3520 mV,4 C,0 Degree,154 Times,
564,3849810,70B3D50070001777,1617663171898,FES Receiver,2021-04-06 00:52:52.126051,"['SS', 'Standalone', 'version_184']",70001777,SENS_EVENT_MEASURE,104 cm,3530 mV,4 C,0 Degree,155 Times,
563,3850622,70B3D50070001777,1617673971674,FES Receiver,2021-04-06 03:52:51.9149,"['SS', 'Standalone', 'version_184']",70001777,SENS_EVENT_MEASURE,104 cm,3510 mV,5 C,0 Degree,158 Times,
562,3851035,70B3D50070001777,1617677571714,FES Receiver,2021-04-06 04:52:51.962188,"['SS', 'Standalone', 'version_184']",70001777,SENS_EVENT_MEASURE,104 cm,3540 mV,6 C,0 Degree,159 Times,
561,3851437,70B3D50070001777,1617681171645,FES Receiver,2021-04-06 05:52:51.895269,"['SS', 'Standalone', 'version_184']",70001777,SENS_EVENT_MEASURE,104 cm,3550 mV,5 C,0 Degree,160 Times,
560,3851834,70B3D50070001777,1617684771543,FES Receiver,2021-04-06 06:52:51.797708,"['SS', 'Standalone', 'version_184']",70001777,SENS_EVENT_MEASURE,104 cm,3550 mV,7 C,0 Degree,161 Times,
559,3852790,70B3D50070001777,1617699171007,FES Receiver,2021-04-06 10:52:51.278018,"['SS', 'Standalone', 'version_184']",70001777,SENS_EVENT_MEASURE,100 cm,3590 mV,12 C,0 Degree,165 Times,
558,3853204,70B3D50070001777,1617702770992,FES Receiver,2021-04-06 11:52:51.266288,"['SS', 'Standalone', 'version_184']",70001777,SENS_EVENT_MEASURE,92 cm,3600 mV,13 C,0 Degree,166 Times,
557,3853876,70B3D50070001777,1617717170355,FES Receiver,2021-04-06 15:52:50.648121,"['SS', 'Standalone', 'version_184']",70001777,SENS_EVENT_MEASURE,94 cm,3600 mV,13 C,0 Degree,170 Times,
556,3854690,70B3D50070001777,1617724369973,FES Receiver,2021-04-06 17:52:50.271609,"['SS', 'Standalone', 'version_184']",70001777,SENS_EVENT_MEASURE,98 cm,3590 mV,10 C,0 Degree,172 Times,
555,3855930,70B3D50070001777,1617738771435,FES Receiver,2021-04-06 21:52:51.651468,"['SS', 'Standalone', 'version_184']",70001777,SENS_EVENT_MEASURE,94 cm,3560 mV,7 C,1 Degree,176 Times,
554,3856328,70B3D50070001777,1617742371340,FES Receiver,2021-04-06 22:52:51.56149,"['SS', 'Standalone', 'version_184']",70001777,SENS_EVENT_MEASURE,94 cm,3560 mV,8 C,0 Degree,177 Times,
553,3856754,70B3D50070001777,1617745971251,FES Receiver,2021-04-06 23:52:51.477944,"['SS', 'Standalone', 'version_184']",70001777,SENS_EVENT_MEASURE,94 cm,3550 mV,6 C,0 Degree,178 Times,
552,3858422,70B3D50070001777,1617763970733,FES Receiver,2021-04-07 04:52:50.982158,"['SS', 'Standalone', 'version_184']",70001777,SENS_EVENT_MEASURE,94 cm,3550 mV,7 C,0 Degree,183 Times,
551,3858850,70B3D50070001777,1617767570658,FES Receiver,2021-04-07 05:52:50.910492,"['SS', 'Standalone', 'version_184']",70001777,SENS_EVENT_MEASURE,94 cm,3550 mV,6 C,0 Degree,184 Times,
550,3859285,70B3D50070001777,1617771170663,FES Receiver,2021-04-07 06:52:50.922832,"['SS', 'Standalone', 'version_184']",70001777,SENS_EVENT_MEASURE,94 cm,3550 mV,5 C,0 Degree,185 Times,
549,3859880,70B3D50070001777,1617778370515,FES Receiver,2021-04-07 08:52:50.780423,"['SS', 'Standalone', 'version_184']",70001777,SENS_EVENT_MEASURE,90 cm,3560 mV,8 C,0 Degree,187 Times,
548,3861158,70B3D50070001777,1617799969830,FES Receiver,2021-04-07 14:52:50.11918,"['SS', 'Standalone', 'version_184']",70001777,SENS_EVENT_MEASURE,86 cm,3590 mV,11 C,0 Degree,193 Times,
547,3861588,70B3D50070001777,1617803569696,FES Receiver,2021-04-07 15:52:49.990586,"['SS', 'Standalone', 'version_184']",70001777,SENS_EVENT_MEASURE,86 cm,3590 mV,11 C,0 Degree,194 Times,
546,3862245,70B3D50070001777,1617810769348,FES Receiver,2021-04-07 17:52:49.64897,"['SS', 'Standalone', 'version_184']",70001777,SENS_EVENT_MEASURE,84 cm,3570 mV,10 C,0 Degree,196 Times,
545,3862683,70B3D50070001777,1617814369254,FES Receiver,2021-04-07 18:52:49.560033,"['SS', 'Standalone', 'version_184']",70001777,SENS_EVENT_MEASURE,88 cm,3570 mV,9 C,1 Degree,197 Times,
544,3863209,70B3D50070001777,1617821570812,FES Receiver,2021-04-07 20:52:51.024494,"['SS', 'Standalone', 'version_184']",70001777,SENS_EVENT_MEASURE,92 cm,3570 mV,10 C,0 Degree,199 Times,
543,3863634,70B3D50070001777,1617825170715,FES Receiver,2021-04-07 21:52:50.933686,"['SS', 'Standalone', 'version_184']",70001777,SENS_EVENT_MEASURE,92 cm,3570 mV,8 C,0 Degree,200 Times,
542,3864025,70B3D50070001777,1617828770613,FES Receiver,2021-04-07 22:52:50.834858,"['SS', 'Standalone', 'version_184']",70001777,SENS_EVENT_MEASURE,92 cm,3560 mV,8 C,0 Degree,201 Times,
541,3864844,70B3D50070001777,1617835970432,FES Receiver,2021-04-08 00:52:50.663965,"['SS', 'Standalone', 'version_184']",70001777,SENS_EVENT_MEASURE,92 cm,3560 mV,7 C,1 Degree,203 Times,
540,3865412,70B3D50070001777,1617843170264,FES Receiver,2021-04-08 02:52:50.503036,"['SS', 'Standalone', 'version_184']",70001777,SENS_EVENT_MEASURE,92 cm,3550 mV,7 C,0 Degree,205 Times,
539,3865811,70B3D50070001777,1617846770168,FES Receiver,2021-04-08 03:52:50.413529,"['SS', 'Standalone', 'version_184']",70001777,SENS_EVENT_MEASURE,92 cm,3550 mV,7 C,0 Degree,206 Times,
538,3866217,70B3D50070001777,1617850370134,FES Receiver,2021-04-08 04:52:50.383701,"['SS', 'Standalone', 'version_184']",70001777,SENS_EVENT_MEASURE,92 cm,3540 mV,5 C,0 Degree,207 Times,
537,3866778,70B3D50070001777,1617857569963,FES Receiver,2021-04-08 06:52:50.222181,"['SS', 'Standalone', 'version_184']",70001777,SENS_EVENT_MEASURE,92 cm,3550 mV,7 C,0 Degree,209 Times,
536,3867376,70B3D50070001777,1617864769934,FES Receiver,2021-04-08 08:52:50.204526,"['SS', 'Standalone', 'version_184']",70001777,SENS_EVENT_MEASURE,88 cm,3570 mV,10 C,0 Degree,211 Times,
535,3868517,70B3D50070001777,1617886368890,FES Receiver,2021-04-08 14:52:49.182823,"['SS', 'Standalone', 'version_184']",70001777,SENS_EVENT_MEASURE,82 cm,3610 mV,17 C,0 Degree,217 Times,
534,3868957,70B3D50070001777,1617889973896,FES Receiver,2021-04-08 15:52:54.196283,"['SS', 'Standalone', 'version_184']",70001777,SENS_EVENT_MEASURE,80 cm,3610 mV,14 C,0 Degree,218 Times,
533,3869360,70B3D50070001777,1617893568640,FES Receiver,2021-04-08 16:52:48.940684,"['SS', 'Standalone', 'version_184']",70001777,SENS_EVENT_MEASURE,80 cm,3610 mV,14 C,0 Degree,219 Times,
532,3869926,70B3D50070001777,1617900768491,FES Receiver,2021-04-08 18:52:48.802086,"['SS', 'Standalone', 'version_184']",70001777,SENS_EVENT_MEASURE,80 cm,3590 mV,11 C,0 Degree,221 Times,
531,3870504,70B3D50070001777,1617907969911,FES Receiver,2021-04-08 20:52:50.122288,"['SS', 'Standalone', 'version_184']",70001777,SENS_EVENT_MEASURE,76 cm,3580 mV,11 C,0 Degree,223 Times,
530,3870928,70B3D50070001777,1617911569777,FES Receiver,2021-04-08 21:52:49.992342,"['SS', 'Standalone', 'version_184']",70001777,SENS_EVENT_MEASURE,70 cm,3570 mV,10 C,0 Degree,224 Times,
529,3871334,70B3D50070001777,1617915169707,FES Receiver,2021-04-08 22:52:49.927461,"['SS', 'Standalone', 'version_184']",70001777,SENS_EVENT_MEASURE,70 cm,3570 mV,8 C,0 Degree,225 Times,
528,3871877,70B3D50070001777,1617922369568,FES Receiver,2021-04-09 00:52:49.796718,"['SS', 'Standalone', 'version_184']",70001777,SENS_EVENT_MEASURE,70 cm,3560 mV,9 C,0 Degree,227 Times,
527,3872443,70B3D50070001777,1617929569374,FES Receiver,2021-04-09 02:52:49.60966,"['SS', 'Standalone', 'version_184']",70001777,SENS_EVENT_MEASURE,70 cm,3560 mV,7 C,1 Degree,229 Times,
526,3872877,70B3D50070001777,1617933169292,FES Receiver,2021-04-09 03:52:49.532079,"['SS', 'Standalone', 'version_184']",70001777,SENS_EVENT_MEASURE,70 cm,3550 mV,5 C,0 Degree,230 Times,
525,3873287,70B3D50070001777,1617936769224,FES Receiver,2021-04-09 04:52:49.469529,"['SS', 'Standalone', 'version_184']",70001777,SENS_EVENT_MEASURE,70 cm,3550 mV,5 C,0 Degree,231 Times,
524,3873895,70B3D50070001777,1617943969034,FES Receiver,2021-04-09 06:52:49.288849,"['SS', 'Standalone', 'version_184']",70001777,SENS_EVENT_MEASURE,70 cm,3550 mV,6 C,1 Degree,233 Times,
523,3874459,70B3D50070001777,1617951168879,FES Receiver,2021-04-09 08:52:49.141957,"['SS', 'Standalone', 'version_184']",70001777,SENS_EVENT_MEASURE,70 cm,3580 mV,10 C,0 Degree,235 Times,
522,3874879,70B3D50070001777,1617954768865,FES Receiver,2021-04-09 09:52:49.131712,"['SS', 'Standalone', 'version_184']",70001777,SENS_EVENT_MEASURE,122 cm,3600 mV,15 C,1 Degree,236 Times,
521,3875302,70B3D50070001777,1617958368496,FES Receiver,2021-04-09 10:52:48.769004,"['SS', 'Standalone', 'version_184']",70001777,SENS_EVENT_MEASURE,122 cm,3630 mV,23 C,1 Degree,237 Times,
520,3876172,70B3D50070001777,1617972767954,FES Receiver,2021-04-09 14:52:48.240973,"['SS', 'Standalone', 'version_184']",70001777,SENS_EVENT_MEASURE,122 cm,3630 mV,18 C,0 Degree,241 Times,
519,3876591,70B3D50070001777,1617976372847,FES Receiver,2021-04-09 15:52:53.139613,"['SS', 'Standalone', 'version_184']",70001777,SENS_EVENT_MEASURE,122 cm,3620 mV,18 C,1 Degree,242 Times,
518,3877005,70B3D50070001777,1617979967606,FES Receiver,2021-04-09 16:52:47.900597,"['SS', 'Standalone', 'version_184']",70001777,SENS_EVENT_MEASURE,122 cm,3620 mV,19 C,1 Degree,243 Times,
517,3877545,70B3D50070001777,1617987167365,FES Receiver,2021-04-09 18:52:47.666907,"['SS', 'Standalone', 'version_184']",70001777,SENS_EVENT_MEASURE,122 cm,3620 mV,18 C,0 Degree,245 Times,
516,3878491,70B3D50070001777,1617997968614,FES Receiver,2021-04-09 21:52:48.828479,"['SS', 'Standalone', 'version_184']",70001777,SENS_EVENT_MEASURE,124 cm,3600 mV,16 C,1 Degree,248 Times,
515,3878901,70B3D50070001777,1618001568600,FES Receiver,2021-04-09 22:52:48.818571,"['SS', 'Standalone', 'version_184']",70001777,SENS_EVENT_MEASURE,134 cm,3600 mV,16 C,0 Degree,249 Times,
514,3879434,70B3D50070001777,1618008768312,FES Receiver,2021-04-10 00:52:48.538149,"['SS', 'Standalone', 'version_184']",70001777,SENS_EVENT_MEASURE,134 cm,3600 mV,13 C,1 Degree,251 Times,
513,3880010,70B3D50070001777,1618015968031,FES Receiver,2021-04-10 02:52:48.265508,"['SS', 'Standalone', 'version_184']",70001777,SENS_EVENT_MEASURE,134 cm,3600 mV,14 C,1 Degree,253 Times,
512,3880405,70B3D50070001777,1618019567909,FES Receiver,2021-04-10 03:52:48.151341,"['SS', 'Standalone', 'version_184']",70001777,SENS_EVENT_MEASURE,134 cm,3590 mV,11 C,0 Degree,254 Times,
511,3881341,70B3D50070001777,1618030347424,FES Receiver,2021-04-10 06:52:27.677371,"['SS', 'Standalone', 'version_184']",70001777,SENS_EVENT_MEASURE,134 cm,3580 mV,11 C,1 Degree,1 Times,
510,3881871,70B3D50070001777,1618037547169,FES Receiver,2021-04-10 08:52:27.430206,"['SS', 'Standalone', 'version_184']",70001777,SENS_EVENT_MEASURE,124 cm,3590 mV,12 C,0 Degree,3 Times,
509,3882471,70B3D50070001777,1618044746728,FES Receiver,2021-04-10 10:52:26.996622,"['SS', 'Standalone', 'version_184']",70001777,SENS_EVENT_MEASURE,122 cm,3590 mV,11 C,0 Degree,5 Times,
508,3883045,70B3D50070001777,1618059146291,FES Receiver,2021-04-10 14:52:26.575241,"['SS', 'Standalone', 'version_184']",70001777,SENS_EVENT_MEASURE,126 cm,3600 mV,13 C,0 Degree,9 Times,
507,3883474,70B3D50070001777,1618062746157,FES Receiver,2021-04-10 15:52:26.44594,"['SS', 'Standalone', 'version_184']",70001777,SENS_EVENT_MEASURE,120 cm,3600 mV,15 C,1 Degree,10 Times,
506,3883910,70B3D50070001777,1618066346004,FES Receiver,2021-04-10 16:52:26.298313,"['SS', 'Standalone', 'version_184']",70001777,SENS_EVENT_MEASURE,122 cm,3600 mV,15 C,1 Degree,11 Times,
505,3884468,70B3D50070001777,1618073545815,FES Receiver,2021-04-10 18:52:26.11471,"['SS', 'Standalone', 'version_184']",70001777,SENS_EVENT_MEASURE,114 cm,3600 mV,13 C,1 Degree,13 Times,
504,3885033,70B3D50070001777,1618080747370,FES Receiver,2021-04-10 20:52:27.57728,"['SS', 'Standalone', 'version_184']",70001777,SENS_EVENT_MEASURE,116 cm,3600 mV,13 C,1 Degree,15 Times,
503,3885490,70B3D50070001777,1618084347223,FES Receiver,2021-04-10 21:52:27.435436,"['SS', 'Standalone', 'version_184']",70001777,SENS_EVENT_MEASURE,116 cm,3600 mV,13 C,0 Degree,16 Times,
502,3886477,70B3D50070001777,1618095146814,FES Receiver,2021-04-11 00:52:27.03636,"['SS', 'Standalone', 'version_184']",70001777,SENS_EVENT_MEASURE,116 cm,3590 mV,12 C,0 Degree,19 Times,
501,3887027,70B3D50070001777,1618102346553,FES Receiver,2021-04-11 02:52:26.78492,"['SS', 'Standalone', 'version_184']",70001777,SENS_EVENT_MEASURE,116 cm,3590 mV,11 C,0 Degree,21 Times,
500,3887465,70B3D50070001777,1618105946430,FES Receiver,2021-04-11 03:52:26.667633,"['SS', 'Standalone', 'version_184']",70001777,SENS_EVENT_MEASURE,116 cm,3590 mV,12 C,0 Degree,22 Times,
499,3887902,70B3D50070001777,1618109546295,FES Receiver,2021-04-11 04:52:26.535681,"['SS', 'Standalone', 'version_184']",70001777,SENS_EVENT_MEASURE,116 cm,3590 mV,11 C,0 Degree,23 Times,
498,3888511,70B3D50070001777,1618116746053,FES Receiver,2021-04-11 06:52:26.306986,"['SS', 'Standalone', 'version_184']",70001777,SENS_EVENT_MEASURE,116 cm,3590 mV,11 C,0 Degree,25 Times,
497,3889086,70B3D50070001777,1618123945621,FES Receiver,2021-04-11 08:52:25.878187,"['SS', 'Standalone', 'version_184']",70001777,SENS_EVENT_MEASURE,116 cm,3600 mV,15 C,0 Degree,27 Times,
496,3889529,70B3D50070001777,1618127545470,FES Receiver,2021-04-11 09:52:25.732466,"['SS', 'Standalone', 'version_184']",70001777,SENS_EVENT_MEASURE,116 cm,3610 mV,16 C,0 Degree,28 Times,
495,3889964,70B3D50070001777,1618131145149,FES Receiver,2021-04-11 10:52:25.414077,"['SS', 'Standalone', 'version_184']",70001777,SENS_EVENT_MEASURE,118 cm,3630 mV,20 C,0 Degree,29 Times,
494,3890872,70B3D50070001777,1618145544599,FES Receiver,2021-04-11 14:52:24.880558,"['SS', 'Standalone', 'version_184']",70001777,SENS_EVENT_MEASURE,116 cm,3620 mV,17 C,0 Degree,33 Times,
493,3891324,70B3D50070001777,1618149144425,FES Receiver,2021-04-11 15:52:24.710415,"['SS', 'Standalone', 'version_184']",70001777,SENS_EVENT_MEASURE,118 cm,3610 mV,16 C,0 Degree,34 Times,
492,3891769,70B3D50070001777,1618152744304,FES Receiver,2021-04-11 16:52:24.595858,"['SS', 'Standalone', 'version_184']",70001777,SENS_EVENT_MEASURE,120 cm,3600 mV,13 C,1 Degree,35 Times,
491,3892331,70B3D50070001777,1618159944095,FES Receiver,2021-04-11 18:52:24.392597,"['SS', 'Standalone', 'version_184']",70001777,SENS_EVENT_MEASURE,120 cm,3590 mV,11 C,0 Degree,37 Times,
490,3892919,70B3D50070001777,1618167145653,FES Receiver,2021-04-11 20:52:25.861112,"['SS', 'Standalone', 'version_184']",70001777,SENS_EVENT_MEASURE,120 cm,3570 mV,9 C,0 Degree,39 Times,
489,3893321,70B3D50070001777,1618170745539,FES Receiver,2021-04-11 21:52:25.750899,"['SS', 'Standalone', 'version_184']",70001777,SENS_EVENT_MEASURE,118 cm,3570 mV,10 C,0 Degree,40 Times,
488,3893729,70B3D50070001777,1618174345452,FES Receiver,2021-04-11 22:52:25.669317,"['SS', 'Standalone', 'version_184']",70001777,SENS_EVENT_MEASURE,118 cm,3570 mV,10 C,1 Degree,41 Times,
487,3894331,70B3D50070001777,1618181545244,FES Receiver,2021-04-12 00:52:25.469671,"['SS', 'Standalone', 'version_184']",70001777,SENS_EVENT_MEASURE,114 cm,3570 mV,10 C,0 Degree,43 Times,
486,3894901,70B3D50070001777,1618188745035,FES Receiver,2021-04-12 02:52:25.267106,"['SS', 'Standalone', 'version_184']",70001777,SENS_EVENT_MEASURE,112 cm,3570 mV,10 C,1 Degree,45 Times,
485,3895316,70B3D50070001777,1618192344934,FES Receiver,2021-04-12 03:52:25.170401,"['SS', 'Standalone', 'version_184']",70001777,SENS_EVENT_MEASURE,114 cm,3570 mV,9 C,1 Degree,46 Times,
484,3895721,70B3D50070001777,1618195944844,FES Receiver,2021-04-12 04:52:25.084564,"['SS', 'Standalone', 'version_184']",70001777,SENS_EVENT_MEASURE,112 cm,3570 mV,8 C,0 Degree,47 Times,
483,3896287,70B3D50070001777,1618203144649,FES Receiver,2021-04-12 06:52:24.898377,"['SS', 'Standalone', 'version_184']",70001777,SENS_EVENT_MEASURE,114 cm,3560 mV,9 C,0 Degree,49 Times,
482,3896828,70B3D50070001777,1618210344441,FES Receiver,2021-04-12 08:52:24.69937,"['SS', 'Standalone', 'version_184']",70001777,SENS_EVENT_MEASURE,116 cm,3570 mV,9 C,2 Degree,51 Times,
481,3897212,70B3D50070001777,1618213944327,FES Receiver,2021-04-12 09:52:24.587636,"['SS', 'Standalone', 'version_184']",70001777,SENS_EVENT_MEASURE,120 cm,3590 mV,14 C,1 Degree,52 Times,
480,3897654,70B3D50070001777,1618217544053,FES Receiver,2021-04-12 10:52:24.317181,"['SS', 'Standalone', 'version_184']",70001777,SENS_EVENT_MEASURE,110 cm,3610 mV,17 C,0 Degree,53 Times,
479,3898228,70B3D50070001777,1618231943495,FES Receiver,2021-04-12 14:52:23.777003,"['SS', 'Standalone', 'version_184']",70001777,SENS_EVENT_MEASURE,108 cm,3620 mV,16 C,0 Degree,57 Times,
478,3898384,70B3D50070001777,1618235543303,FES Receiver,2021-04-12 15:52:23.591246,"['SS', 'Standalone', 'version_184']",70001777,SENS_EVENT_MEASURE,110 cm,3610 mV,16 C,0 Degree,58 Times,
477,3898807,70B3D50070001777,1618239143207,FES Receiver,2021-04-12 16:52:23.498687,"['SS', 'Standalone', 'version_184']",70001777,SENS_EVENT_MEASURE,114 cm,3600 mV,14 C,0 Degree,59 Times,
476,3899336,70B3D50070001777,1618246342918,FES Receiver,2021-04-12 18:52:23.216661,"['SS', 'Standalone', 'version_184']",70001777,SENS_EVENT_MEASURE,102 cm,3590 mV,11 C,0 Degree,61 Times,
475,3899921,70B3D50070001777,1618253544479,FES Receiver,2021-04-12 20:52:24.69233,"['SS', 'Standalone', 'version_184']",70001777,SENS_EVENT_MEASURE,104 cm,3570 mV,7 C,0 Degree,63 Times,
474,3900339,70B3D50070001777,1618257144378,FES Receiver,2021-04-12 21:52:24.595487,"['SS', 'Standalone', 'version_184']",70001777,SENS_EVENT_MEASURE,104 cm,3570 mV,7 C,0 Degree,64 Times,
473,3901328,70B3D50070001777,1618267944115,FES Receiver,2021-04-13 00:52:24.343826,"['SS', 'Standalone', 'version_184']",70001777,SENS_EVENT_MEASURE,112 cm,3550 mV,3 C,0 Degree,67 Times,
472,3901889,70B3D50070001777,1618275143966,FES Receiver,2021-04-13 02:52:24.202076,"['SS', 'Standalone', 'version_184']",70001777,SENS_EVENT_MEASURE,104 cm,3540 mV,5 C,1 Degree,69 Times,
471,3902283,70B3D50070001777,1618278743911,FES Receiver,2021-04-13 03:52:24.153297,"['SS', 'Standalone', 'version_184']",70001777,SENS_EVENT_MEASURE,102 cm,3540 mV,4 C,1 Degree,70 Times,
470,3902662,70B3D50070001777,1618282343836,FES Receiver,2021-04-13 04:52:24.081658,"['SS', 'Standalone', 'version_184']",70001777,SENS_EVENT_MEASURE,102 cm,3530 mV,3 C,0 Degree,71 Times,
469,3903222,70B3D50070001777,1618289543709,FES Receiver,2021-04-13 06:52:23.965018,"['SS', 'Standalone', 'version_184']",70001777,SENS_EVENT_MEASURE,102 cm,3540 mV,4 C,1 Degree,73 Times,
468,3903832,70B3D50070001777,1618296743477,FES Receiver,2021-04-13 08:52:23.741262,"['SS', 'Standalone', 'version_184']",70001777,SENS_EVENT_MEASURE,104 cm,3580 mV,13 C,1 Degree,75 Times,
467,3904475,70B3D50070001777,1618303943029,FES Receiver,2021-04-13 10:52:23.300484,"['SS', 'Standalone', 'version_184']",70001777,SENS_EVENT_MEASURE,106 cm,3630 mV,28 C,1 Degree,77 Times,
466,3904925,70B3D50070001777,1618307542802,FES Receiver,2021-04-13 11:52:23.082345,"['SS', 'Standalone', 'version_184']",70001777,SENS_EVENT_MEASURE,104 cm,3640 mV,27 C,0 Degree,78 Times,
465,3906528,70B3D50070001777,1618325542023,FES Receiver,2021-04-13 16:52:22.322035,"['SS', 'Standalone', 'version_184']",70001777,SENS_EVENT_MEASURE,98 cm,3600 mV,13 C,1 Degree,83 Times,
464,3906967,70B3D50070001777,1618329142011,FES Receiver,2021-04-13 17:52:22.31452,"['SS', 'Standalone', 'version_184']",70001777,SENS_EVENT_MEASURE,104 cm,3600 mV,13 C,0 Degree,84 Times,
463,3907173,70B3D50070001777,1618332741875,FES Receiver,2021-04-13 18:52:22.180034,"['SS', 'Standalone', 'version_184']",70001777,SENS_EVENT_MEASURE,104 cm,3590 mV,11 C,0 Degree,85 Times,
462,3907545,70B3D50070001777,1618339943412,FES Receiver,2021-04-13 20:52:23.623944,"['SS', 'Standalone', 'version_184']",70001777,SENS_EVENT_MEASURE,98 cm,3580 mV,12 C,0 Degree,87 Times,
461,3908778,70B3D50070001777,1618350743109,FES Receiver,2021-04-13 23:52:23.33279,"['SS', 'Standalone', 'version_184']",70001777,SENS_EVENT_MEASURE,108 cm,3560 mV,7 C,1 Degree,90 Times,
460,3908964,70B3D50070001777,1618354343041,FES Receiver,2021-04-14 00:52:23.26882,"['SS', 'Standalone', 'version_184']",70001777,SENS_EVENT_MEASURE,98 cm,3550 mV,8 C,0 Degree,91 Times,
459,3909332,70B3D50070001777,1618361542867,FES Receiver,2021-04-14 02:52:23.103041,"['SS', 'Standalone', 'version_184']",70001777,SENS_EVENT_MEASURE,98 cm,3550 mV,4 C,1 Degree,93 Times,
458,3909753,70B3D50070001777,1618365142779,FES Receiver,2021-04-14 03:52:23.019847,"['SS', 'Standalone', 'version_184']",70001777,SENS_EVENT_MEASURE,98 cm,3550 mV,6 C,0 Degree,94 Times,
457,3910140,70B3D50070001777,1618368742703,FES Receiver,2021-04-14 04:52:22.952138,"['SS', 'Standalone', 'version_184']",70001777,SENS_EVENT_MEASURE,98 cm,3550 mV,5 C,1 Degree,95 Times,
456,3910556,70B3D50070001777,1618372342621,FES Receiver,2021-04-14 05:52:22.871073,"['SS', 'Standalone', 'version_184']",70001777,SENS_EVENT_MEASURE,98 cm,3550 mV,5 C,1 Degree,96 Times,
455,3910746,70B3D50070001777,1618375942554,FES Receiver,2021-04-14 06:52:22.808338,"['SS', 'Standalone', 'version_184']",70001777,SENS_EVENT_MEASURE,96 cm,3540 mV,3 C,0 Degree,97 Times,
454,3911329,70B3D50070001777,1618383142364,FES Receiver,2021-04-14 08:52:22.62766,"['SS', 'Standalone', 'version_184']",70001777,SENS_EVENT_MEASURE,96 cm,3580 mV,15 C,0 Degree,99 Times,
453,3911509,70B3D50070001777,1618386742023,FES Receiver,2021-04-14 09:52:22.291113,"['SS', 'Standalone', 'version_184']",70001777,SENS_EVENT_MEASURE,96 cm,3610 mV,17 C,0 Degree,100 Times,
452,3911923,70B3D50070001777,1618390341849,FES Receiver,2021-04-14 10:52:22.119989,"['SS', 'Standalone', 'version_184']",70001777,SENS_EVENT_MEASURE,98 cm,3630 mV,25 C,1 Degree,101 Times,
451,3912327,70B3D50070001777,1618393941635,FES Receiver,2021-04-14 11:52:21.910148,"['SS', 'Standalone', 'version_184']",70001777,SENS_EVENT_MEASURE,96 cm,3640 mV,28 C,1 Degree,102 Times,
450,3913034,70B3D50070001777,1618404741252,FES Receiver,2021-04-14 14:52:21.540342,"['SS', 'Standalone', 'version_184']",70001777,SENS_EVENT_MEASURE,96 cm,3630 mV,19 C,0 Degree,105 Times,
449,3913640,70B3D50070001777,1618411941023,FES Receiver,2021-04-14 16:52:21.32146,"['SS', 'Standalone', 'version_184']",70001777,SENS_EVENT_MEASURE,100 cm,3600 mV,13 C,1 Degree,107 Times,
448,3914092,70B3D50070001777,1618415540891,FES Receiver,2021-04-14 17:52:21.190398,"['SS', 'Standalone', 'version_184']",70001777,SENS_EVENT_MEASURE,92 cm,3600 mV,13 C,1 Degree,108 Times,
447,3915056,70B3D50070001777,1618426342290,FES Receiver,2021-04-14 20:52:22.50165,"['SS', 'Standalone', 'version_184']",70001777,SENS_EVENT_MEASURE,102 cm,3580 mV,9 C,0 Degree,111 Times,
446,3915847,70B3D50070001777,1618433542088,FES Receiver,2021-04-14 22:52:22.308864,"['SS', 'Standalone', 'version_184']",70001777,SENS_EVENT_MEASURE,104 cm,3560 mV,9 C,0 Degree,113 Times,
445,3916255,70B3D50070001777,1618437142008,FES Receiver,2021-04-14 23:52:22.233582,"['SS', 'Standalone', 'version_184']",70001777,SENS_EVENT_MEASURE,102 cm,3560 mV,7 C,1 Degree,114 Times,
444,3916434,70B3D50070001777,1618440741912,FES Receiver,2021-04-15 00:52:22.141245,"['SS', 'Standalone', 'version_184']",70001777,SENS_EVENT_MEASURE,102 cm,3550 mV,7 C,0 Degree,115 Times,
443,3917002,70B3D50070001777,1618447941743,FES Receiver,2021-04-15 02:52:21.980947,"['SS', 'Standalone', 'version_184']",70001777,SENS_EVENT_MEASURE,104 cm,3550 mV,7 C,1 Degree,117 Times,
442,3917389,70B3D50070001777,1618451541668,FES Receiver,2021-04-15 03:52:21.911854,"['SS', 'Standalone', 'version_184']",70001777,SENS_EVENT_MEASURE,102 cm,3550 mV,6 C,1 Degree,118 Times,
441,3917790,70B3D50070001777,1618455141615,FES Receiver,2021-04-15 04:52:21.863818,"['SS', 'Standalone', 'version_184']",70001777,SENS_EVENT_MEASURE,102 cm,3540 mV,3 C,0 Degree,119 Times,
440,3918203,70B3D50070001777,1618458741517,FES Receiver,2021-04-15 05:52:21.769469,"['SS', 'Standalone', 'version_184']",70001777,SENS_EVENT_MEASURE,102 cm,3540 mV,6 C,0 Degree,120 Times,
439,3918411,70B3D50070001777,1618462341441,FES Receiver,2021-04-15 06:52:21.698878,"['SS', 'Standalone', 'version_184']",70001777,SENS_EVENT_MEASURE,102 cm,3540 mV,5 C,0 Degree,121 Times,
438,3919003,70B3D50070001777,1618469541213,FES Receiver,2021-04-15 08:52:21.479845,"['SS', 'Standalone', 'version_184']",70001777,SENS_EVENT_MEASURE,100 cm,3570 mV,11 C,0 Degree,123 Times,
437,3919511,70B3D50070001777,1618476740763,FES Receiver,2021-04-15 10:52:21.040276,"['SS', 'Standalone', 'version_184']",70001777,SENS_EVENT_MEASURE,90 cm,3630 mV,28 C,0 Degree,125 Times,
436,3919930,70B3D50070001777,1618480340515,FES Receiver,2021-04-15 11:52:20.79593,"['SS', 'Standalone', 'version_184']",70001777,SENS_EVENT_MEASURE,92 cm,3640 mV,31 C,1 Degree,126 Times,
435,3920642,70B3D50070001777,1618491140185,FES Receiver,2021-04-15 14:52:20.477938,"['SS', 'Standalone', 'version_184']",70001777,SENS_EVENT_MEASURE,92 cm,3610 mV,15 C,1 Degree,129 Times,
434,3921143,70B3D50070001777,1618498339917,FES Receiver,2021-04-15 16:52:20.22191,"['SS', 'Standalone', 'version_184']",70001777,SENS_EVENT_MEASURE,92 cm,3610 mV,16 C,1 Degree,131 Times,
433,3921946,70B3D50070001777,1618505539628,FES Receiver,2021-04-15 18:52:19.937188,"['SS', 'Standalone', 'version_184']",70001777,SENS_EVENT_MEASURE,90 cm,3600 mV,13 C,1 Degree,133 Times,
432,3922325,70B3D50070001777,1618509141283,FES Receiver,2021-04-15 19:52:21.491801,"['SS', 'Standalone', 'version_184']",70001777,SENS_EVENT_MEASURE,92 cm,3590 mV,11 C,0 Degree,134 Times,
431,3922435,70B3D50070001777,1618512741169,FES Receiver,2021-04-15 20:52:21.381919,"['SS', 'Standalone', 'version_184']",70001777,SENS_EVENT_MEASURE,92 cm,3580 mV,11 C,0 Degree,135 Times,
430,3922841,70B3D50070001777,1618516341055,FES Receiver,2021-04-15 21:52:21.276018,"['SS', 'Standalone', 'version_184']",70001777,SENS_EVENT_MEASURE,102 cm,3580 mV,10 C,1 Degree,136 Times,
429,3923666,70B3D50070001777,1618523540847,FES Receiver,2021-04-15 23:52:21.071339,"['SS', 'Standalone', 'version_184']",70001777,SENS_EVENT_MEASURE,92 cm,3560 mV,9 C,1 Degree,138 Times,
428,3924080,70B3D50070001777,1618527140752,FES Receiver,2021-04-16 00:52:20.981409,"['SS', 'Standalone', 'version_184']",70001777,SENS_EVENT_MEASURE,92 cm,3560 mV,9 C,0 Degree,139 Times,
427,3924476,70B3D50070001777,1618530740658,FES Receiver,2021-04-16 01:52:20.893699,"['SS', 'Standalone', 'version_184']",70001777,SENS_EVENT_MEASURE,92 cm,3560 mV,9 C,0 Degree,140 Times,
426,3924589,70B3D50070001777,1618534340564,FES Receiver,2021-04-16 02:52:20.801312,"['SS', 'Standalone', 'version_184']",70001777,SENS_EVENT_MEASURE,92 cm,3560 mV,8 C,0 Degree,141 Times,
425,3925495,70B3D50070001777,1618545140273,FES Receiver,2021-04-16 05:52:20.52435,"['SS', 'Standalone', 'version_184']",70001777,SENS_EVENT_MEASURE,92 cm,3560 mV,9 C,0 Degree,144 Times,
424,3926323,70B3D50070001777,1618552339951,FES Receiver,2021-04-16 07:52:20.210165,"['SS', 'Standalone', 'version_184']",70001777,SENS_EVENT_MEASURE,94 cm,3560 mV,8 C,0 Degree,146 Times,
423,3926439,70B3D50070001777,1618555939835,FES Receiver,2021-04-16 08:52:20.098185,"['SS', 'Standalone', 'version_184']",70001777,SENS_EVENT_MEASURE,124 cm,3580 mV,11 C,0 Degree,147 Times,
422,3926851,70B3D50070001777,1618559539853,FES Receiver,2021-04-16 09:52:20.120993,"['SS', 'Standalone', 'version_184']",70001777,SENS_EVENT_MEASURE,124 cm,3580 mV,13 C,0 Degree,148 Times,
421,3927264,70B3D50070001777,1618563139646,FES Receiver,2021-04-16 10:52:19.917957,"['SS', 'Standalone', 'version_184']",70001777,SENS_EVENT_MEASURE,122 cm,3600 mV,13 C,0 Degree,149 Times,
420,3927751,70B3D50070001777,1618573939243,FES Receiver,2021-04-16 13:52:19.525839,"['SS', 'Standalone', 'version_184']",70001777,SENS_EVENT_MEASURE,124 cm,3600 mV,15 C,0 Degree,152 Times,
419,3927853,70B3D50070001777,1618577539089,FES Receiver,2021-04-16 14:52:19.378061,"['SS', 'Standalone', 'version_184']",70001777,SENS_EVENT_MEASURE,124 cm,3610 mV,15 C,0 Degree,153 Times,
418,3928283,70B3D50070001777,1618581138934,FES Receiver,2021-04-16 15:52:19.227552,"['SS', 'Standalone', 'version_184']",70001777,SENS_EVENT_MEASURE,122 cm,3600 mV,15 C,0 Degree,154 Times,
417,3928728,70B3D50070001777,1618584738787,FES Receiver,2021-04-16 16:52:19.086855,"['SS', 'Standalone', 'version_184']",70001777,SENS_EVENT_MEASURE,124 cm,3610 mV,16 C,0 Degree,155 Times,
416,3929335,70B3D50070001777,1618591938559,FES Receiver,2021-04-16 18:52:18.865453,"['SS', 'Standalone', 'version_184']",70001777,SENS_EVENT_MEASURE,124 cm,3600 mV,14 C,0 Degree,157 Times,
415,3929841,70B3D50070001777,1618599140068,FES Receiver,2021-04-16 20:52:20.28348,"['SS', 'Standalone', 'version_184']",70001777,SENS_EVENT_MEASURE,126 cm,3590 mV,13 C,0 Degree,159 Times,
414,3930288,70B3D50070001777,1618602739934,FES Receiver,2021-04-16 21:52:20.152064,"['SS', 'Standalone', 'version_184']",70001777,SENS_EVENT_MEASURE,126 cm,3580 mV,11 C,0 Degree,160 Times,
413,3930708,70B3D50070001777,1618606339820,FES Receiver,2021-04-16 22:52:20.046292,"['SS', 'Standalone', 'version_184']",70001777,SENS_EVENT_MEASURE,126 cm,3580 mV,11 C,1 Degree,161 Times,
412,3931264,70B3D50070001777,1618613539591,FES Receiver,2021-04-17 00:52:19.823449,"['SS', 'Standalone', 'version_184']",70001777,SENS_EVENT_MEASURE,126 cm,3580 mV,10 C,0 Degree,163 Times,
411,3931663,70B3D50070001777,1618617139464,FES Receiver,2021-04-17 01:52:19.69984,"['SS', 'Standalone', 'version_184']",70001777,SENS_EVENT_MEASURE,126 cm,3580 mV,10 C,2 Degree,164 Times,
410,3931782,70B3D50070001777,1618620739362,FES Receiver,2021-04-17 02:52:19.603312,"['SS', 'Standalone', 'version_184']",70001777,SENS_EVENT_MEASURE,126 cm,3570 mV,9 C,0 Degree,165 Times,
409,3932176,70B3D50070001777,1618624339255,FES Receiver,2021-04-17 03:52:19.49977,"['SS', 'Standalone', 'version_184']",70001777,SENS_EVENT_MEASURE,126 cm,3570 mV,10 C,0 Degree,166 Times,
408,3932576,70B3D50070001777,1618627939139,FES Receiver,2021-04-17 04:52:19.389811,"['SS', 'Standalone', 'version_184']",70001777,SENS_EVENT_MEASURE,126 cm,3570 mV,11 C,0 Degree,167 Times,
407,3933001,70B3D50070001777,1618635138922,FES Receiver,2021-04-17 06:52:19.182091,"['SS', 'Standalone', 'version_184']",70001777,SENS_EVENT_MEASURE,126 cm,3570 mV,9 C,0 Degree,169 Times,
406,3933401,70B3D50070001777,1618638738827,FES Receiver,2021-04-17 07:52:19.092755,"['SS', 'Standalone', 'version_184']",70001777,SENS_EVENT_MEASURE,126 cm,3570 mV,8 C,0 Degree,170 Times,
405,3933899,70B3D50070001777,1618645938498,FES Receiver,2021-04-17 09:52:18.771654,"['SS', 'Standalone', 'version_184']",70001777,SENS_EVENT_MEASURE,122 cm,3600 mV,14 C,0 Degree,172 Times,
404,3934322,70B3D50070001777,1618649538184,FES Receiver,2021-04-17 10:52:18.462546,"['SS', 'Standalone', 'version_184']",70001777,SENS_EVENT_MEASURE,124 cm,3620 mV,22 C,0 Degree,173 Times,
403,3935024,70B3D50070001777,1618660337781,FES Receiver,2021-04-17 13:52:18.070662,"['SS', 'Standalone', 'version_184']",70001777,SENS_EVENT_MEASURE,120 cm,3630 mV,20 C,0 Degree,176 Times,
402,3935163,70B3D50070001777,1618663937607,FES Receiver,2021-04-17 14:52:17.901118,"['SS', 'Standalone', 'version_184']",70001777,SENS_EVENT_MEASURE,118 cm,3620 mV,17 C,0 Degree,177 Times,
401,3935561,70B3D50070001777,1618667537333,FES Receiver,2021-04-17 15:52:17.629743,"['SS', 'Standalone', 'version_184']",70001777,SENS_EVENT_MEASURE,114 cm,3620 mV,18 C,0 Degree,178 Times,
400,3935969,70B3D50070001777,1618671137346,FES Receiver,2021-04-17 16:52:17.649977,"['SS', 'Standalone', 'version_184']",70001777,SENS_EVENT_MEASURE,110 cm,3610 mV,17 C,0 Degree,179 Times,
399,3936538,70B3D50070001777,1618678336937,FES Receiver,2021-04-17 18:52:17.246269,"['SS', 'Standalone', 'version_184']",70001777,SENS_EVENT_MEASURE,108 cm,3600 mV,14 C,0 Degree,181 Times,
398,3936944,70B3D50070001777,1618681938703,FES Receiver,2021-04-17 19:52:18.916127,"['SS', 'Standalone', 'version_184']",70001777,SENS_EVENT_MEASURE,106 cm,3600 mV,14 C,0 Degree,182 Times,
397,3937372,70B3D50070001777,1618685538568,FES Receiver,2021-04-17 20:52:18.785659,"['SS', 'Standalone', 'version_184']",70001777,SENS_EVENT_MEASURE,106 cm,3590 mV,13 C,0 Degree,183 Times,
396,3937782,70B3D50070001777,1618689138434,FES Receiver,2021-04-17 21:52:18.65545,"['SS', 'Standalone', 'version_184']",70001777,SENS_EVENT_MEASURE,104 cm,3590 mV,11 C,0 Degree,184 Times,
395,3938166,70B3D50070001777,1618692738319,FES Receiver,2021-04-17 22:52:18.550038,"['SS', 'Standalone', 'version_184']",70001777,SENS_EVENT_MEASURE,104 cm,3590 mV,12 C,0 Degree,185 Times,
394,3938747,70B3D50070001777,1618699938158,FES Receiver,2021-04-18 00:52:18.39497,"['SS', 'Standalone', 'version_184']",70001777,SENS_EVENT_MEASURE,104 cm,3590 mV,12 C,0 Degree,187 Times,
393,3939129,70B3D50070001777,1618703538057,FES Receiver,2021-04-18 01:52:18.295603,"['SS', 'Standalone', 'version_184']",70001777,SENS_EVENT_MEASURE,104 cm,3590 mV,11 C,0 Degree,188 Times,
392,3939258,70B3D50070001777,1618707137922,FES Receiver,2021-04-18 02:52:18.164961,"['SS', 'Standalone', 'version_184']",70001777,SENS_EVENT_MEASURE,106 cm,3590 mV,12 C,0 Degree,189 Times,
391,3939666,70B3D50070001777,1618710737788,FES Receiver,2021-04-18 03:52:18.033673,"['SS', 'Standalone', 'version_184']",70001777,SENS_EVENT_MEASURE,104 cm,3580 mV,11 C,0 Degree,190 Times,
390,3940049,70B3D50070001777,1618714337673,FES Receiver,2021-04-18 04:52:17.925192,"['SS', 'Standalone', 'version_184']",70001777,SENS_EVENT_MEASURE,104 cm,3580 mV,10 C,1 Degree,191 Times,
389,3940464,70B3D50070001777,1618717937544,FES Receiver,2021-04-18 05:52:17.799847,"['SS', 'Standalone', 'version_184']",70001777,SENS_EVENT_MEASURE,104 cm,3580 mV,11 C,0 Degree,192 Times,
388,3940615,70B3D50070001777,1618721537423,FES Receiver,2021-04-18 06:52:17.683974,"['SS', 'Standalone', 'version_184']",70001777,SENS_EVENT_MEASURE,104 cm,3580 mV,10 C,0 Degree,193 Times,
387,3941142,70B3D50070001777,1618728737193,FES Receiver,2021-04-18 08:52:17.461429,"['SS', 'Standalone', 'version_184']",70001777,SENS_EVENT_MEASURE,104 cm,3580 mV,12 C,0 Degree,195 Times,
386,3941554,70B3D50070001777,1618732337078,FES Receiver,2021-04-18 09:52:17.351438,"['SS', 'Standalone', 'version_184']",70001777,SENS_EVENT_MEASURE,104 cm,3590 mV,11 C,0 Degree,196 Times,
385,3941973,70B3D50070001777,1618735936944,FES Receiver,2021-04-18 10:52:17.221792,"['SS', 'Standalone', 'version_184']",70001777,SENS_EVENT_MEASURE,106 cm,3590 mV,13 C,1 Degree,197 Times,
384,3942515,70B3D50070001777,1618743136595,FES Receiver,2021-04-18 12:52:16.882384,"['SS', 'Standalone', 'version_184']",70001777,SENS_EVENT_MEASURE,104 cm,3600 mV,14 C,0 Degree,199 Times,
383,3942923,70B3D50070001777,1618746736341,FES Receiver,2021-04-18 13:52:16.631325,"['SS', 'Standalone', 'version_184']",70001777,SENS_EVENT_MEASURE,110 cm,3610 mV,16 C,0 Degree,200 Times,
382,3943362,70B3D50070001777,1618750336166,FES Receiver,2021-04-18 14:52:16.459942,"['SS', 'Standalone', 'version_184']",70001777,SENS_EVENT_MEASURE,104 cm,3620 mV,16 C,0 Degree,201 Times,
381,3944220,70B3D50070001777,1618757535822,FES Receiver,2021-04-18 16:52:16.124738,"['SS', 'Standalone', 'version_184']",70001777,SENS_EVENT_MEASURE,106 cm,3620 mV,18 C,1 Degree,203 Times,
380,3944763,70B3D50070001777,1618764735570,FES Receiver,2021-04-18 18:52:15.878377,"['SS', 'Standalone', 'version_184']",70001777,SENS_EVENT_MEASURE,104 cm,3610 mV,16 C,1 Degree,205 Times,
379,3945150,70B3D50070001777,1618768337228,FES Receiver,2021-04-18 19:52:17.431028,"['SS', 'Standalone', 'version_184']",70001777,SENS_EVENT_MEASURE,102 cm,3600 mV,12 C,0 Degree,206 Times,
378,3945705,70B3D50070001777,1618775536819,FES Receiver,2021-04-18 21:52:17.031046,"['SS', 'Standalone', 'version_184']",70001777,SENS_EVENT_MEASURE,100 cm,3600 mV,13 C,0 Degree,208 Times,
377,3946520,70B3D50070001777,1618782736550,FES Receiver,2021-04-18 23:52:16.769725,"['SS', 'Standalone', 'version_184']",70001777,SENS_EVENT_MEASURE,100 cm,3590 mV,11 C,0 Degree,210 Times,
376,3947321,70B3D50070001777,1618789936302,FES Receiver,2021-04-19 01:52:16.527527,"['SS', 'Standalone', 'version_184']",70001777,SENS_EVENT_MEASURE,100 cm,3590 mV,12 C,0 Degree,212 Times,
375,3947900,70B3D50070001777,1618797136052,FES Receiver,2021-04-19 03:52:16.28814,"['SS', 'Standalone', 'version_184']",70001777,SENS_EVENT_MEASURE,100 cm,3580 mV,11 C,1 Degree,214 Times,
374,3948293,70B3D50070001777,1618800735917,FES Receiver,2021-04-19 04:52:16.158029,"['SS', 'Standalone', 'version_184']",70001777,SENS_EVENT_MEASURE,100 cm,3580 mV,11 C,0 Degree,215 Times,
373,3949154,70B3D50070001777,1618811535620,FES Receiver,2021-04-19 07:52:15.875232,"['SS', 'Standalone', 'version_184']",70001777,SENS_EVENT_MEASURE,100 cm,3580 mV,10 C,0 Degree,218 Times,
372,3949576,70B3D50070001777,1618815135497,FES Receiver,2021-04-19 08:52:15.756126,"['SS', 'Standalone', 'version_184']",70001777,SENS_EVENT_MEASURE,100 cm,3600 mV,13 C,0 Degree,219 Times,
371,3950468,70B3D50070001777,1618822335049,FES Receiver,2021-04-19 10:52:15.314793,"['SS', 'Standalone', 'version_184']",70001777,SENS_EVENT_MEASURE,104 cm,3610 mV,19 C,0 Degree,221 Times,
370,3951268,70B3D50070001777,1618833134525,FES Receiver,2021-04-19 13:52:14.804167,"['SS', 'Standalone', 'version_184']",70001777,SENS_EVENT_MEASURE,100 cm,3630 mV,19 C,0 Degree,224 Times,
369,3951733,70B3D50070001777,1618836734490,FES Receiver,2021-04-19 14:52:14.772488,"['SS', 'Standalone', 'version_184']",70001777,SENS_EVENT_MEASURE,98 cm,3620 mV,17 C,1 Degree,225 Times,
368,3951835,70B3D50070001777,1618840314316,FES Receiver,2021-04-19 15:51:54.601672,"['SS', 'Standalone', 'version_184']",70001777,SENS_EVENT_MEASURE,98 cm,3620 mV,20 C,0 Degree,226 Times,
367,3952230,70B3D50070001777,1618843914169,FES Receiver,2021-04-19 16:51:54.460258,"['SS', 'Standalone', 'version_184']",70001777,SENS_EVENT_MEASURE,100 cm,3620 mV,19 C,1 Degree,227 Times,
366,3952634,70B3D50070001777,1618847518969,FES Receiver,2021-04-19 17:51:59.266818,"['SS', 'Standalone', 'version_184']",70001777,SENS_EVENT_MEASURE,94 cm,3620 mV,17 C,0 Degree,228 Times,
365,3953057,70B3D50070001777,1618851113819,FES Receiver,2021-04-19 18:51:54.118002,"['SS', 'Standalone', 'version_184']",70001777,SENS_EVENT_MEASURE,94 cm,3610 mV,17 C,0 Degree,229 Times,
364,3953446,70B3D50070001777,1618854715446,FES Receiver,2021-04-19 19:51:55.65368,"['SS', 'Standalone', 'version_184']",70001777,SENS_EVENT_MEASURE,102 cm,3610 mV,18 C,1 Degree,230 Times,
363,3953862,70B3D50070001777,1618858315371,FES Receiver,2021-04-19 20:51:55.587561,"['SS', 'Standalone', 'version_184']",70001777,SENS_EVENT_MEASURE,100 cm,3600 mV,12 C,0 Degree,231 Times,
362,3953946,70B3D50070001777,1618861915182,FES Receiver,2021-04-19 21:51:55.397848,"['SS', 'Standalone', 'version_184']",70001777,SENS_EVENT_MEASURE,102 cm,3600 mV,13 C,0 Degree,232 Times,
361,3954908,70B3D50070001777,1618872714812,FES Receiver,2021-04-20 00:51:55.042404,"['SS', 'Standalone', 'version_184']",70001777,SENS_EVENT_MEASURE,102 cm,3580 mV,11 C,0 Degree,235 Times,
360,3955266,70B3D50070001777,1618876314698,FES Receiver,2021-04-20 01:51:54.931362,"['SS', 'Standalone', 'version_184']",70001777,SENS_EVENT_MEASURE,94 cm,3580 mV,10 C,0 Degree,236 Times,
359,3955686,70B3D50070001777,1618879914583,FES Receiver,2021-04-20 02:51:54.821099,"['SS', 'Standalone', 'version_184']",70001777,SENS_EVENT_MEASURE,96 cm,3570 mV,10 C,1 Degree,237 Times,
358,3956201,70B3D50070001777,1618887114373,FES Receiver,2021-04-20 04:51:54.622192,"['SS', 'Standalone', 'version_184']",70001777,SENS_EVENT_MEASURE,100 cm,3570 mV,10 C,0 Degree,239 Times,
357,3956599,70B3D50070001777,1618890714277,FES Receiver,2021-04-20 05:51:54.530843,"['SS', 'Standalone', 'version_184']",70001777,SENS_EVENT_MEASURE,96 cm,3570 mV,10 C,1 Degree,240 Times,
356,3957199,70B3D50070001777,1618897914067,FES Receiver,2021-04-20 07:51:54.327581,"['SS', 'Standalone', 'version_184']",70001777,SENS_EVENT_MEASURE,96 cm,3570 mV,9 C,0 Degree,242 Times,
355,3957677,70B3D50070001777,1618901513812,FES Receiver,2021-04-20 08:51:54.078034,"['SS', 'Standalone', 'version_184']",70001777,SENS_EVENT_MEASURE,94 cm,3580 mV,11 C,0 Degree,243 Times,
354,3957792,70B3D50070001777,1618905113618,FES Receiver,2021-04-20 09:51:53.887848,"['SS', 'Standalone', 'version_184']",70001777,SENS_EVENT_MEASURE,96 cm,3610 mV,19 C,0 Degree,244 Times,
353,3958238,70B3D50070001777,1618908713383,FES Receiver,2021-04-20 10:51:53.657136,"['SS', 'Standalone', 'version_184']",70001777,SENS_EVENT_MEASURE,96 cm,3640 mV,32 C,1 Degree,245 Times,
352,3959103,70B3D50070001777,1618919512940,FES Receiver,2021-04-20 13:51:53.226591,"['SS', 'Standalone', 'version_184']",70001777,SENS_EVENT_MEASURE,96 cm,3640 mV,40 C,0 Degree,248 Times,
351,3959785,70B3D50070001777,1618926712531,FES Receiver,2021-04-20 15:51:52.826103,"['SS', 'Standalone', 'version_184']",70001777,SENS_EVENT_MEASURE,92 cm,3630 mV,19 C,0 Degree,250 Times,
350,3960188,70B3D50070001777,1618930312356,FES Receiver,2021-04-20 16:51:52.656375,"['SS', 'Standalone', 'version_184']",70001777,SENS_EVENT_MEASURE,98 cm,3600 mV,20 C,0 Degree,251 Times,
349,3960618,70B3D50070001777,1618933912342,FES Receiver,2021-04-20 17:51:52.647887,"['SS', 'Standalone', 'version_184']",70001777,SENS_EVENT_MEASURE,98 cm,3620 mV,19 C,0 Degree,252 Times,
348,3961474,70B3D50070001777,1618941113785,FES Receiver,2021-04-20 19:51:53.994615,"['SS', 'Standalone', 'version_184']",70001777,SENS_EVENT_MEASURE,98 cm,3610 mV,19 C,0 Degree,254 Times,
347,3961868,70B3D50070001777,1618944713636,FES Receiver,2021-04-20 20:51:53.849526,"['SS', 'Standalone', 'version_184']",70001777,SENS_EVENT_MEASURE,94 cm,3610 mV,16 C,1 Degree,255 Times,
346,3962068,70B3D50070001777,1618948313476,FES Receiver,2021-04-20 21:51:53.694463,"['SS', 'Standalone', 'version_184']",70001777,SENS_EVENT_MEASURE,82 cm,3600 mV,16 C,0 Degree,0 Times,
345,3962454,70B3D50070001777,1618951913281,FES Receiver,2021-04-20 22:51:53.503065,"['SS', 'Standalone', 'version_184']",70001777,SENS_EVENT_MEASURE,84 cm,3600 mV,16 C,0 Degree,1 Times,
344,3962860,70B3D50070001777,1618955513267,FES Receiver,2021-04-20 23:51:53.49388,"['SS', 'Standalone', 'version_184']",70001777,SENS_EVENT_MEASURE,84 cm,3590 mV,13 C,0 Degree,2 Times,
343,3963266,70B3D50070001777,1618959113132,FES Receiver,2021-04-21 00:51:53.362252,"['SS', 'Standalone', 'version_184']",70001777,SENS_EVENT_MEASURE,84 cm,3590 mV,13 C,0 Degree,3 Times,
342,3963646,70B3D50070001777,1618962712998,FES Receiver,2021-04-21 01:51:53.232345,"['SS', 'Standalone', 'version_184']",70001777,SENS_EVENT_MEASURE,82 cm,3580 mV,11 C,0 Degree,4 Times,
341,3964133,70B3D50070001777,1618969912754,FES Receiver,2021-04-21 03:51:52.999026,"['SS', 'Standalone', 'version_184']",70001777,SENS_EVENT_MEASURE,82 cm,3580 mV,11 C,0 Degree,6 Times,
340,3964531,70B3D50070001777,1618973512633,FES Receiver,2021-04-21 04:51:52.885406,"['SS', 'Standalone', 'version_184']",70001777,SENS_EVENT_MEASURE,84 cm,3570 mV,10 C,1 Degree,7 Times,
339,3964931,70B3D50070001777,1618977112697,FES Receiver,2021-04-21 05:51:52.950418,"['SS', 'Standalone', 'version_184']",70001777,SENS_EVENT_MEASURE,84 cm,3570 mV,10 C,0 Degree,8 Times,
338,3965108,70B3D50070001777,1618980712562,FES Receiver,2021-04-21 06:51:52.82289,"['SS', 'Standalone', 'version_184']",70001777,SENS_EVENT_MEASURE,84 cm,3570 mV,11 C,0 Degree,9 Times,
337,3965529,70B3D50070001777,1618984312468,FES Receiver,2021-04-21 07:51:52.730644,"['SS', 'Standalone', 'version_184']",70001777,SENS_EVENT_MEASURE,86 cm,3570 mV,10 C,0 Degree,10 Times,
336,3966019,70B3D50070001777,1618987912100,FES Receiver,2021-04-21 08:51:52.367027,"['SS', 'Standalone', 'version_184']",70001777,SENS_EVENT_MEASURE,80 cm,3610 mV,18 C,0 Degree,11 Times,
335,3966158,70B3D50070001777,1618991511924,FES Receiver,2021-04-21 09:51:52.195385,"['SS', 'Standalone', 'version_184']",70001777,SENS_EVENT_MEASURE,84 cm,3630 mV,25 C,0 Degree,12 Times,
334,3967330,70B3D50070001777,1619005911279,FES Receiver,2021-04-21 13:51:51.569394,"['SS', 'Standalone', 'version_184']",70001777,SENS_EVENT_MEASURE,82 cm,3640 mV,40 C,0 Degree,16 Times,
333,3967716,70B3D50070001777,1619009511064,FES Receiver,2021-04-21 14:51:51.358099,"['SS', 'Standalone', 'version_184']",70001777,SENS_EVENT_MEASURE,78 cm,3640 mV,24 C,0 Degree,17 Times,
332,3967838,70B3D50070001777,1619013110908,FES Receiver,2021-04-21 15:51:51.205382,"['SS', 'Standalone', 'version_184']",70001777,SENS_EVENT_MEASURE,80 cm,3630 mV,21 C,0 Degree,18 Times,
331,3968230,70B3D50070001777,1619016710855,FES Receiver,2021-04-21 16:51:51.157161,"['SS', 'Standalone', 'version_184']",70001777,SENS_EVENT_MEASURE,78 cm,3610 mV,16 C,0 Degree,19 Times,
330,3968845,70B3D50070001777,1619023910526,FES Receiver,2021-04-21 18:51:50.842039,"['SS', 'Standalone', 'version_184']",70001777,SENS_EVENT_MEASURE,80 cm,3610 mV,19 C,0 Degree,21 Times,
329,3969249,70B3D50070001777,1619027512061,FES Receiver,2021-04-21 19:51:52.274112,"['SS', 'Standalone', 'version_184']",70001777,SENS_EVENT_MEASURE,80 cm,3610 mV,17 C,0 Degree,22 Times,
328,3969660,70B3D50070001777,1619031111787,FES Receiver,2021-04-21 20:51:52.004697,"['SS', 'Standalone', 'version_184']",70001777,SENS_EVENT_MEASURE,84 cm,3600 mV,13 C,0 Degree,23 Times,
327,3969805,70B3D50070001777,1619034711672,FES Receiver,2021-04-21 21:51:51.893524,"['SS', 'Standalone', 'version_184']",70001777,SENS_EVENT_MEASURE,84 cm,3590 mV,14 C,0 Degree,24 Times,
326,3970210,70B3D50070001777,1619038311537,FES Receiver,2021-04-21 22:51:51.76484,"['SS', 'Standalone', 'version_184']",70001777,SENS_EVENT_MEASURE,86 cm,3590 mV,14 C,0 Degree,25 Times,
325,3970770,70B3D50070001777,1619045511268,FES Receiver,2021-04-22 00:51:51.502968,"['SS', 'Standalone', 'version_184']",70001777,SENS_EVENT_MEASURE,86 cm,3590 mV,11 C,0 Degree,27 Times,
324,3971601,70B3D50070001777,1619052711125,FES Receiver,2021-04-22 02:51:51.368738,"['SS', 'Standalone', 'version_184']",70001777,SENS_EVENT_MEASURE,86 cm,3580 mV,11 C,0 Degree,29 Times,
323,3971737,70B3D50070001777,1619056311003,FES Receiver,2021-04-22 03:51:51.252675,"['SS', 'Standalone', 'version_184']",70001777,SENS_EVENT_MEASURE,90 cm,3570 mV,11 C,1 Degree,30 Times,
322,3972591,70B3D50070001777,1619067110678,FES Receiver,2021-04-22 06:51:50.943752,"['SS', 'Standalone', 'version_184']",70001777,SENS_EVENT_MEASURE,84 cm,3550 mV,7 C,0 Degree,33 Times,
321,3973005,70B3D50070001777,1619070710583,FES Receiver,2021-04-22 07:51:50.851131,"['SS', 'Standalone', 'version_184']",70001777,SENS_EVENT_MEASURE,86 cm,3560 mV,9 C,0 Degree,34 Times,
320,3973412,70B3D50070001777,1619074310389,FES Receiver,2021-04-22 08:51:50.662144,"['SS', 'Standalone', 'version_184']",70001777,SENS_EVENT_MEASURE,84 cm,3590 mV,14 C,0 Degree,35 Times,
319,3973941,70B3D50070001777,1619081509880,FES Receiver,2021-04-22 10:51:50.163957,"['SS', 'Standalone', 'version_184']",70001777,SENS_EVENT_MEASURE,80 cm,3630 mV,28 C,0 Degree,37 Times,
318,3974627,70B3D50070001777,1619092309317,FES Receiver,2021-04-22 13:51:49.609785,"['SS', 'Standalone', 'version_184']",70001777,SENS_EVENT_MEASURE,82 cm,3640 mV,32 C,0 Degree,40 Times,
317,3975042,70B3D50070001777,1619095909163,FES Receiver,2021-04-22 14:51:49.459669,"['SS', 'Standalone', 'version_184']",70001777,SENS_EVENT_MEASURE,76 cm,3630 mV,19 C,0 Degree,41 Times,
316,3975192,70B3D50070001777,1619099509008,FES Receiver,2021-04-22 15:51:49.308792,"['SS', 'Standalone', 'version_184']",70001777,SENS_EVENT_MEASURE,82 cm,3610 mV,17 C,0 Degree,42 Times,
315,3975597,70B3D50070001777,1619103109001,FES Receiver,2021-04-22 16:51:49.307009,"['SS', 'Standalone', 'version_184']",70001777,SENS_EVENT_MEASURE,90 cm,3610 mV,17 C,0 Degree,43 Times,
314,3976187,70B3D50070001777,1619110308558,FES Receiver,2021-04-22 18:51:48.869779,"['SS', 'Standalone', 'version_184']",70001777,SENS_EVENT_MEASURE,80 cm,3600 mV,15 C,0 Degree,45 Times,
313,3976598,70B3D50070001777,1619113910183,FES Receiver,2021-04-22 19:51:50.393049,"['SS', 'Standalone', 'version_184']",70001777,SENS_EVENT_MEASURE,78 cm,3600 mV,15 C,0 Degree,46 Times,
312,3977012,70B3D50070001777,1619117510209,FES Receiver,2021-04-22 20:51:50.424057,"['SS', 'Standalone', 'version_184']",70001777,SENS_EVENT_MEASURE,74 cm,3590 mV,13 C,0 Degree,47 Times,
311,3977156,70B3D50070001777,1619121110055,FES Receiver,2021-04-22 21:51:50.273352,"['SS', 'Standalone', 'version_184']",70001777,SENS_EVENT_MEASURE,74 cm,3590 mV,12 C,0 Degree,48 Times,
310,3978140,70B3D50070001777,1619131909551,FES Receiver,2021-04-23 00:51:49.782138,"['SS', 'Standalone', 'version_184']",70001777,SENS_EVENT_MEASURE,74 cm,3570 mV,10 C,0 Degree,51 Times,
309,3978527,70B3D50070001777,1619135509577,FES Receiver,2021-04-23 01:51:49.817972,"['SS', 'Standalone', 'version_184']",70001777,SENS_EVENT_MEASURE,74 cm,3560 mV,11 C,0 Degree,52 Times,
308,3978951,70B3D50070001777,1619139109402,FES Receiver,2021-04-23 02:51:49.642888,"['SS', 'Standalone', 'version_184']",70001777,SENS_EVENT_MEASURE,74 cm,3560 mV,9 C,0 Degree,53 Times,
307,3979084,70B3D50070001777,1619142709408,FES Receiver,2021-04-23 03:51:49.651828,"['SS', 'Standalone', 'version_184']",70001777,SENS_EVENT_MEASURE,74 cm,3560 mV,9 C,0 Degree,54 Times,
306,3979487,70B3D50070001777,1619146309312,FES Receiver,2021-04-23 04:51:49.560025,"['SS', 'Standalone', 'version_184']",70001777,SENS_EVENT_MEASURE,74 cm,3550 mV,7 C,0 Degree,55 Times,
305,3979869,70B3D50070001777,1619153509102,FES Receiver,2021-04-23 06:51:49.360842,"['SS', 'Standalone', 'version_184']",70001777,SENS_EVENT_MEASURE,74 cm,3550 mV,7 C,0 Degree,57 Times,
304,3980276,70B3D50070001777,1619157109007,FES Receiver,2021-04-23 07:51:49.269713,"['SS', 'Standalone', 'version_184']",70001777,SENS_EVENT_MEASURE,72 cm,3560 mV,7 C,0 Degree,58 Times,
303,3980708,70B3D50070001777,1619160708813,FES Receiver,2021-04-23 08:51:49.079355,"['SS', 'Standalone', 'version_184']",70001777,SENS_EVENT_MEASURE,76 cm,3600 mV,17 C,0 Degree,59 Times,
302,3981100,70B3D50070001777,1619164308538,FES Receiver,2021-04-23 09:51:48.812029,"['SS', 'Standalone', 'version_184']",70001777,SENS_EVENT_MEASURE,76 cm,3620 mV,22 C,0 Degree,60 Times,
301,3981482,70B3D50070001777,1619167908364,FES Receiver,2021-04-23 10:51:48.639786,"['SS', 'Standalone', 'version_184']",70001777,SENS_EVENT_MEASURE,74 cm,3640 mV,28 C,1 Degree,61 Times,
300,3981894,70B3D50070001777,1619171508170,FES Receiver,2021-04-23 11:51:48.449802,"['SS', 'Standalone', 'version_184']",70001777,SENS_EVENT_MEASURE,72 cm,3640 mV,33 C,0 Degree,62 Times,
299,3982472,70B3D50070001777,1619178707826,FES Receiver,2021-04-23 13:51:48.114215,"['SS', 'Standalone', 'version_184']",70001777,SENS_EVENT_MEASURE,74 cm,3640 mV,38 C,0 Degree,64 Times,
298,3982915,70B3D50070001777,1619182307640,FES Receiver,2021-04-23 14:51:47.936078,"['SS', 'Standalone', 'version_184']",70001777,SENS_EVENT_MEASURE,76 cm,3630 mV,19 C,1 Degree,65 Times,
297,3983055,70B3D50070001777,1619185907595,FES Receiver,2021-04-23 15:51:47.891371,"['SS', 'Standalone', 'version_184']",70001777,SENS_EVENT_MEASURE,72 cm,3610 mV,15 C,0 Degree,66 Times,
296,3983458,70B3D50070001777,1619189507338,FES Receiver,2021-04-23 16:51:47.638345,"['SS', 'Standalone', 'version_184']",70001777,SENS_EVENT_MEASURE,70 cm,3610 mV,17 C,0 Degree,67 Times,
295,3983900,70B3D50070001777,1619193107264,FES Receiver,2021-04-23 17:51:47.570533,"['SS', 'Standalone', 'version_184']",70001777,SENS_EVENT_MEASURE,70 cm,3610 mV,15 C,0 Degree,68 Times,
294,3984327,70B3D50070001777,1619196707009,FES Receiver,2021-04-23 18:51:47.318451,"['SS', 'Standalone', 'version_184']",70001777,SENS_EVENT_MEASURE,72 cm,3610 mV,16 C,0 Degree,69 Times,
293,3984473,70B3D50070001777,1619200308643,FES Receiver,2021-04-23 19:51:48.854753,"['SS', 'Standalone', 'version_184']",70001777,SENS_EVENT_MEASURE,70 cm,3600 mV,15 C,0 Degree,70 Times,
292,3984892,70B3D50070001777,1619203908489,FES Receiver,2021-04-23 20:51:48.703401,"['SS', 'Standalone', 'version_184']",70001777,SENS_EVENT_MEASURE,70 cm,3600 mV,13 C,0 Degree,71 Times,
291,3985011,70B3D50070001777,1619207508375,FES Receiver,2021-04-23 21:51:48.594802,"['SS', 'Standalone', 'version_184']",70001777,SENS_EVENT_MEASURE,72 cm,3590 mV,14 C,1 Degree,72 Times,
290,3985407,70B3D50070001777,1619211108247,FES Receiver,2021-04-23 22:51:48.470325,"['SS', 'Standalone', 'version_184']",70001777,SENS_EVENT_MEASURE,72 cm,3580 mV,13 C,0 Degree,73 Times,
289,3985830,70B3D50070001777,1619214708127,FES Receiver,2021-04-23 23:51:48.354496,"['SS', 'Standalone', 'version_184']",70001777,SENS_EVENT_MEASURE,72 cm,3580 mV,11 C,0 Degree,74 Times,
288,3986267,70B3D50070001777,1619218307984,FES Receiver,2021-04-24 00:51:48.217045,"['SS', 'Standalone', 'version_184']",70001777,SENS_EVENT_MEASURE,72 cm,3580 mV,12 C,0 Degree,75 Times,
287,3986411,70B3D50070001777,1619221907878,FES Receiver,2021-04-24 01:51:48.115399,"['SS', 'Standalone', 'version_184']",70001777,SENS_EVENT_MEASURE,70 cm,3580 mV,11 C,0 Degree,76 Times,
286,3986828,70B3D50070001777,1619225507763,FES Receiver,2021-04-24 02:51:48.004504,"['SS', 'Standalone', 'version_184']",70001777,SENS_EVENT_MEASURE,70 cm,3570 mV,10 C,1 Degree,77 Times,
285,3986968,70B3D50070001777,1619229107614,FES Receiver,2021-04-24 03:51:47.860128,"['SS', 'Standalone', 'version_184']",70001777,SENS_EVENT_MEASURE,72 cm,3570 mV,11 C,0 Degree,78 Times,
284,3987363,70B3D50070001777,1619232707499,FES Receiver,2021-04-24 04:51:47.749805,"['SS', 'Standalone', 'version_184']",70001777,SENS_EVENT_MEASURE,72 cm,3570 mV,9 C,0 Degree,79 Times,
283,3987762,70B3D50070001777,1619236307384,FES Receiver,2021-04-24 05:51:47.641542,"['SS', 'Standalone', 'version_184']",70001777,SENS_EVENT_MEASURE,70 cm,3530 mV,9 C,0 Degree,80 Times,
282,3988194,70B3D50070001777,1619239907282,FES Receiver,2021-04-24 06:51:47.543562,"['SS', 'Standalone', 'version_184']",70001777,SENS_EVENT_MEASURE,70 cm,3560 mV,10 C,0 Degree,81 Times,
281,3988346,70B3D50070001777,1619243507168,FES Receiver,2021-04-24 07:51:47.433169,"['SS', 'Standalone', 'version_184']",70001777,SENS_EVENT_MEASURE,70 cm,3570 mV,11 C,0 Degree,82 Times,
280,3988753,70B3D50070001777,1619247107120,FES Receiver,2021-04-24 08:51:47.389817,"['SS', 'Standalone', 'version_184']",70001777,SENS_EVENT_MEASURE,68 cm,3600 mV,14 C,0 Degree,83 Times,
279,3988872,70B3D50070001777,1619250706806,FES Receiver,2021-04-24 09:51:47.078929,"['SS', 'Standalone', 'version_184']",70001777,SENS_EVENT_MEASURE,70 cm,3620 mV,20 C,0 Degree,84 Times,
278,3989260,70B3D50070001777,1619254306604,FES Receiver,2021-04-24 10:51:46.882643,"['SS', 'Standalone', 'version_184']",70001777,SENS_EVENT_MEASURE,70 cm,3640 mV,28 C,0 Degree,85 Times,
277,3989676,70B3D50070001777,1619257906417,FES Receiver,2021-04-24 11:51:46.701613,"['SS', 'Standalone', 'version_184']",70001777,SENS_EVENT_MEASURE,70 cm,3640 mV,32 C,1 Degree,86 Times,
276,3990233,70B3D50070001777,1619265106061,FES Receiver,2021-04-24 13:51:46.351984,"['SS', 'Standalone', 'version_184']",70001777,SENS_EVENT_MEASURE,74 cm,3640 mV,36 C,0 Degree,88 Times,
275,3990627,70B3D50070001777,1619268705887,FES Receiver,2021-04-24 14:51:46.181686,"['SS', 'Standalone', 'version_184']",70001777,SENS_EVENT_MEASURE,74 cm,3630 mV,20 C,0 Degree,89 Times,
274,3990760,70B3D50070001777,1619272305880,FES Receiver,2021-04-24 15:51:46.179389,"['SS', 'Standalone', 'version_184']",70001777,SENS_EVENT_MEASURE,64 cm,3610 mV,18 C,0 Degree,90 Times,
273,3991183,70B3D50070001777,1619275905558,FES Receiver,2021-04-24 16:51:45.865369,"['SS', 'Standalone', 'version_184']",70001777,SENS_EVENT_MEASURE,64 cm,3610 mV,16 C,0 Degree,91 Times,
272,3991612,70B3D50070001777,1619279505524,FES Receiver,2021-04-24 17:51:45.833766,"['SS', 'Standalone', 'version_184']",70001777,SENS_EVENT_MEASURE,62 cm,3610 mV,16 C,0 Degree,92 Times,
271,3992030,70B3D50070001777,1619283105337,FES Receiver,2021-04-24 18:51:45.648964,"['SS', 'Standalone', 'version_184']",70001777,SENS_EVENT_MEASURE,56 cm,3610 mV,16 C,0 Degree,93 Times,
270,3992186,70B3D50070001777,1619286706965,FES Receiver,2021-04-24 19:51:47.179481,"['SS', 'Standalone', 'version_184']",70001777,SENS_EVENT_MEASURE,62 cm,3610 mV,15 C,0 Degree,94 Times,
269,3992591,70B3D50070001777,1619290306814,FES Receiver,2021-04-24 20:51:47.031772,"['SS', 'Standalone', 'version_184']",70001777,SENS_EVENT_MEASURE,62 cm,3600 mV,13 C,0 Degree,95 Times,
268,3992731,70B3D50070001777,1619293906672,FES Receiver,2021-04-24 21:51:46.894346,"['SS', 'Standalone', 'version_184']",70001777,SENS_EVENT_MEASURE,62 cm,3590 mV,13 C,0 Degree,96 Times,
267,3993128,70B3D50070001777,1619297506558,FES Receiver,2021-04-24 22:51:46.783723,"['SS', 'Standalone', 'version_184']",70001777,SENS_EVENT_MEASURE,62 cm,3590 mV,12 C,0 Degree,97 Times,
266,3993976,70B3D50070001777,1619304706289,FES Receiver,2021-04-25 00:51:46.522217,"['SS', 'Standalone', 'version_184']",70001777,SENS_EVENT_MEASURE,64 cm,3580 mV,10 C,0 Degree,99 Times,
265,3994127,70B3D50070001777,1619308306176,FES Receiver,2021-04-25 01:51:46.412788,"['SS', 'Standalone', 'version_184']",70001777,SENS_EVENT_MEASURE,62 cm,3580 mV,10 C,0 Degree,100 Times,
264,3994570,70B3D50070001777,1619311906020,FES Receiver,2021-04-25 02:51:46.262226,"['SS', 'Standalone', 'version_184']",70001777,SENS_EVENT_MEASURE,62 cm,3570 mV,11 C,0 Degree,101 Times,
263,3994705,70B3D50070001777,1619315505905,FES Receiver,2021-04-25 03:51:46.1517,"['SS', 'Standalone', 'version_184']",70001777,SENS_EVENT_MEASURE,64 cm,3570 mV,10 C,0 Degree,102 Times,
262,3995087,70B3D50070001777,1619319105796,FES Receiver,2021-04-25 04:51:46.046981,"['SS', 'Standalone', 'version_184']",70001777,SENS_EVENT_MEASURE,62 cm,3570 mV,11 C,0 Degree,103 Times,
261,3995488,70B3D50070001777,1619322705681,FES Receiver,2021-04-25 05:51:45.936458,"['SS', 'Standalone', 'version_184']",70001777,SENS_EVENT_MEASURE,62 cm,3570 mV,10 C,0 Degree,104 Times,
260,3995905,70B3D50070001777,1619326305579,FES Receiver,2021-04-25 06:51:45.843453,"['SS', 'Standalone', 'version_184']",70001777,SENS_EVENT_MEASURE,64 cm,3560 mV,10 C,0 Degree,105 Times,
259,3996298,70B3D50070001777,1619329905385,FES Receiver,2021-04-25 07:51:45.648987,"['SS', 'Standalone', 'version_184']",70001777,SENS_EVENT_MEASURE,62 cm,3570 mV,9 C,0 Degree,106 Times,
258,3996735,70B3D50070001777,1619333505257,FES Receiver,2021-04-25 08:51:45.526243,"['SS', 'Standalone', 'version_184']",70001777,SENS_EVENT_MEASURE,54 cm,3600 mV,13 C,0 Degree,107 Times,
257,3996878,70B3D50070001777,1619337105076,FES Receiver,2021-04-25 09:51:45.348748,"['SS', 'Standalone', 'version_184']",70001777,SENS_EVENT_MEASURE,58 cm,3620 mV,19 C,1 Degree,108 Times,
256,3997318,70B3D50070001777,1619340704902,FES Receiver,2021-04-25 10:51:45.17972,"['SS', 'Standalone', 'version_184']",70001777,SENS_EVENT_MEASURE,58 cm,3630 mV,25 C,0 Degree,109 Times,
255,3997741,70B3D50070001777,1619344304709,FES Receiver,2021-04-25 11:51:44.989638,"['SS', 'Standalone', 'version_184']",70001777,SENS_EVENT_MEASURE,58 cm,3640 mV,30 C,0 Degree,110 Times,
254,3998154,70B3D50070001777,1619347904540,FES Receiver,2021-04-25 12:51:44.825442,"['SS', 'Standalone', 'version_184']",70001777,SENS_EVENT_MEASURE,58 cm,3640 mV,32 C,0 Degree,111 Times,
253,3998288,70B3D50070001777,1619351504358,FES Receiver,2021-04-25 13:51:44.648425,"['SS', 'Standalone', 'version_184']",70001777,SENS_EVENT_MEASURE,58 cm,3640 mV,35 C,0 Degree,112 Times,
252,3998729,70B3D50070001777,1619355104204,FES Receiver,2021-04-25 14:51:44.496945,"['SS', 'Standalone', 'version_184']",70001777,SENS_EVENT_MEASURE,58 cm,3620 mV,19 C,0 Degree,113 Times,
251,3998848,70B3D50070001777,1619358704040,FES Receiver,2021-04-25 15:51:44.337466,"['SS', 'Standalone', 'version_184']",70001777,SENS_EVENT_MEASURE,58 cm,3610 mV,15 C,0 Degree,114 Times,
250,3999296,70B3D50070001777,1619362303855,FES Receiver,2021-04-25 16:51:44.156892,"['SS', 'Standalone', 'version_184']",70001777,SENS_EVENT_MEASURE,54 cm,3610 mV,17 C,0 Degree,115 Times,
249,3999727,70B3D50070001777,1619365903702,FES Receiver,2021-04-25 17:51:44.008929,"['SS', 'Standalone', 'version_184']",70001777,SENS_EVENT_MEASURE,52 cm,3610 mV,15 C,0 Degree,116 Times,
248,4000157,70B3D50070001777,1619369503553,FES Receiver,2021-04-25 18:51:43.861408,"['SS', 'Standalone', 'version_184']",70001777,SENS_EVENT_MEASURE,50 cm,3600 mV,16 C,1 Degree,117 Times,
247,4000297,70B3D50070001777,1619373105205,FES Receiver,2021-04-25 19:51:45.418083,"['SS', 'Standalone', 'version_184']",70001777,SENS_EVENT_MEASURE,50 cm,3590 mV,14 C,0 Degree,118 Times,
246,4000709,70B3D50070001777,1619376705190,FES Receiver,2021-04-25 20:51:45.402364,"['SS', 'Standalone', 'version_184']",70001777,SENS_EVENT_MEASURE,50 cm,3590 mV,12 C,0 Degree,119 Times,
245,4000845,70B3D50070001777,1619380305036,FES Receiver,2021-04-25 21:51:45.252125,"['SS', 'Standalone', 'version_184']",70001777,SENS_EVENT_MEASURE,50 cm,3580 mV,11 C,0 Degree,120 Times,
244,4001238,70B3D50070001777,1619383904923,FES Receiver,2021-04-25 22:51:45.143175,"['SS', 'Standalone', 'version_184']",70001777,SENS_EVENT_MEASURE,54 cm,3580 mV,11 C,0 Degree,121 Times,
243,4001660,70B3D50070001777,1619387504814,FES Receiver,2021-04-25 23:51:45.038144,"['SS', 'Standalone', 'version_184']",70001777,SENS_EVENT_MEASURE,50 cm,3570 mV,10 C,0 Degree,122 Times,
242,4002092,70B3D50070001777,1619391104693,FES Receiver,2021-04-26 00:51:44.919651,"['SS', 'Standalone', 'version_184']",70001777,SENS_EVENT_MEASURE,50 cm,3570 mV,11 C,0 Degree,123 Times,
241,4002224,70B3D50070001777,1619394704560,FES Receiver,2021-04-26 01:51:44.791568,"['SS', 'Standalone', 'version_184']",70001777,SENS_EVENT_MEASURE,50 cm,3570 mV,10 C,1 Degree,124 Times,
240,4002635,70B3D50070001777,1619398304471,FES Receiver,2021-04-26 02:51:44.705961,"['SS', 'Standalone', 'version_184']",70001777,SENS_EVENT_MEASURE,50 cm,3570 mV,9 C,1 Degree,125 Times,
239,4002775,70B3D50070001777,1619401904376,FES Receiver,2021-04-26 03:51:44.616174,"['SS', 'Standalone', 'version_184']",70001777,SENS_EVENT_MEASURE,50 cm,3560 mV,10 C,0 Degree,126 Times,
238,4003188,70B3D50070001777,1619405504261,FES Receiver,2021-04-26 04:51:44.50619,"['SS', 'Standalone', 'version_184']",70001777,SENS_EVENT_MEASURE,50 cm,3550 mV,9 C,0 Degree,127 Times,
237,4003603,70B3D50070001777,1619409104186,FES Receiver,2021-04-26 05:51:44.435741,"['SS', 'Standalone', 'version_184']",70001777,SENS_EVENT_MEASURE,50 cm,3550 mV,7 C,0 Degree,128 Times,
236,4004046,70B3D50070001777,1619412704083,FES Receiver,2021-04-26 06:51:44.338191,"['SS', 'Standalone', 'version_184']",70001777,SENS_EVENT_MEASURE,50 cm,3550 mV,8 C,0 Degree,129 Times,
235,4004193,70B3D50070001777,1619416303956,FES Receiver,2021-04-26 07:51:44.213995,"['SS', 'Standalone', 'version_184']",70001777,SENS_EVENT_MEASURE,50 cm,3560 mV,7 C,0 Degree,130 Times,
234,4004627,70B3D50070001777,1619419904832,FES Receiver,2021-04-26 08:51:44.105049,"['SS', 'Standalone', 'version_184']",70001777,SENS_EVENT_MEASURE,52 cm,3600 mV,17 C,0 Degree,131 Times,
233,4004757,70B3D50070001777,1619423504650,FES Receiver,2021-04-26 09:51:43.917337,"['SS', 'Standalone', 'version_184']",70001777,SENS_EVENT_MEASURE,50 cm,3630 mV,25 C,0 Degree,132 Times,
232,4005204,70B3D50070001777,1619427104468,FES Receiver,2021-04-26 10:51:43.735918,"['SS', 'Standalone', 'version_184']",70001777,SENS_EVENT_MEASURE,46 cm,3640 mV,29 C,0 Degree,133 Times,
231,4005593,70B3D50070001777,1619430704288,FES Receiver,2021-04-26 11:51:43.553356,"['SS', 'Standalone', 'version_184']",70001777,SENS_EVENT_MEASURE,50 cm,3640 mV,34 C,0 Degree,134 Times,
230,4006168,70B3D50070001777,1619437903966,FES Receiver,2021-04-26 13:51:43.22631,"['SS', 'Standalone', 'version_184']",70001777,SENS_EVENT_MEASURE,46 cm,3640 mV,36 C,1 Degree,136 Times,
229,4006587,70B3D50070001777,1619441503794,FES Receiver,2021-04-26 14:51:43.051135,"['SS', 'Standalone', 'version_184']",70001777,SENS_EVENT_MEASURE,44 cm,3630 mV,19 C,0 Degree,137 Times,
228,4006722,70B3D50070001777,1619445103650,FES Receiver,2021-04-26 15:51:42.907966,"['SS', 'Standalone', 'version_184']",70001777,SENS_EVENT_MEASURE,44 cm,3600 mV,16 C,0 Degree,138 Times,
227,4007109,70B3D50070001777,1619448703522,FES Receiver,2021-04-26 16:51:42.776293,"['SS', 'Standalone', 'version_184']",70001777,SENS_EVENT_MEASURE,44 cm,3610 mV,18 C,0 Degree,139 Times,
226,4007513,70B3D50070001777,1619452303482,FES Receiver,2021-04-26 17:51:42.733779,"['SS', 'Standalone', 'version_184']",70001777,SENS_EVENT_MEASURE,44 cm,3610 mV,18 C,0 Degree,140 Times,
225,4007956,70B3D50070001777,1619455903167,FES Receiver,2021-04-26 18:51:42.414804,"['SS', 'Standalone', 'version_184']",70001777,SENS_EVENT_MEASURE,40 cm,3610 mV,16 C,0 Degree,141 Times,
224,4008343,70B3D50070001777,1619459503036,FES Receiver,2021-04-26 19:51:43.97192,"['SS', 'Standalone', 'version_184']",70001777,SENS_EVENT_MEASURE,44 cm,3600 mV,13 C,0 Degree,142 Times,
223,4008761,70B3D50070001777,1619463102898,FES Receiver,2021-04-26 20:51:43.831223,"['SS', 'Standalone', 'version_184']",70001777,SENS_EVENT_MEASURE,44 cm,3600 mV,13 C,0 Degree,143 Times,
222,4008897,70B3D50070001777,1619466702771,FES Receiver,2021-04-26 21:51:43.704143,"['SS', 'Standalone', 'version_184']",70001777,SENS_EVENT_MEASURE,44 cm,3590 mV,13 C,0 Degree,144 Times,
221,4009313,70B3D50070001777,1619470302656,FES Receiver,2021-04-26 22:51:43.583701,"['SS', 'Standalone', 'version_184']",70001777,SENS_EVENT_MEASURE,44 cm,3590 mV,13 C,1 Degree,145 Times,
220,4009738,70B3D50070001777,1619473902528,FES Receiver,2021-04-26 23:51:43.453831,"['SS', 'Standalone', 'version_184']",70001777,SENS_EVENT_MEASURE,44 cm,3580 mV,11 C,0 Degree,146 Times,
219,4010159,70B3D50070001777,1619477502388,FES Receiver,2021-04-27 00:51:43.309636,"['SS', 'Standalone', 'version_184']",70001777,SENS_EVENT_MEASURE,44 cm,3580 mV,11 C,0 Degree,147 Times,
218,4010553,70B3D50070001777,1619481102280,FES Receiver,2021-04-27 01:51:43.197945,"['SS', 'Standalone', 'version_184']",70001777,SENS_EVENT_MEASURE,44 cm,3570 mV,10 C,0 Degree,148 Times,
217,4010862,70B3D50070001777,1619488302097,FES Receiver,2021-04-27 03:51:43.010549,"['SS', 'Standalone', 'version_184']",70001777,SENS_EVENT_MEASURE,44 cm,3570 mV,10 C,0 Degree,150 Times,
216,4011274,70B3D50070001777,1619491902009,FES Receiver,2021-04-27 04:51:42.919522,"['SS', 'Standalone', 'version_184']",70001777,SENS_EVENT_MEASURE,44 cm,3570 mV,9 C,0 Degree,151 Times,
215,4011688,70B3D50070001777,1619495501922,FES Receiver,2021-04-27 05:51:42.830744,"['SS', 'Standalone', 'version_184']",70001777,SENS_EVENT_MEASURE,44 cm,3560 mV,10 C,0 Degree,152 Times,
214,4012144,70B3D50070001777,1619499101773,FES Receiver,2021-04-27 06:51:42.679261,"['SS', 'Standalone', 'version_184']",70001777,SENS_EVENT_MEASURE,44 cm,3560 mV,7 C,1 Degree,153 Times,
213,4012607,70B3D50070001777,1619502701723,FES Receiver,2021-04-27 07:51:42.624922,"['SS', 'Standalone', 'version_184']",70001777,SENS_EVENT_MEASURE,44 cm,3570 mV,11 C,0 Degree,154 Times,
212,4013090,70B3D50070001777,1619506301690,FES Receiver,2021-04-27 08:51:42.591415,"['SS', 'Standalone', 'version_184']",70001777,SENS_EVENT_MEASURE,40 cm,3610 mV,18 C,0 Degree,155 Times,
211,4013235,70B3D50070001777,1619509901350,FES Receiver,2021-04-27 09:51:42.246629,"['SS', 'Standalone', 'version_184']",70001777,SENS_EVENT_MEASURE,40 cm,3630 mV,25 C,0 Degree,156 Times,
210,4014131,70B3D50070001777,1619517101014,FES Receiver,2021-04-27 11:51:41.909809,"['SS', 'Standalone', 'version_184']",70001777,SENS_EVENT_MEASURE,50 cm,3640 mV,36 C,0 Degree,158 Times,
209,4015163,70B3D50070001777,1619527900518,FES Receiver,2021-04-27 14:51:41.403635,"['SS', 'Standalone', 'version_184']",70001777,SENS_EVENT_MEASURE,44 cm,3640 mV,20 C,0 Degree,161 Times,
208,4015700,70B3D50070001777,1619535100195,FES Receiver,2021-04-27 16:51:41.075864,"['SS', 'Standalone', 'version_184']",70001777,SENS_EVENT_MEASURE,36 cm,3610 mV,19 C,0 Degree,163 Times,
207,4016109,70B3D50070001777,1619538700049,FES Receiver,2021-04-27 17:51:40.928351,"['SS', 'Standalone', 'version_184']",70001777,SENS_EVENT_MEASURE,30 cm,3610 mV,17 C,0 Degree,164 Times,
206,4016517,70B3D50070001777,1619542299900,FES Receiver,2021-04-27 18:51:40.775718,"['SS', 'Standalone', 'version_184']",70001777,SENS_EVENT_MEASURE,26 cm,3610 mV,17 C,0 Degree,165 Times,
205,4017297,70B3D50070001777,1619549501930,FES Receiver,2021-04-27 20:51:42.129965,"['SS', 'Standalone', 'version_184']",70001777,SENS_EVENT_MEASURE,24 cm,3600 mV,15 C,0 Degree,167 Times,
204,4017411,70B3D50070001777,1619553101795,FES Receiver,2021-04-27 21:51:41.992148,"['SS', 'Standalone', 'version_184']",70001777,SENS_EVENT_MEASURE,24 cm,3600 mV,15 C,0 Degree,168 Times,
203,4017806,70B3D50070001777,1619556701647,FES Receiver,2021-04-27 22:51:41.841124,"['SS', 'Standalone', 'version_184']",70001777,SENS_EVENT_MEASURE,24 cm,3600 mV,14 C,0 Degree,169 Times,
202,4018210,70B3D50070001777,1619560301520,FES Receiver,2021-04-27 23:51:41.710745,"['SS', 'Standalone', 'version_184']",70001777,SENS_EVENT_MEASURE,24 cm,3590 mV,12 C,0 Degree,170 Times,
201,4018629,70B3D50070001777,1619563901392,FES Receiver,2021-04-28 00:51:41.581104,"['SS', 'Standalone', 'version_184']",70001777,SENS_EVENT_MEASURE,24 cm,3590 mV,13 C,0 Degree,171 Times,
200,4018997,70B3D50070001777,1619567501264,FES Receiver,2021-04-28 01:51:41.451976,"['SS', 'Standalone', 'version_184']",70001777,SENS_EVENT_MEASURE,24 cm,3580 mV,13 C,0 Degree,172 Times,
199,4019422,70B3D50070001777,1619571101136,FES Receiver,2021-04-28 02:51:41.32033,"['SS', 'Standalone', 'version_184']",70001777,SENS_EVENT_MEASURE,24 cm,3580 mV,10 C,0 Degree,173 Times,
198,4019548,70B3D50070001777,1619574701013,FES Receiver,2021-04-28 03:51:41.198788,"['SS', 'Standalone', 'version_184']",70001777,SENS_EVENT_MEASURE,24 cm,3580 mV,10 C,0 Degree,174 Times,
197,4020384,70B3D50070001777,1619581900693,FES Receiver,2021-04-28 05:51:40.869766,"['SS', 'Standalone', 'version_184']",70001777,SENS_EVENT_MEASURE,24 cm,3570 mV,10 C,1 Degree,176 Times,
196,4020844,70B3D50070001777,1619585500565,FES Receiver,2021-04-28 06:51:40.739549,"['SS', 'Standalone', 'version_184']",70001777,SENS_EVENT_MEASURE,24 cm,3570 mV,11 C,0 Degree,177 Times,
195,4021306,70B3D50070001777,1619589100457,FES Receiver,2021-04-28 07:51:40.62877,"['SS', 'Standalone', 'version_184']",70001777,SENS_EVENT_MEASURE,24 cm,3580 mV,11 C,0 Degree,178 Times,
194,4021768,70B3D50070001777,1619592700330,FES Receiver,2021-04-28 08:51:40.499353,"['SS', 'Standalone', 'version_184']",70001777,SENS_EVENT_MEASURE,24 cm,3610 mV,20 C,0 Degree,179 Times,
193,4022041,70B3D50070001777,1619599899974,FES Receiver,2021-04-28 10:51:40.13746,"['SS', 'Standalone', 'version_184']",70001777,SENS_EVENT_MEASURE,24 cm,3640 mV,34 C,0 Degree,181 Times,
192,4023107,70B3D50070001777,1619610699490,FES Receiver,2021-04-28 13:51:39.647587,"['SS', 'Standalone', 'version_184']",70001777,SENS_EVENT_MEASURE,26 cm,3650 mV,40 C,1 Degree,184 Times,
191,4023639,70B3D50070001777,1619617899156,FES Receiver,2021-04-28 15:51:39.307187,"['SS', 'Standalone', 'version_184']",70001777,SENS_EVENT_MEASURE,18 cm,3630 mV,23 C,0 Degree,186 Times,
190,4024209,70B3D50070001777,1619625098800,FES Receiver,2021-04-28 17:51:38.948844,"['SS', 'Standalone', 'version_184']",70001777,SENS_EVENT_MEASURE,18 cm,3630 mV,22 C,0 Degree,188 Times,
189,4024668,70B3D50070001777,1619628698633,FES Receiver,2021-04-28 18:51:38.775167,"['SS', 'Standalone', 'version_184']",70001777,SENS_EVENT_MEASURE,18 cm,3620 mV,20 C,1 Degree,189 Times,
188,4025080,70B3D50070001777,1619632300096,FES Receiver,2021-04-28 19:51:40.30206,"['SS', 'Standalone', 'version_184']",70001777,SENS_EVENT_MEASURE,18 cm,3620 mV,18 C,1 Degree,190 Times,
187,4025503,70B3D50070001777,1619635899941,FES Receiver,2021-04-28 20:51:40.143935,"['SS', 'Standalone', 'version_184']",70001777,SENS_EVENT_MEASURE,14 cm,3610 mV,17 C,0 Degree,191 Times,
186,4025635,70B3D50070001777,1619639499793,FES Receiver,2021-04-28 21:51:39.992592,"['SS', 'Standalone', 'version_184']",70001777,SENS_EVENT_MEASURE,16 cm,3600 mV,15 C,0 Degree,192 Times,
185,4025751,70B3D50070001777,1619643099646,FES Receiver,2021-04-28 22:51:39.841398,"['SS', 'Standalone', 'version_184']",70001777,SENS_EVENT_MEASURE,14 cm,3600 mV,15 C,0 Degree,193 Times,
184,4026176,70B3D50070001777,1619646699500,FES Receiver,2021-04-28 23:51:39.691592,"['SS', 'Standalone', 'version_184']",70001777,SENS_EVENT_MEASURE,14 cm,3590 mV,15 C,0 Degree,194 Times,
183,4027020,70B3D50070001777,1619653899223,FES Receiver,2021-04-29 01:51:39.409572,"['SS', 'Standalone', 'version_184']",70001777,SENS_EVENT_MEASURE,14 cm,3590 mV,13 C,0 Degree,196 Times,
182,4027428,70B3D50070001777,1619657499095,FES Receiver,2021-04-29 02:51:39.278647,"['SS', 'Standalone', 'version_184']",70001777,SENS_EVENT_MEASURE,14 cm,3590 mV,15 C,0 Degree,197 Times,
181,4027568,70B3D50070001777,1619661078955,FES Receiver,2021-04-29 03:51:19.13609,"['SS', 'Standalone', 'version_184']",70001777,SENS_EVENT_MEASURE,14 cm,3590 mV,13 C,0 Degree,198 Times,
180,4027706,70B3D50070001777,1619664678819,FES Receiver,2021-04-29 04:51:18.997533,"['SS', 'Standalone', 'version_184']",70001777,SENS_EVENT_MEASURE,14 cm,3590 mV,13 C,0 Degree,199 Times,
179,4028111,70B3D50070001777,1619668278691,FES Receiver,2021-04-29 05:51:18.868166,"['SS', 'Standalone', 'version_184']",70001777,SENS_EVENT_MEASURE,16 cm,3590 mV,13 C,0 Degree,200 Times,
178,4028211,70B3D50070001777,1619671878563,FES Receiver,2021-04-29 06:51:18.737105,"['SS', 'Standalone', 'version_184']",70001777,SENS_EVENT_MEASURE,14 cm,3590 mV,13 C,0 Degree,201 Times,
177,4028664,70B3D50070001777,1619675478435,FES Receiver,2021-04-29 07:51:18.605983,"['SS', 'Standalone', 'version_184']",70001777,SENS_EVENT_MEASURE,18 cm,3590 mV,13 C,0 Degree,202 Times,
176,4029136,70B3D50070001777,1619679078295,FES Receiver,2021-04-29 08:51:18.465031,"['SS', 'Standalone', 'version_184']",70001777,SENS_EVENT_MEASURE,16 cm,3600 mV,14 C,0 Degree,203 Times,
175,4029283,70B3D50070001777,1619682678139,FES Receiver,2021-04-29 09:51:18.304127,"['SS', 'Standalone', 'version_184']",70001777,SENS_EVENT_MEASURE,18 cm,3610 mV,17 C,0 Degree,204 Times,
174,4029663,70B3D50070001777,1619686277991,FES Receiver,2021-04-29 10:51:18.154336,"['SS', 'Standalone', 'version_184']",70001777,SENS_EVENT_MEASURE,20 cm,3620 mV,17 C,0 Degree,205 Times,
173,4030930,70B3D50070001777,1619700677241,FES Receiver,2021-04-29 14:51:17.392848,"['SS', 'Standalone', 'version_184']",70001777,SENS_EVENT_MEASURE,14 cm,3630 mV,21 C,0 Degree,209 Times,
172,4031068,70B3D50070001777,1619704277073,FES Receiver,2021-04-29 15:51:17.221981,"['SS', 'Standalone', 'version_184']",70001777,SENS_EVENT_MEASURE,14 cm,3620 mV,20 C,0 Degree,210 Times,
171,4031505,70B3D50070001777,1619707876909,FES Receiver,2021-04-29 16:51:17.056178,"['SS', 'Standalone', 'version_184']",70001777,SENS_EVENT_MEASURE,14 cm,3620 mV,20 C,0 Degree,211 Times,
170,4032017,70B3D50070001777,1619711476737,FES Receiver,2021-04-29 17:51:16.881293,"['SS', 'Standalone', 'version_184']",70001777,SENS_EVENT_MEASURE,14 cm,3620 mV,18 C,1 Degree,212 Times,
169,4032578,70B3D50070001777,1619715081634,FES Receiver,2021-04-29 18:51:21.77678,"['SS', 'Standalone', 'version_184']",70001777,SENS_EVENT_MEASURE,14 cm,3610 mV,18 C,0 Degree,213 Times,
168,4033323,70B3D50070001777,1619722277965,FES Receiver,2021-04-29 20:51:18.164144,"['SS', 'Standalone', 'version_184']",70001777,SENS_EVENT_MEASURE,14 cm,3590 mV,12 C,0 Degree,215 Times,
167,4033493,70B3D50070001777,1619725877837,FES Receiver,2021-04-29 21:51:18.032564,"['SS', 'Standalone', 'version_184']",70001777,SENS_EVENT_MEASURE,14 cm,3590 mV,12 C,0 Degree,216 Times,
166,4033969,70B3D50070001777,1619729477697,FES Receiver,2021-04-29 22:51:17.889223,"['SS', 'Standalone', 'version_184']",70001777,SENS_EVENT_MEASURE,14 cm,3580 mV,13 C,0 Degree,217 Times,
165,4034435,70B3D50070001777,1619733077582,FES Receiver,2021-04-29 23:51:17.771104,"['SS', 'Standalone', 'version_184']",70001777,SENS_EVENT_MEASURE,14 cm,3570 mV,11 C,0 Degree,218 Times,
164,4034877,70B3D50070001777,1619736677474,FES Receiver,2021-04-30 00:51:17.664654,"['SS', 'Standalone', 'version_184']",70001777,SENS_EVENT_MEASURE,14 cm,3570 mV,10 C,0 Degree,219 Times,
163,4035520,70B3D50070001777,1619743877338,FES Receiver,2021-04-30 02:51:17.521468,"['SS', 'Standalone', 'version_184']",70001777,SENS_EVENT_MEASURE,14 cm,3570 mV,10 C,1 Degree,221 Times,
162,4035655,70B3D50070001777,1619747477230,FES Receiver,2021-04-30 03:51:17.408885,"['SS', 'Standalone', 'version_184']",70001777,SENS_EVENT_MEASURE,14 cm,3570 mV,10 C,0 Degree,222 Times,
161,4036086,70B3D50070001777,1619751077131,FES Receiver,2021-04-30 04:51:17.30811,"['SS', 'Standalone', 'version_184']",70001777,SENS_EVENT_MEASURE,16 cm,3560 mV,10 C,0 Degree,223 Times,
160,4036509,70B3D50070001777,1619754677034,FES Receiver,2021-04-30 05:51:17.209697,"['SS', 'Standalone', 'version_184']",70001777,SENS_EVENT_MEASURE,14 cm,3560 mV,7 C,0 Degree,224 Times,
159,4036897,70B3D50070001777,1619758276934,FES Receiver,2021-04-30 06:51:17.105203,"['SS', 'Standalone', 'version_184']",70001777,SENS_EVENT_MEASURE,14 cm,3560 mV,8 C,0 Degree,225 Times,
158,4037494,70B3D50070001777,1619765476710,FES Receiver,2021-04-30 08:51:16.876812,"['SS', 'Standalone', 'version_184']",70001777,SENS_EVENT_MEASURE,18 cm,3580 mV,11 C,0 Degree,227 Times,
157,4037618,70B3D50070001777,1619769076583,FES Receiver,2021-04-30 09:51:16.746688,"['SS', 'Standalone', 'version_184']",70001777,SENS_EVENT_MEASURE,18 cm,3600 mV,16 C,0 Degree,228 Times,
156,4038052,70B3D50070001777,1619772676415,FES Receiver,2021-04-30 10:51:16.576981,"['SS', 'Standalone', 'version_184']",70001777,SENS_EVENT_MEASURE,16 cm,3610 mV,16 C,0 Degree,229 Times,
155,4039397,70B3D50070001777,1619790675638,FES Receiver,2021-04-30 15:51:15.791832,"['SS', 'Standalone', 'version_184']",70001777,SENS_EVENT_MEASURE,20 cm,3610 mV,18 C,0 Degree,234 Times,
154,4039822,70B3D50070001777,1619794275374,FES Receiver,2021-04-30 16:51:15.519742,"['SS', 'Standalone', 'version_184']",70001777,SENS_EVENT_MEASURE,14 cm,3620 mV,18 C,0 Degree,235 Times,
153,4040233,70B3D50070001777,1619797875201,FES Receiver,2021-04-30 17:51:15.345511,"['SS', 'Standalone', 'version_184']",70001777,SENS_EVENT_MEASURE,14 cm,3610 mV,17 C,0 Degree,236 Times,
152,4040700,70B3D50070001777,1619801475053,FES Receiver,2021-04-30 18:51:15.195732,"['SS', 'Standalone', 'version_184']",70001777,SENS_EVENT_MEASURE,14 cm,3610 mV,15 C,0 Degree,237 Times,
151,4041353,70B3D50070001777,1619808676383,FES Receiver,2021-04-30 20:51:16.583066,"['SS', 'Standalone', 'version_184']",70001777,SENS_EVENT_MEASURE,16 cm,3600 mV,14 C,0 Degree,239 Times,
150,4041489,70B3D50070001777,1619812276255,FES Receiver,2021-04-30 21:51:16.45289,"['SS', 'Standalone', 'version_184']",70001777,SENS_EVENT_MEASURE,16 cm,3590 mV,13 C,0 Degree,240 Times,
149,4041891,70B3D50070001777,1619815876115,FES Receiver,2021-04-30 22:51:16.31212,"['SS', 'Standalone', 'version_184']",70001777,SENS_EVENT_MEASURE,16 cm,3590 mV,12 C,0 Degree,241 Times,
148,4042326,70B3D50070001777,1619819476005,FES Receiver,2021-04-30 23:51:16.199442,"['SS', 'Standalone', 'version_184']",70001777,SENS_EVENT_MEASURE,14 cm,3590 mV,11 C,0 Degree,242 Times,
147,4042781,70B3D50070001777,1619823075859,FES Receiver,2021-05-01 00:51:16.047814,"['SS', 'Standalone', 'version_184']",70001777,SENS_EVENT_MEASURE,16 cm,3590 mV,12 C,0 Degree,243 Times,
146,4043418,70B3D50070001777,1619830275623,FES Receiver,2021-05-01 02:51:15.807176,"['SS', 'Standalone', 'version_184']",70001777,SENS_EVENT_MEASURE,16 cm,3580 mV,11 C,0 Degree,245 Times,
145,4043551,70B3D50070001777,1619833875495,FES Receiver,2021-05-01 03:51:15.677378,"['SS', 'Standalone', 'version_184']",70001777,SENS_EVENT_MEASURE,14 cm,3580 mV,10 C,0 Degree,246 Times,
144,4043957,70B3D50070001777,1619837475380,FES Receiver,2021-05-01 04:51:15.564909,"['SS', 'Standalone', 'version_184']",70001777,SENS_EVENT_MEASURE,16 cm,3570 mV,12 C,0 Degree,247 Times,
143,4044382,70B3D50070001777,1619841075213,FES Receiver,2021-05-01 05:51:15.392431,"['SS', 'Standalone', 'version_184']",70001777,SENS_EVENT_MEASURE,16 cm,3570 mV,11 C,0 Degree,248 Times,
142,4044788,70B3D50070001777,1619844675104,FES Receiver,2021-05-01 06:51:15.279431,"['SS', 'Standalone', 'version_184']",70001777,SENS_EVENT_MEASURE,16 cm,3570 mV,11 C,0 Degree,249 Times,
141,4045442,70B3D50070001777,1619851874869,FES Receiver,2021-05-01 08:51:15.038168,"['SS', 'Standalone', 'version_184']",70001777,SENS_EVENT_MEASURE,16 cm,3600 mV,17 C,0 Degree,251 Times,
140,4045559,70B3D50070001777,1619855474706,FES Receiver,2021-05-01 09:51:14.873821,"['SS', 'Standalone', 'version_184']",70001777,SENS_EVENT_MEASURE,14 cm,3620 mV,22 C,0 Degree,252 Times,
139,4045980,70B3D50070001777,1619859074546,FES Receiver,2021-05-01 10:51:14.711856,"['SS', 'Standalone', 'version_184']",70001777,SENS_EVENT_MEASURE,10 cm,3640 mV,25 C,0 Degree,253 Times,
138,4046415,70B3D50070001777,1619862674351,FES Receiver,2021-05-01 11:51:14.513355,"['SS', 'Standalone', 'version_184']",70001777,SENS_EVENT_MEASURE,10 cm,3640 mV,25 C,0 Degree,254 Times,
137,4047239,70B3D50070001777,1619873473822,FES Receiver,2021-05-01 14:51:13.976063,"['SS', 'Standalone', 'version_184']",70001777,SENS_EVENT_MEASURE,10 cm,3630 mV,24 C,0 Degree,1 Times,
136,4047369,70B3D50070001777,1619877073654,FES Receiver,2021-05-01 15:51:13.805872,"['SS', 'Standalone', 'version_184']",70001777,SENS_EVENT_MEASURE,10 cm,3630 mV,21 C,0 Degree,2 Times,
135,4047771,70B3D50070001777,1619880673488,FES Receiver,2021-05-01 16:51:13.637211,"['SS', 'Standalone', 'version_184']",70001777,SENS_EVENT_MEASURE,10 cm,3630 mV,19 C,6 Degree,3 Times,
134,4048196,70B3D50070001777,1619884273319,FES Receiver,2021-05-01 17:51:13.467672,"['SS', 'Standalone', 'version_184']",70001777,SENS_EVENT_MEASURE,10 cm,3620 mV,18 C,0 Degree,4 Times,
133,4048659,70B3D50070001777,1619887873160,FES Receiver,2021-05-01 18:51:13.305116,"['SS', 'Standalone', 'version_184']",70001777,SENS_EVENT_MEASURE,10 cm,3620 mV,17 C,0 Degree,5 Times,
132,4049270,70B3D50070001777,1619895074479,FES Receiver,2021-05-01 20:51:14.676406,"['SS', 'Standalone', 'version_184']",70001777,SENS_EVENT_MEASURE,10 cm,3610 mV,15 C,0 Degree,7 Times,
131,4049404,70B3D50070001777,1619898674324,FES Receiver,2021-05-01 21:51:14.516562,"['SS', 'Standalone', 'version_184']",70001777,SENS_EVENT_MEASURE,10 cm,3600 mV,15 C,0 Degree,8 Times,
130,4049831,70B3D50070001777,1619902274190,FES Receiver,2021-05-01 22:51:14.380985,"['SS', 'Standalone', 'version_184']",70001777,SENS_EVENT_MEASURE,10 cm,3600 mV,15 C,0 Degree,9 Times,
129,4050265,70B3D50070001777,1619905874043,FES Receiver,2021-05-01 23:51:14.231692,"['SS', 'Standalone', 'version_184']",70001777,SENS_EVENT_MEASURE,10 cm,3600 mV,13 C,0 Degree,10 Times,
128,4050693,70B3D50070001777,1619909473920,FES Receiver,2021-05-02 00:51:14.106737,"['SS', 'Standalone', 'version_184']",70001777,SENS_EVENT_MEASURE,10 cm,3590 mV,13 C,0 Degree,11 Times,
127,4051334,70B3D50070001777,1619916673639,FES Receiver,2021-05-02 02:51:13.817878,"['SS', 'Standalone', 'version_184']",70001777,SENS_EVENT_MEASURE,10 cm,3590 mV,13 C,1 Degree,13 Times,
126,4051470,70B3D50070001777,1619920273516,FES Receiver,2021-05-02 03:51:13.693039,"['SS', 'Standalone', 'version_184']",70001777,SENS_EVENT_MEASURE,10 cm,3590 mV,13 C,0 Degree,14 Times,
125,4051903,70B3D50070001777,1619923873383,FES Receiver,2021-05-02 04:51:13.556813,"['SS', 'Standalone', 'version_184']",70001777,SENS_EVENT_MEASURE,10 cm,3590 mV,12 C,0 Degree,15 Times,
124,4052301,70B3D50070001777,1619927473254,FES Receiver,2021-05-02 05:51:13.427558,"['SS', 'Standalone', 'version_184']",70001777,SENS_EVENT_MEASURE,10 cm,3580 mV,13 C,0 Degree,16 Times,
123,4052408,70B3D50070001777,1619931073126,FES Receiver,2021-05-02 06:51:13.300669,"['SS', 'Standalone', 'version_184']",70001777,SENS_EVENT_MEASURE,10 cm,3580 mV,12 C,0 Degree,17 Times,
122,4053032,70B3D50070001777,1619938272918,FES Receiver,2021-05-02 08:51:13.083473,"['SS', 'Standalone', 'version_184']",70001777,SENS_EVENT_MEASURE,10 cm,3600 mV,15 C,0 Degree,19 Times,
121,4053169,70B3D50070001777,1619941872763,FES Receiver,2021-05-02 09:51:12.923334,"['SS', 'Standalone', 'version_184']",70001777,SENS_EVENT_MEASURE,10 cm,3620 mV,23 C,0 Degree,20 Times,
120,4053568,70B3D50070001777,1619945472583,FES Receiver,2021-05-02 10:51:12.74239,"['SS', 'Standalone', 'version_184']",70001777,SENS_EVENT_MEASURE,12 cm,3630 mV,24 C,1 Degree,21 Times,
119,4053987,70B3D50070001777,1619949072408,FES Receiver,2021-05-02 11:51:12.563904,"['SS', 'Standalone', 'version_184']",70001777,SENS_EVENT_MEASURE,10 cm,3640 mV,25 C,1 Degree,22 Times,
118,4054745,70B3D50070001777,1619959871885,FES Receiver,2021-05-02 14:51:12.031078,"['SS', 'Standalone', 'version_184']",70001777,SENS_EVENT_MEASURE,8 cm,3630 mV,19 C,2 Degree,25 Times,
117,4054865,70B3D50070001777,1619963471717,FES Receiver,2021-05-02 15:51:11.861831,"['SS', 'Standalone', 'version_184']",70001777,SENS_EVENT_MEASURE,8 cm,3620 mV,19 C,0 Degree,26 Times,
116,4055275,70B3D50070001777,1619967071557,FES Receiver,2021-05-02 16:51:11.698653,"['SS', 'Standalone', 'version_184']",70001777,SENS_EVENT_MEASURE,10 cm,3620 mV,17 C,0 Degree,27 Times,
115,4055708,70B3D50070001777,1619970671410,FES Receiver,2021-05-02 17:51:11.549308,"['SS', 'Standalone', 'version_184']",70001777,SENS_EVENT_MEASURE,10 cm,3620 mV,18 C,0 Degree,28 Times,
114,4056161,70B3D50070001777,1619974271255,FES Receiver,2021-05-02 18:51:11.391942,"['SS', 'Standalone', 'version_184']",70001777,SENS_EVENT_MEASURE,10 cm,3610 mV,16 C,1 Degree,29 Times,
113,4056772,70B3D50070001777,1619981472586,FES Receiver,2021-05-02 20:51:12.786675,"['SS', 'Standalone', 'version_184']",70001777,SENS_EVENT_MEASURE,10 cm,3590 mV,14 C,0 Degree,31 Times,
112,4056896,70B3D50070001777,1619985072454,FES Receiver,2021-05-02 21:51:12.65307,"['SS', 'Standalone', 'version_184']",70001777,SENS_EVENT_MEASURE,10 cm,3590 mV,11 C,0 Degree,32 Times,
111,4057280,70B3D50070001777,1619988672326,FES Receiver,2021-05-02 22:51:12.522035,"['SS', 'Standalone', 'version_184']",70001777,SENS_EVENT_MEASURE,10 cm,3580 mV,12 C,0 Degree,33 Times,
110,4057686,70B3D50070001777,1619992272199,FES Receiver,2021-05-02 23:51:12.391003,"['SS', 'Standalone', 'version_184']",70001777,SENS_EVENT_MEASURE,10 cm,3580 mV,11 C,0 Degree,34 Times,
109,4058771,70B3D50070001777,1620003071856,FES Receiver,2021-05-03 02:51:12.042694,"['SS', 'Standalone', 'version_184']",70001777,SENS_EVENT_MEASURE,10 cm,3570 mV,12 C,1 Degree,37 Times,
108,4058902,70B3D50070001777,1620006671755,FES Receiver,2021-05-03 03:51:11.937509,"['SS', 'Standalone', 'version_184']",70001777,SENS_EVENT_MEASURE,10 cm,3570 mV,11 C,0 Degree,38 Times,
107,4059304,70B3D50070001777,1620010271640,FES Receiver,2021-05-03 04:51:11.81937,"['SS', 'Standalone', 'version_184']",70001777,SENS_EVENT_MEASURE,10 cm,3570 mV,10 C,0 Degree,39 Times,
106,4059697,70B3D50070001777,1620013871532,FES Receiver,2021-05-03 05:51:11.710659,"['SS', 'Standalone', 'version_184']",70001777,SENS_EVENT_MEASURE,10 cm,3560 mV,9 C,0 Degree,40 Times,
105,4059800,70B3D50070001777,1620017471444,FES Receiver,2021-05-03 06:51:11.619342,"['SS', 'Standalone', 'version_184']",70001777,SENS_EVENT_MEASURE,10 cm,3560 mV,10 C,1 Degree,41 Times,
104,4060423,70B3D50070001777,1620024671368,FES Receiver,2021-05-03 08:51:11.537557,"['SS', 'Standalone', 'version_184']",70001777,SENS_EVENT_MEASURE,122 cm,3610 mV,16 C,0 Degree,43 Times,
103,4060559,70B3D50070001777,1620028271060,FES Receiver,2021-05-03 09:51:11.231482,"['SS', 'Standalone', 'version_184']",70001777,SENS_EVENT_MEASURE,122 cm,3630 mV,22 C,0 Degree,44 Times,
102,4060973,70B3D50070001777,1620031870832,FES Receiver,2021-05-03 10:51:10.996487,"['SS', 'Standalone', 'version_184']",70001777,SENS_EVENT_MEASURE,122 cm,3630 mV,27 C,0 Degree,45 Times,
101,4062153,70B3D50070001777,1620046270161,FES Receiver,2021-05-03 14:51:10.315046,"['SS', 'Standalone', 'version_184']",70001777,SENS_EVENT_MEASURE,122 cm,3630 mV,22 C,0 Degree,49 Times,
100,4062293,70B3D50070001777,1620049869993,FES Receiver,2021-05-03 15:51:10.142713,"['SS', 'Standalone', 'version_184']",70001777,SENS_EVENT_MEASURE,122 cm,3620 mV,19 C,0 Degree,50 Times,
99,4063136,70B3D50070001777,1620057069798,FES Receiver,2021-05-03 17:51:09.942212,"['SS', 'Standalone', 'version_184']",70001777,SENS_EVENT_MEASURE,122 cm,3620 mV,16 C,0 Degree,52 Times,
98,4063584,70B3D50070001777,1620060669558,FES Receiver,2021-05-03 18:51:09.7017,"['SS', 'Standalone', 'version_184']",70001777,SENS_EVENT_MEASURE,122 cm,3610 mV,18 C,0 Degree,53 Times,
97,4064219,70B3D50070001777,1620067870907,FES Receiver,2021-05-03 20:51:11.10413,"['SS', 'Standalone', 'version_184']",70001777,SENS_EVENT_MEASURE,120 cm,3600 mV,16 C,0 Degree,55 Times,
96,4064352,70B3D50070001777,1620071470899,FES Receiver,2021-05-03 21:51:11.094085,"['SS', 'Standalone', 'version_184']",70001777,SENS_EVENT_MEASURE,120 cm,3600 mV,13 C,0 Degree,56 Times,
95,4064735,70B3D50070001777,1620075070631,FES Receiver,2021-05-03 22:51:10.823261,"['SS', 'Standalone', 'version_184']",70001777,SENS_EVENT_MEASURE,120 cm,3590 mV,11 C,0 Degree,57 Times,
94,4065155,70B3D50070001777,1620078670503,FES Receiver,2021-05-03 23:51:10.690941,"['SS', 'Standalone', 'version_184']",70001777,SENS_EVENT_MEASURE,120 cm,3590 mV,11 C,0 Degree,58 Times,
93,4065591,70B3D50070001777,1620082270376,FES Receiver,2021-05-04 00:51:10.562423,"['SS', 'Standalone', 'version_184']",70001777,SENS_EVENT_MEASURE,122 cm,3590 mV,14 C,0 Degree,59 Times,
92,4066216,70B3D50070001777,1620089470247,FES Receiver,2021-05-04 02:51:10.426326,"['SS', 'Standalone', 'version_184']",70001777,SENS_EVENT_MEASURE,122 cm,3580 mV,12 C,0 Degree,61 Times,
91,4066334,70B3D50070001777,1620093070112,FES Receiver,2021-05-04 03:51:10.288541,"['SS', 'Standalone', 'version_184']",70001777,SENS_EVENT_MEASURE,122 cm,3580 mV,12 C,0 Degree,62 Times,
90,4066726,70B3D50070001777,1620096669864,FES Receiver,2021-05-04 04:51:10.040301,"['SS', 'Standalone', 'version_184']",70001777,SENS_EVENT_MEASURE,122 cm,3590 mV,14 C,0 Degree,63 Times,
89,4067137,70B3D50070001777,1620100269816,FES Receiver,2021-05-04 05:51:09.989342,"['SS', 'Standalone', 'version_184']",70001777,SENS_EVENT_MEASURE,122 cm,3590 mV,12 C,0 Degree,64 Times,
88,4067524,70B3D50070001777,1620103869599,FES Receiver,2021-05-04 06:51:09.766662,"['SS', 'Standalone', 'version_184']",70001777,SENS_EVENT_MEASURE,120 cm,3590 mV,13 C,0 Degree,65 Times,
87,4067916,70B3D50070001777,1620107469587,FES Receiver,2021-05-04 07:51:09.753451,"['SS', 'Standalone', 'version_184']",70001777,SENS_EVENT_MEASURE,122 cm,3590 mV,14 C,0 Degree,66 Times,
86,4068334,70B3D50070001777,1620111069458,FES Receiver,2021-05-04 08:51:09.621068,"['SS', 'Standalone', 'version_184']",70001777,SENS_EVENT_MEASURE,120 cm,3590 mV,14 C,0 Degree,67 Times,
85,4068455,70B3D50070001777,1620114669305,FES Receiver,2021-05-04 09:51:09.467126,"['SS', 'Standalone', 'version_184']",70001777,SENS_EVENT_MEASURE,122 cm,3600 mV,13 C,0 Degree,68 Times,
84,4069245,70B3D50070001777,1620121869035,FES Receiver,2021-05-04 11:51:09.190548,"['SS', 'Standalone', 'version_184']",70001777,SENS_EVENT_MEASURE,122 cm,3600 mV,14 C,0 Degree,70 Times,
83,4069797,70B3D50070001777,1620129068643,FES Receiver,2021-05-04 13:51:08.791751,"['SS', 'Standalone', 'version_184']",70001777,SENS_EVENT_MEASURE,118 cm,3600 mV,14 C,0 Degree,72 Times,
82,4070196,70B3D50070001777,1620132668614,FES Receiver,2021-05-04 14:51:08.766001,"['SS', 'Standalone', 'version_184']",70001777,SENS_EVENT_MEASURE,120 cm,3590 mV,15 C,0 Degree,73 Times,
81,4070332,70B3D50070001777,1620136268406,FES Receiver,2021-05-04 15:51:08.549663,"['SS', 'Standalone', 'version_184']",70001777,SENS_EVENT_MEASURE,120 cm,3600 mV,16 C,0 Degree,74 Times,
80,4070742,70B3D50070001777,1620139868251,FES Receiver,2021-05-04 16:51:08.391175,"['SS', 'Standalone', 'version_184']",70001777,SENS_EVENT_MEASURE,120 cm,3610 mV,16 C,0 Degree,75 Times,
79,4071122,70B3D50070001777,1620143468163,FES Receiver,2021-05-04 17:51:08.300379,"['SS', 'Standalone', 'version_184']",70001777,SENS_EVENT_MEASURE,122 cm,3600 mV,13 C,0 Degree,76 Times,
78,4071566,70B3D50070001777,1620147068043,FES Receiver,2021-05-04 18:51:08.180306,"['SS', 'Standalone', 'version_184']",70001777,SENS_EVENT_MEASURE,124 cm,3600 mV,15 C,0 Degree,77 Times,
77,4072331,70B3D50070001777,1620157869256,FES Receiver,2021-05-04 21:51:09.452319,"['SS', 'Standalone', 'version_184']",70001777,SENS_EVENT_MEASURE,120 cm,3590 mV,13 C,0 Degree,80 Times,
76,4072743,70B3D50070001777,1620161469128,FES Receiver,2021-05-04 22:51:09.321355,"['SS', 'Standalone', 'version_184']",70001777,SENS_EVENT_MEASURE,120 cm,3580 mV,11 C,0 Degree,81 Times,
75,4073171,70B3D50070001777,1620165069000,FES Receiver,2021-05-04 23:51:09.189766,"['SS', 'Standalone', 'version_184']",70001777,SENS_EVENT_MEASURE,120 cm,3580 mV,12 C,0 Degree,82 Times,
74,4073592,70B3D50070001777,1620168668880,FES Receiver,2021-05-05 00:51:09.067202,"['SS', 'Standalone', 'version_184']",70001777,SENS_EVENT_MEASURE,120 cm,3580 mV,10 C,0 Degree,83 Times,
73,4074222,70B3D50070001777,1620175868657,FES Receiver,2021-05-05 02:51:08.83786,"['SS', 'Standalone', 'version_184']",70001777,SENS_EVENT_MEASURE,120 cm,3570 mV,12 C,1 Degree,85 Times,
72,4074355,70B3D50070001777,1620179468536,FES Receiver,2021-05-05 03:51:08.714468,"['SS', 'Standalone', 'version_184']",70001777,SENS_EVENT_MEASURE,120 cm,3570 mV,12 C,0 Degree,86 Times,
71,4074735,70B3D50070001777,1620183068425,FES Receiver,2021-05-05 04:51:08.599853,"['SS', 'Standalone', 'version_184']",70001777,SENS_EVENT_MEASURE,120 cm,3570 mV,12 C,0 Degree,87 Times,
70,4075167,70B3D50070001777,1620186668312,FES Receiver,2021-05-05 05:51:08.49055,"['SS', 'Standalone', 'version_184']",70001777,SENS_EVENT_MEASURE,120 cm,3570 mV,12 C,0 Degree,88 Times,
69,4075960,70B3D50070001777,1620193868157,FES Receiver,2021-05-05 07:51:08.32813,"['SS', 'Standalone', 'version_184']",70001777,SENS_EVENT_MEASURE,122 cm,3570 mV,10 C,0 Degree,90 Times,
68,4076382,70B3D50070001777,1620197467957,FES Receiver,2021-05-05 08:51:08.121473,"['SS', 'Standalone', 'version_184']",70001777,SENS_EVENT_MEASURE,122 cm,3610 mV,17 C,0 Degree,91 Times,
67,4076514,70B3D50070001777,1620201068655,FES Receiver,2021-05-05 09:51:07.872338,"['SS', 'Standalone', 'version_184']",70001777,SENS_EVENT_MEASURE,118 cm,3630 mV,22 C,0 Degree,92 Times,
66,4076933,70B3D50070001777,1620204668424,FES Receiver,2021-05-05 10:51:08.722829,"['SS', 'Standalone', 'version_184']",70001777,SENS_EVENT_MEASURE,118 cm,3630 mV,24 C,0 Degree,93 Times,
65,4077345,70B3D50070001777,1620208268045,FES Receiver,2021-05-05 11:51:08.596566,"['SS', 'Standalone', 'version_184']",70001777,SENS_EVENT_MEASURE,120 cm,3640 mV,30 C,0 Degree,94 Times,
64,4078078,70B3D50070001777,1620215467651,FES Receiver,2021-05-05 13:51:08.22381,"['SS', 'Standalone', 'version_184']",70001777,SENS_EVENT_MEASURE,118 cm,3640 mV,29 C,0 Degree,96 Times,
63,4078749,70B3D50070001777,1620222667477,FES Receiver,2021-05-05 15:51:08.070147,"['SS', 'Standalone', 'version_184']",70001777,SENS_EVENT_MEASURE,116 cm,3610 mV,16 C,0 Degree,98 Times,
62,4079215,70B3D50070001777,1620226267287,FES Receiver,2021-05-05 16:51:07.89103,"['SS', 'Standalone', 'version_184']",70001777,SENS_EVENT_MEASURE,110 cm,3600 mV,15 C,0 Degree,99 Times,
61,4079690,70B3D50070001777,1620229867170,FES Receiver,2021-05-05 17:51:07.783624,"['SS', 'Standalone', 'version_184']",70001777,SENS_EVENT_MEASURE,110 cm,3600 mV,13 C,0 Degree,100 Times,
60,4080234,70B3D50070001777,1620233467027,FES Receiver,2021-05-05 18:51:07.6534,"['SS', 'Standalone', 'version_184']",70001777,SENS_EVENT_MEASURE,110 cm,3600 mV,14 C,0 Degree,101 Times,
59,4080734,70B3D50070001777,1620237066870,FES Receiver,2021-05-05 19:51:07.503708,"['SS', 'Standalone', 'version_184']",70001777,SENS_EVENT_MEASURE,106 cm,3600 mV,13 C,1 Degree,102 Times,
58,4081216,70B3D50070001777,1620240666733,FES Receiver,2021-05-05 20:51:07.381879,"['SS', 'Standalone', 'version_184']",70001777,SENS_EVENT_MEASURE,106 cm,3580 mV,13 C,0 Degree,103 Times,
57,4081387,70B3D50070001777,1620244266768,FES Receiver,2021-05-05 21:51:07.422506,"['SS', 'Standalone', 'version_184']",70001777,SENS_EVENT_MEASURE,106 cm,3580 mV,11 C,0 Degree,104 Times,
56,4081861,70B3D50070001777,1620247866579,FES Receiver,2021-05-05 22:51:07.242878,"['SS', 'Standalone', 'version_184']",70001777,SENS_EVENT_MEASURE,106 cm,3570 mV,12 C,0 Degree,105 Times,
55,4082362,70B3D50070001777,1620251466468,FES Receiver,2021-05-05 23:51:07.143577,"['SS', 'Standalone', 'version_184']",70001777,SENS_EVENT_MEASURE,106 cm,3570 mV,10 C,0 Degree,106 Times,
54,4082887,70B3D50070001777,1620255066352,FES Receiver,2021-05-06 00:51:07.039995,"['SS', 'Standalone', 'version_184']",70001777,SENS_EVENT_MEASURE,104 cm,3570 mV,9 C,0 Degree,107 Times,
53,4083376,70B3D50070001777,1620258666235,FES Receiver,2021-05-06 01:51:06.930364,"['SS', 'Standalone', 'version_184']",70001777,SENS_EVENT_MEASURE,106 cm,3570 mV,10 C,0 Degree,108 Times,
52,4083874,70B3D50070001777,1620262266131,FES Receiver,2021-05-06 02:51:06.837186,"['SS', 'Standalone', 'version_184']",70001777,SENS_EVENT_MEASURE,106 cm,3570 mV,9 C,0 Degree,109 Times,
51,4084045,70B3D50070001777,1620265866014,FES Receiver,2021-05-06 03:51:06.73097,"['SS', 'Standalone', 'version_184']",70001777,SENS_EVENT_MEASURE,106 cm,3570 mV,10 C,0 Degree,110 Times,
50,4084524,70B3D50070001777,1620269465897,FES Receiver,2021-05-06 04:51:06.62322,"['SS', 'Standalone', 'version_184']",70001777,SENS_EVENT_MEASURE,106 cm,3570 mV,9 C,0 Degree,111 Times,
49,4085025,70B3D50070001777,1620273065782,FES Receiver,2021-05-06 05:51:06.519904,"['SS', 'Standalone', 'version_184']",70001777,SENS_EVENT_MEASURE,104 cm,3560 mV,8 C,0 Degree,112 Times,
48,4085500,70B3D50070001777,1620276665684,FES Receiver,2021-05-06 06:51:06.429223,"['SS', 'Standalone', 'version_184']",70001777,SENS_EVENT_MEASURE,106 cm,3570 mV,10 C,0 Degree,113 Times,
47,4085971,70B3D50070001777,1620280265567,FES Receiver,2021-05-06 07:51:06.323933,"['SS', 'Standalone', 'version_184']",70001777,SENS_EVENT_MEASURE,104 cm,3570 mV,8 C,0 Degree,114 Times,
46,4086435,70B3D50070001777,1620283865438,FES Receiver,2021-05-06 08:51:06.204406,"['SS', 'Standalone', 'version_184']",70001777,SENS_EVENT_MEASURE,106 cm,3580 mV,11 C,0 Degree,115 Times,
45,4086609,70B3D50070001777,1620287465315,FES Receiver,2021-05-06 09:51:06.09683,"['SS', 'Standalone', 'version_184']",70001777,SENS_EVENT_MEASURE,106 cm,3590 mV,12 C,0 Degree,116 Times,
44,4087065,70B3D50070001777,1620291065084,FES Receiver,2021-05-06 10:51:05.871852,"['SS', 'Standalone', 'version_184']",70001777,SENS_EVENT_MEASURE,106 cm,3590 mV,13 C,0 Degree,117 Times,
43,4087546,70B3D50070001777,1620294664920,FES Receiver,2021-05-06 11:51:05.71632,"['SS', 'Standalone', 'version_184']",70001777,SENS_EVENT_MEASURE,106 cm,3600 mV,13 C,0 Degree,118 Times,
42,4088241,70B3D50070001777,1620301864514,FES Receiver,2021-05-06 13:51:05.331034,"['SS', 'Standalone', 'version_184']",70001777,SENS_EVENT_MEASURE,112 cm,3630 mV,17 C,0 Degree,120 Times,
41,4089060,70B3D50070001777,1620312664124,FES Receiver,2021-05-06 16:51:04.971531,"['SS', 'Standalone', 'version_184']",70001777,SENS_EVENT_MEASURE,102 cm,3600 mV,13 C,0 Degree,123 Times,
40,4089565,70B3D50070001777,1620316263980,FES Receiver,2021-05-06 17:51:04.837891,"['SS', 'Standalone', 'version_184']",70001777,SENS_EVENT_MEASURE,106 cm,3590 mV,12 C,0 Degree,124 Times,
39,4090090,70B3D50070001777,1620319863844,FES Receiver,2021-05-06 18:51:04.714544,"['SS', 'Standalone', 'version_184']",70001777,SENS_EVENT_MEASURE,114 cm,3590 mV,10 C,0 Degree,125 Times,
38,4090576,70B3D50070001777,1620323466541,FES Receiver,2021-05-06 19:51:06.757503,"['SS', 'Standalone', 'version_184']",70001777,SENS_EVENT_MEASURE,116 cm,3580 mV,11 C,0 Degree,126 Times,
37,4091072,70B3D50070001777,1620327066425,FES Receiver,2021-05-06 20:51:06.64924,"['SS', 'Standalone', 'version_184']",70001777,SENS_EVENT_MEASURE,106 cm,3580 mV,11 C,0 Degree,127 Times,
36,4091234,70B3D50070001777,1620330666291,FES Receiver,2021-05-06 21:51:06.527004,"['SS', 'Standalone', 'version_184']",70001777,SENS_EVENT_MEASURE,114 cm,3580 mV,13 C,0 Degree,128 Times,
35,4091683,70B3D50070001777,1620334266171,FES Receiver,2021-05-06 22:51:06.41819,"['SS', 'Standalone', 'version_184']",70001777,SENS_EVENT_MEASURE,108 cm,3580 mV,11 C,0 Degree,129 Times,
34,4092171,70B3D50070001777,1620337866054,FES Receiver,2021-05-06 23:51:06.315014,"['SS', 'Standalone', 'version_184']",70001777,SENS_EVENT_MEASURE,106 cm,3570 mV,10 C,0 Degree,130 Times,
33,4092688,70B3D50070001777,1620341465878,FES Receiver,2021-05-07 00:51:06.144783,"['SS', 'Standalone', 'version_184']",70001777,SENS_EVENT_MEASURE,106 cm,3570 mV,10 C,0 Degree,131 Times,
32,4093177,70B3D50070001777,1620345065761,FES Receiver,2021-05-07 01:51:06.039238,"['SS', 'Standalone', 'version_184']",70001777,SENS_EVENT_MEASURE,106 cm,3570 mV,11 C,1 Degree,132 Times,
31,4093672,70B3D50070001777,1620348665644,FES Receiver,2021-05-07 02:51:05.930341,"['SS', 'Standalone', 'version_184']",70001777,SENS_EVENT_MEASURE,106 cm,3570 mV,11 C,1 Degree,133 Times,
30,4093835,70B3D50070001777,1620352265534,FES Receiver,2021-05-07 03:51:05.831538,"['SS', 'Standalone', 'version_184']",70001777,SENS_EVENT_MEASURE,106 cm,3570 mV,10 C,0 Degree,134 Times,
29,4094310,70B3D50070001777,1620355865397,FES Receiver,2021-05-07 04:51:05.703917,"['SS', 'Standalone', 'version_184']",70001777,SENS_EVENT_MEASURE,106 cm,3570 mV,10 C,0 Degree,135 Times,
28,4094797,70B3D50070001777,1620359465293,FES Receiver,2021-05-07 05:51:05.611972,"['SS', 'Standalone', 'version_184']",70001777,SENS_EVENT_MEASURE,106 cm,3570 mV,10 C,0 Degree,136 Times,
27,4095312,70B3D50070001777,1620363065176,FES Receiver,2021-05-07 06:51:05.50429,"['SS', 'Standalone', 'version_184']",70001777,SENS_EVENT_MEASURE,106 cm,3570 mV,10 C,0 Degree,137 Times,
26,4095824,70B3D50070001777,1620366665067,FES Receiver,2021-05-07 07:51:05.404831,"['SS', 'Standalone', 'version_184']",70001777,SENS_EVENT_MEASURE,106 cm,3570 mV,9 C,0 Degree,138 Times,
25,4096365,70B3D50070001777,1620370264871,FES Receiver,2021-05-07 08:51:05.218144,"['SS', 'Standalone', 'version_184']",70001777,SENS_EVENT_MEASURE,106 cm,3600 mV,17 C,1 Degree,139 Times,
24,4096539,70B3D50070001777,1620373864546,FES Receiver,2021-05-07 09:51:04.903559,"['SS', 'Standalone', 'version_184']",70001777,SENS_EVENT_MEASURE,108 cm,3630 mV,26 C,0 Degree,140 Times,
23,4097059,70B3D50070001777,1620377464349,FES Receiver,2021-05-07 10:51:04.717411,"['SS', 'Standalone', 'version_184']",70001777,SENS_EVENT_MEASURE,104 cm,3640 mV,32 C,0 Degree,141 Times,
22,4097572,70B3D50070001777,1620381064173,FES Receiver,2021-05-07 11:51:04.553529,"['SS', 'Standalone', 'version_184']",70001777,SENS_EVENT_MEASURE,102 cm,3640 mV,26 C,0 Degree,142 Times,
21,4098264,70B3D50070001777,1620388263820,FES Receiver,2021-05-07 13:51:04.217237,"['SS', 'Standalone', 'version_184']",70001777,SENS_EVENT_MEASURE,104 cm,3640 mV,25 C,0 Degree,144 Times,
20,4098562,70B3D50070001777,1620395463654,FES Receiver,2021-05-07 15:51:04.071934,"['SS', 'Standalone', 'version_184']",70001777,SENS_EVENT_MEASURE,122 cm,3610 mV,18 C,0 Degree,146 Times,
19,4099063,70B3D50070001777,1620399063510,FES Receiver,2021-05-07 16:51:03.940368,"['SS', 'Standalone', 'version_184']",70001777,SENS_EVENT_MEASURE,122 cm,3610 mV,15 C,0 Degree,147 Times,
18,4099528,70B3D50070001777,1620402663374,FES Receiver,2021-05-07 17:51:03.812955,"['SS', 'Standalone', 'version_184']",70001777,SENS_EVENT_MEASURE,122 cm,3600 mV,15 C,0 Degree,148 Times,
17,4100032,70B3D50070001777,1620406263237,FES Receiver,2021-05-07 18:51:03.688383,"['SS', 'Standalone', 'version_184']",70001777,SENS_EVENT_MEASURE,122 cm,3600 mV,16 C,0 Degree,149 Times,
16,4102179,70B3D50070001777,1620424264437,FES Receiver,2021-05-07 23:51:04.69252,"['SS', 'Standalone', 'version_184']",70001777,SENS_EVENT_MEASURE,130 cm,3560 mV,10 C,0 Degree,154 Times,
15,4102687,70B3D50070001777,1620427864320,FES Receiver,2021-05-08 00:51:04.588379,"['SS', 'Standalone', 'version_184']",70001777,SENS_EVENT_MEASURE,134 cm,3560 mV,8 C,0 Degree,155 Times,
14,4103158,70B3D50070001777,1620431464224,FES Receiver,2021-05-08 01:51:04.499923,"['SS', 'Standalone', 'version_184']",70001777,SENS_EVENT_MEASURE,134 cm,3550 mV,7 C,0 Degree,156 Times,
13,4103855,70B3D50070001777,1620438664038,FES Receiver,2021-05-08 03:51:04.334855,"['SS', 'Standalone', 'version_184']",70001777,SENS_EVENT_MEASURE,132 cm,3550 mV,8 C,0 Degree,158 Times,
12,4104333,70B3D50070001777,1620442263934,FES Receiver,2021-05-08 04:51:04.24009,"['SS', 'Standalone', 'version_184']",70001777,SENS_EVENT_MEASURE,136 cm,3550 mV,8 C,0 Degree,159 Times,
11,4105306,70B3D50070001777,1620449463768,FES Receiver,2021-05-08 06:51:04.098123,"['SS', 'Standalone', 'version_184']",70001777,SENS_EVENT_MEASURE,130 cm,3550 mV,8 C,0 Degree,161 Times,
10,4105785,70B3D50070001777,1620453063664,FES Receiver,2021-05-08 07:51:03.999645,"['SS', 'Standalone', 'version_184']",70001777,SENS_EVENT_MEASURE,130 cm,3550 mV,7 C,0 Degree,162 Times,
9,4106284,70B3D50070001777,1620456663327,FES Receiver,2021-05-08 08:51:03.674457,"['SS', 'Standalone', 'version_184']",70001777,SENS_EVENT_MEASURE,122 cm,3600 mV,18 C,0 Degree,163 Times,
8,4106433,70B3D50070001777,1620460263151,FES Receiver,2021-05-08 09:51:03.507661,"['SS', 'Standalone', 'version_184']",70001777,SENS_EVENT_MEASURE,122 cm,3630 mV,25 C,0 Degree,164 Times,
7,4106935,70B3D50070001777,1620463862994,FES Receiver,2021-05-08 10:51:03.360788,"['SS', 'Standalone', 'version_184']",70001777,SENS_EVENT_MEASURE,124 cm,3640 mV,25 C,0 Degree,165 Times,
6,4107430,70B3D50070001777,1620467462785,FES Receiver,2021-05-08 11:51:03.160971,"['SS', 'Standalone', 'version_184']",70001777,SENS_EVENT_MEASURE,124 cm,3640 mV,26 C,1 Degree,166 Times,
5,4108372,70B3D50070001777,1620481842032,FES Receiver,2021-05-08 15:50:42.44959,"['SS', 'Standalone', 'version_184']",70001777,SENS_EVENT_MEASURE,120 cm,3630 mV,22 C,0 Degree,170 Times,
4,4109350,70B3D50070001777,1620489041819,FES Receiver,2021-05-08 17:50:42.255838,"['SS', 'Standalone', 'version_184']",70001777,SENS_EVENT_MEASURE,120 cm,3620 mV,21 C,0 Degree,172 Times,
3,4109848,70B3D50070001777,1620492641562,FES Receiver,2021-05-08 18:50:42.010261,"['SS', 'Standalone', 'version_184']",70001777,SENS_EVENT_MEASURE,118 cm,3620 mV,20 C,0 Degree,173 Times,
2,4110325,70B3D50070001777,1620496243314,FES Receiver,2021-05-08 19:50:43.529641,"['SS', 'Standalone', 'version_184']",70001777,SENS_EVENT_MEASURE,118 cm,3620 mV,16 C,0 Degree,174 Times,
1,4110808,70B3D50070001777,1620499843137,FES Receiver,2021-05-08 20:50:43.360744,"['SS', 'Standalone', 'version_184']",70001777,SENS_EVENT_MEASURE,120 cm,3610 mV,16 C,0 Degree,175 Times,
0,4110950,70B3D50070001777,1620503442973,FES Receiver,2021-05-08 21:50:43.212258,"['SS', 'Standalone', 'version_184']",70001777,SENS_EVENT_MEASURE,122 cm,3610 mV,16 C,0 Degree,176 Times,
